entropy,entropyInd,RabA,RabB,RabC,RabD,RabE,RabF,RabG,RabH,RabI,xER,xPM,
0.8684,0.4196,0.0113,0.008895,0.009409,0.01005,0.007531,0.004842,0.003547,0.005856,0.008246,0.1865,0.7438,
0.8635,0.4143,0.01016,0.008878,0.009409,0.01005,0.007531,0.004842,0.003547,0.005856,0.008246,0.1865,0.745,
0.8583,0.4159,0.009237,0.008817,0.009339,0.01003,0.007415,0.004838,0.003542,0.005856,0.008246,0.1865,0.7462,
0.8541,0.4177,0.008438,0.008746,0.00933,0.01003,0.007358,0.004838,0.003542,0.005857,0.008246,0.1865,0.7471,
0.8525,0.4221,0.008173,0.008738,0.009327,0.009961,0.007257,0.004836,0.003539,0.005854,0.00824,0.1868,0.7472,
0.8506,0.4197,0.007944,0.008703,0.009305,0.009961,0.007126,0.004832,0.003539,0.005854,0.00824,0.1868,0.7477,
0.8507,0.4186,0.008005,0.008696,0.009302,0.009961,0.007047,0.004829,0.003535,0.00585,0.008335,0.1867,0.7477,
0.848,0.4245,0.007644,0.008661,0.009278,0.009961,0.006878,0.004806,0.00353,0.005837,0.008414,0.1866,0.7483,
0.8482,0.4111,0.007562,0.00864,0.009276,0.00992,0.006826,0.004805,0.003529,0.005836,0.008696,0.1865,0.7484,
0.847,0.4096,0.007279,0.008612,0.009276,0.009898,0.006804,0.0048,0.003529,0.005836,0.008853,0.1864,0.7487,
0.8448,0.3866,0.007078,0.008548,0.009264,0.009871,0.00655,0.004791,0.003518,0.005834,0.008849,0.1867,0.749,
0.8429,0.3908,0.006702,0.008505,0.00926,0.009813,0.006395,0.004791,0.003519,0.005834,0.009206,0.1864,0.7496,
0.8419,0.3912,0.006649,0.008506,0.009214,0.009783,0.006292,0.004786,0.003519,0.005834,0.009206,0.1864,0.7498,
0.8415,0.3976,0.00655,0.008498,0.00921,0.009734,0.00629,0.004785,0.003517,0.005832,0.009203,0.1867,0.7497,
0.8401,0.3938,0.00655,0.008498,0.00921,0.009705,0.006041,0.004772,0.003517,0.005832,0.009203,0.1867,0.75,
0.8398,0.3926,0.00655,0.008498,0.00921,0.009663,0.006015,0.004772,0.003517,0.005832,0.009203,0.1867,0.75,
0.8403,0.3871,0.006573,0.008495,0.009207,0.00966,0.005862,0.004769,0.003513,0.005827,0.009499,0.1867,0.7499,
0.8409,0.382,0.006444,0.008485,0.009204,0.009641,0.005804,0.004767,0.003512,0.005825,0.009894,0.1866,0.7498,
0.8422,0.3807,0.006504,0.008484,0.009204,0.009616,0.005783,0.004762,0.003505,0.005816,0.01035,0.1861,0.7498,
0.8416,0.3804,0.006437,0.008483,0.009202,0.009564,0.005782,0.004761,0.003505,0.005816,0.01035,0.1862,0.7499,
0.842,0.3787,0.006543,0.008483,0.009145,0.009534,0.005783,0.004762,0.003505,0.005817,0.01044,0.1861,0.7499,
0.8424,0.3837,0.006534,0.008473,0.00914,0.009525,0.005779,0.004759,0.003503,0.005814,0.01044,0.1865,0.7495,
0.8424,0.3758,0.006534,0.008473,0.00914,0.009509,0.00578,0.004759,0.003503,0.005814,0.01044,0.1865,0.7495,
0.8417,0.3768,0.006428,0.008473,0.00914,0.00948,0.005779,0.004759,0.003503,0.005814,0.01044,0.1865,0.7497,
0.8414,0.3777,0.006405,0.008473,0.00914,0.00948,0.005729,0.004759,0.003503,0.005814,0.01044,0.1865,0.7497,
0.841,0.3745,0.006403,0.008461,0.009139,0.00948,0.005675,0.004754,0.003503,0.005814,0.01044,0.1865,0.7498,
0.8417,0.3764,0.006496,0.008458,0.009056,0.009442,0.005673,0.004754,0.003502,0.005813,0.01064,0.1865,0.7497,
0.8408,0.3744,0.006495,0.008457,0.009053,0.009361,0.005556,0.004753,0.003502,0.005813,0.01064,0.1865,0.7499,
0.8403,0.3738,0.006493,0.008454,0.009052,0.009309,0.005517,0.004753,0.003502,0.005813,0.01064,0.1865,0.7499,
0.8399,0.3759,0.00649,0.008452,0.009011,0.0093,0.005478,0.004753,0.003502,0.005813,0.01064,0.1865,0.75,
0.8396,0.3746,0.006489,0.008452,0.009011,0.009273,0.005461,0.004749,0.003497,0.005806,0.01063,0.1865,0.7501,
0.8405,0.3788,0.006564,0.008447,0.009019,0.009273,0.005494,0.004727,0.003485,0.006233,0.01031,0.1864,0.75,
0.8399,0.3844,0.006394,0.008442,0.009027,0.009361,0.005535,0.004663,0.003461,0.006233,0.01031,0.1864,0.7501,
0.8392,0.3883,0.006382,0.008437,0.009044,0.009347,0.005472,0.004658,0.003426,0.006608,0.009873,0.1864,0.7503,
0.8393,0.394,0.006369,0.008431,0.009059,0.009336,0.005491,0.004662,0.003404,0.007318,0.009162,0.1864,0.7503,
0.8391,0.3971,0.006283,0.008415,0.009065,0.009401,0.005527,0.004602,0.00346,0.007361,0.009063,0.1864,0.7504,
0.8391,0.4072,0.006254,0.008414,0.00908,0.009407,0.005579,0.004586,0.003446,0.007538,0.008862,0.1864,0.7504,
0.839,0.3973,0.006242,0.008404,0.009088,0.009374,0.005597,0.004585,0.003458,0.007625,0.008742,0.1865,0.7503,
0.8398,0.3947,0.006299,0.008401,0.009099,0.009442,0.005574,0.004585,0.003476,0.00782,0.008626,0.1864,0.7502,
0.8385,0.4348,0.006317,0.00839,0.0091,0.00941,0.007992,0.002176,0.003491,0.008214,0.008333,0.1864,0.7502,
0.8383,0.3979,0.006285,0.008365,0.009106,0.009427,0.007988,0.002136,0.003485,0.008464,0.008081,0.1865,0.7502,
0.8376,0.3822,0.006193,0.008358,0.009109,0.009397,0.007978,0.002122,0.003485,0.008711,0.007851,0.1865,0.7503,
0.8394,0.3751,0.006268,0.008351,0.009118,0.009382,0.007984,0.002126,0.003441,0.008702,0.008412,0.1859,0.7503,
0.8406,0.3906,0.006376,0.008344,0.009126,0.009361,0.007972,0.002179,0.003385,0.008823,0.008358,0.1863,0.7498,
0.8397,0.3991,0.006281,0.008326,0.009126,0.009335,0.007891,0.002213,0.003342,0.008884,0.008295,0.1864,0.7499,
0.84,0.383,0.006172,0.00832,0.009138,0.00932,0.007855,0.002213,0.003323,0.009063,0.008485,0.186,0.7501,
0.8387,0.3712,0.006132,0.008322,0.009147,0.009335,0.007615,0.002217,0.003312,0.009122,0.008407,0.1861,0.7503,
0.839,0.38,0.006218,0.008327,0.009152,0.009339,0.00751,0.002209,0.003299,0.009354,0.008233,0.1862,0.7502,
0.8337,0.3709,0.006173,0.008308,0.009149,0.009338,0.006504,0.002177,0.003324,0.009551,0.007979,0.1862,0.7513,
0.8343,0.376,0.006343,0.008311,0.009159,0.009338,0.006482,0.002124,0.003343,0.00977,0.007791,0.1862,0.7512,
0.8344,0.3725,0.00631,0.008311,0.009166,0.009309,0.006432,0.002124,0.003362,0.01008,0.007689,0.1859,0.7513,
0.8328,0.3707,0.006079,0.008312,0.009177,0.009346,0.0063,0.002119,0.003387,0.0103,0.007447,0.1859,0.7516,
0.8305,0.3707,0.005821,0.008313,0.009185,0.009316,0.006111,0.00211,0.003387,0.01044,0.007308,0.186,0.7521,
0.8294,0.3832,0.005815,0.008299,0.009166,0.009257,0.006045,0.002061,0.003387,0.01054,0.007201,0.186,0.7523,
0.829,0.3722,0.005812,0.008297,0.009134,0.009214,0.006001,0.002079,0.003472,0.01049,0.007152,0.186,0.7524,
0.8289,0.384,0.005811,0.008281,0.00915,0.009198,0.005982,0.003131,0.002416,0.01066,0.006977,0.186,0.7524,
0.83,0.3853,0.005875,0.008267,0.009168,0.009252,0.005982,0.00313,0.002416,0.01078,0.007055,0.1858,0.7523,
0.8323,0.3921,0.006013,0.00826,0.009179,0.009239,0.006,0.003112,0.002416,0.01081,0.007536,0.1853,0.7522,
0.8324,0.3835,0.005887,0.008248,0.009173,0.009215,0.005983,0.00308,0.002413,0.01093,0.007393,0.1862,0.7515,
0.833,0.3804,0.005863,0.008254,0.009178,0.009252,0.00596,0.003075,0.002413,0.01093,0.007589,0.186,0.7515,
0.8324,0.3749,0.005654,0.008244,0.009186,0.009156,0.005905,0.003059,0.002439,0.01096,0.007908,0.1857,0.7518,
0.8315,0.3785,0.005643,0.008231,0.009196,0.009082,0.005859,0.003051,0.002402,0.01109,0.007786,0.1857,0.752,
0.833,0.3771,0.00563,0.008218,0.009203,0.009097,0.005891,0.003072,0.002349,0.01109,0.008285,0.1852,0.752,
0.8327,0.3792,0.005489,0.008218,0.009218,0.009208,0.005845,0.003072,0.00238,0.01119,0.008153,0.1852,0.752,
0.8319,0.3769,0.005413,0.008164,0.009232,0.009259,0.00579,0.003085,0.002367,0.01126,0.00802,0.1852,0.7522,
0.8312,0.3794,0.005422,0.008163,0.009242,0.00923,0.0057,0.003063,0.002382,0.01125,0.007975,0.1853,0.7523,
0.8307,0.3788,0.005384,0.008162,0.009249,0.009249,0.005679,0.003029,0.002368,0.0113,0.007924,0.1853,0.7524,
0.8306,0.381,0.005373,0.008164,0.009257,0.009249,0.0057,0.003007,0.002368,0.0114,0.007819,0.1853,0.7524,
0.8313,0.3852,0.00559,0.008148,0.009265,0.009201,0.005746,0.002979,0.002349,0.01166,0.007559,0.1853,0.7522,
0.8294,0.3819,0.005303,0.00815,0.009274,0.009113,0.005693,0.002979,0.002386,0.01168,0.007501,0.1853,0.7526,
0.8291,0.3837,0.005285,0.008161,0.009237,0.009099,0.005712,0.002975,0.002371,0.01168,0.007501,0.1853,0.7526,
0.8304,0.383,0.005386,0.008135,0.009254,0.009085,0.005708,0.002993,0.002422,0.01192,0.007512,0.185,0.7526,
0.8312,0.3831,0.005557,0.008123,0.009258,0.009079,0.005727,0.002974,0.002487,0.01202,0.007346,0.185,0.7524,
0.8291,0.3887,0.005165,0.008116,0.009265,0.009112,0.005682,0.00297,0.00252,0.012,0.00729,0.185,0.7528,
0.8297,0.3873,0.005145,0.008114,0.009259,0.009078,0.00567,0.002985,0.002523,0.01211,0.007051,0.1861,0.7519,
0.8295,0.3742,0.005216,0.008111,0.009228,0.009036,0.005597,0.002966,0.002547,0.01209,0.007119,0.1861,0.752,
0.8285,0.3736,0.005118,0.008091,0.009252,0.009008,0.005555,0.002961,0.002584,0.01215,0.006942,0.1862,0.7521,
0.8288,0.3789,0.005249,0.008092,0.009257,0.008986,0.005903,0.002631,0.002602,0.01248,0.006598,0.1862,0.752,
0.8284,0.3853,0.005248,0.008084,0.009266,0.008986,0.005903,0.002631,0.002621,0.01296,0.006099,0.1862,0.752,
0.8296,0.374,0.00533,0.00808,0.009277,0.008986,0.005866,0.002612,0.00262,0.01302,0.006333,0.1859,0.7519,
0.8301,0.3697,0.005354,0.008072,0.009205,0.008941,0.005882,0.002596,0.002638,0.01312,0.006496,0.1857,0.752,
0.8313,0.3683,0.005389,0.008055,0.009214,0.00891,0.005897,0.003161,0.002052,0.01315,0.006656,0.186,0.7515,
0.831,0.3674,0.005363,0.00805,0.009223,0.008917,0.005878,0.003156,0.002116,0.01312,0.006576,0.1861,0.7515,
0.8302,0.3738,0.00529,0.008056,0.009226,0.008908,0.005811,0.003186,0.002179,0.01317,0.006384,0.1861,0.7517,
0.8305,0.3761,0.005365,0.008038,0.009248,0.008907,0.005741,0.003132,0.002197,0.01319,0.006487,0.186,0.7517,
0.8305,0.3751,0.005224,0.008025,0.00927,0.008898,0.005737,0.00315,0.002178,0.01331,0.006613,0.1858,0.7518,
0.83,0.3784,0.005208,0.00802,0.009255,0.008898,0.005671,0.00315,0.002178,0.0134,0.006524,0.1858,0.7519,
0.8289,0.3729,0.00505,0.008007,0.009264,0.008869,0.005662,0.003135,0.002178,0.01344,0.006487,0.1858,0.7521,
0.8286,0.3826,0.005036,0.007988,0.009284,0.008868,0.00562,0.003135,0.002215,0.01348,0.006403,0.1858,0.7522,
0.8287,0.4011,0.005104,0.007981,0.009299,0.008865,0.006601,0.002128,0.002268,0.01355,0.006417,0.1858,0.7519,
0.8284,0.3988,0.005101,0.007975,0.009304,0.008864,0.006541,0.002104,0.002263,0.01359,0.006372,0.186,0.7519,
0.8286,0.4027,0.00519,0.007969,0.009247,0.008861,0.006541,0.002126,0.002276,0.01356,0.006387,0.1859,0.7519,
0.8293,0.3812,0.005156,0.007971,0.009198,0.008854,0.00656,0.002123,0.002261,0.01362,0.006668,0.1856,0.752,
0.8287,0.3704,0.004944,0.00795,0.009091,0.008826,0.006569,0.002295,0.002116,0.0137,0.006899,0.1853,0.7523,
0.8308,0.3667,0.005131,0.007939,0.009103,0.008826,0.006503,0.00232,0.00216,0.01363,0.007295,0.1849,0.7522,
0.8307,0.3694,0.005264,0.007938,0.009112,0.008801,0.006386,0.00232,0.002178,0.01388,0.007034,0.1849,0.7522,
0.83,0.3686,0.005256,0.00794,0.009013,0.008787,0.006371,0.002316,0.002174,0.01388,0.007034,0.1849,0.7524,
0.8292,0.37,0.005112,0.00793,0.009027,0.008776,0.006371,0.002343,0.002147,0.01396,0.006954,0.1849,0.7525,
0.8289,0.3737,0.005106,0.007902,0.009036,0.008739,0.00616,0.002348,0.002163,0.014,0.006837,0.1858,0.7519,
0.8277,0.3748,0.005147,0.007888,0.00905,0.008726,0.005882,0.002384,0.002126,0.01401,0.00683,0.1858,0.7522,
0.8287,0.3778,0.005179,0.007884,0.009058,0.008713,0.005807,0.002399,0.002118,0.01414,0.007102,0.1853,0.7523,
0.8275,0.3747,0.005048,0.007885,0.009063,0.008713,0.005722,0.002724,0.001811,0.01412,0.007056,0.1854,0.7525,
0.8268,0.3799,0.00499,0.007878,0.009028,0.008731,0.005676,0.002724,0.001864,0.0143,0.006833,0.1854,0.7526,
0.8275,0.3805,0.005002,0.007866,0.009036,0.008726,0.005655,0.002686,0.001881,0.01459,0.006698,0.1857,0.7522,
0.8275,0.381,0.004959,0.007859,0.009043,0.008717,0.005551,0.002716,0.001879,0.01459,0.006878,0.1855,0.7523,
0.8267,0.3874,0.004893,0.007858,0.009047,0.008717,0.005518,0.002679,0.001926,0.01477,0.006651,0.1855,0.7525,
0.8267,0.4016,0.004883,0.007857,0.009058,0.008717,0.005537,0.00266,0.001941,0.0148,0.006605,0.1855,0.7525,
0.8279,0.3845,0.004932,0.007851,0.009067,0.00869,0.005537,0.002675,0.001944,0.01496,0.006774,0.1851,0.7524,
0.8298,0.3835,0.005048,0.007834,0.009076,0.008684,0.005551,0.002655,0.00198,0.01494,0.006942,0.1855,0.7517,
0.829,0.395,0.004911,0.007829,0.009045,0.008775,0.005562,0.002621,0.002023,0.01509,0.006687,0.1856,0.7518,
0.828,0.387,0.004732,0.007827,0.009051,0.008747,0.005562,0.002643,0.00202,0.0151,0.006656,0.1856,0.7521,
0.8277,0.3839,0.004722,0.00783,0.009058,0.008704,0.005583,0.002622,0.002056,0.01519,0.006537,0.1856,0.7521,
0.8279,0.3838,0.004737,0.007824,0.009068,0.008659,0.005598,0.002662,0.002035,0.01517,0.006589,0.1855,0.7521,
0.829,0.3848,0.004794,0.007811,0.009084,0.008645,0.005598,0.002662,0.002054,0.0152,0.006799,0.1853,0.7521,
0.8285,0.3846,0.004709,0.007808,0.009085,0.008555,0.005596,0.002661,0.002105,0.01527,0.006666,0.1856,0.752,
0.8294,0.3863,0.004705,0.007802,0.009095,0.00854,0.005581,0.002686,0.002091,0.01544,0.006855,0.1852,0.752,
0.8292,0.3844,0.004702,0.007799,0.009101,0.00854,0.005593,0.002674,0.002091,0.0155,0.006735,0.1852,0.752,
0.8289,0.3814,0.004673,0.00779,0.009108,0.008527,0.005593,0.002674,0.002215,0.01541,0.006608,0.1853,0.7521,
0.8299,0.387,0.004673,0.007794,0.009114,0.008542,0.005612,0.002692,0.002226,0.01544,0.006819,0.185,0.752,
0.8299,0.3857,0.004568,0.007784,0.009115,0.008556,0.005612,0.002704,0.002247,0.01541,0.006933,0.1849,0.7521,
0.83,0.398,0.004568,0.007771,0.009128,0.008556,0.005612,0.002748,0.002278,0.01533,0.006933,0.1849,0.7521,
0.8306,0.4014,0.004739,0.007757,0.009142,0.008556,0.005525,0.00276,0.00226,0.01559,0.006791,0.1848,0.7521,
0.8328,0.3843,0.004969,0.007752,0.009117,0.008556,0.005525,0.0028,0.002286,0.01552,0.007134,0.1845,0.7519,
0.8327,0.3867,0.004915,0.007743,0.009128,0.008597,0.005585,0.002754,0.002271,0.01559,0.007074,0.1845,0.7519,
0.8321,0.3823,0.004721,0.00773,0.009071,0.008575,0.005533,0.002739,0.002301,0.01553,0.007066,0.1854,0.7514,
0.8339,0.384,0.004866,0.007731,0.009074,0.008586,0.005531,0.002788,0.002303,0.01571,0.007077,0.1853,0.751,
0.8391,0.4559,0.004831,0.007716,0.009081,0.008598,0.005508,0.002807,0.00976,0.008381,0.006928,0.1853,0.7511,
0.8389,0.4533,0.004805,0.00771,0.00909,0.00857,0.005524,0.002791,0.009819,0.00839,0.00686,0.1853,0.7511,
0.8383,0.3857,0.004744,0.0077,0.009102,0.00857,0.005561,0.002795,0.009811,0.008386,0.006755,0.1854,0.7512,
0.8394,0.3848,0.004714,0.007702,0.009094,0.00857,0.005538,0.002795,0.00983,0.008466,0.007092,0.1849,0.7513,
0.8391,0.4066,0.004651,0.007701,0.009093,0.00855,0.005538,0.00281,0.009914,0.008597,0.006934,0.1848,0.7514,
0.8405,0.3901,0.004748,0.007692,0.009105,0.00855,0.005557,0.00279,0.009964,0.008597,0.007147,0.1846,0.7513,
0.841,0.3822,0.00474,0.007673,0.009115,0.008528,0.005595,0.002746,0.009975,0.008572,0.007142,0.1852,0.7507,
0.8419,0.4273,0.004505,0.007661,0.009121,0.008522,0.005596,0.006822,0.005937,0.008662,0.007013,0.1852,0.7509,
0.8427,0.4064,0.004535,0.007661,0.009124,0.008492,0.005595,0.006858,0.005979,0.008629,0.007131,0.1852,0.7508,
0.8421,0.4081,0.004528,0.007663,0.009127,0.008408,0.005561,0.006869,0.00601,0.008611,0.007094,0.1852,0.7509,
0.8414,0.4047,0.004448,0.007663,0.009135,0.008408,0.00552,0.006902,0.005979,0.008632,0.007054,0.1852,0.7511,
0.8404,0.4033,0.004378,0.007658,0.009146,0.008379,0.005407,0.006944,0.005938,0.008672,0.007014,0.1852,0.7513,
0.8401,0.4101,0.004351,0.007652,0.009157,0.008344,0.005455,0.006914,0.005919,0.008691,0.006996,0.1852,0.7513,
0.8402,0.4339,0.004343,0.007642,0.009167,0.008336,0.005455,0.006929,0.006121,0.008492,0.006977,0.1852,0.7513,
0.8415,0.4277,0.004401,0.007636,0.009177,0.008336,0.0054,0.006968,0.006097,0.008478,0.007375,0.1848,0.7513,
0.8417,0.3983,0.004452,0.007632,0.009183,0.008291,0.005378,0.007001,0.006054,0.008749,0.007213,0.1847,0.7514,
0.8413,0.3946,0.004391,0.00763,0.009191,0.008279,0.005387,0.007063,0.00605,0.008862,0.007031,0.1847,0.7514,
0.84,0.418,0.004385,0.007619,0.009156,0.008262,0.005413,0.009739,0.003375,0.008821,0.007027,0.1851,0.7511,
0.8413,0.411,0.004483,0.007615,0.009161,0.008293,0.005433,0.00981,0.003334,0.008898,0.007145,0.1849,0.7509,
0.8423,0.4226,0.004598,0.007603,0.009175,0.008293,0.005414,0.009858,0.003324,0.008981,0.007187,0.1847,0.7508,
0.8433,0.3705,0.004686,0.007598,0.009185,0.008293,0.005464,0.009809,0.003324,0.009112,0.007206,0.1846,0.7507,
0.8417,0.3739,0.004461,0.007592,0.009127,0.008275,0.005385,0.009837,0.003289,0.009187,0.007079,0.185,0.7507,
0.8413,0.3707,0.004388,0.007588,0.009133,0.008261,0.005421,0.00982,0.003303,0.00922,0.007014,0.1851,0.7508,
0.8411,0.3941,0.004376,0.007581,0.009103,0.008271,0.005421,0.009854,0.003331,0.009333,0.006838,0.1851,0.7508,
0.8433,0.3879,0.004464,0.007573,0.009108,0.008268,0.005418,0.009913,0.003285,0.009448,0.007137,0.185,0.7504,
0.8427,0.3996,0.004456,0.007551,0.009097,0.008228,0.005435,0.009905,0.003248,0.009592,0.006977,0.185,0.7505,
0.8422,0.3895,0.004348,0.007541,0.00911,0.008228,0.005408,0.009902,0.003233,0.009666,0.007006,0.1849,0.7507,
0.8424,0.3867,0.004274,0.007537,0.009114,0.008219,0.005361,0.009917,0.003219,0.009844,0.007108,0.1846,0.7508,
0.8422,0.3731,0.00427,0.007536,0.009119,0.008219,0.005338,0.009917,0.00329,0.009807,0.007029,0.1846,0.7508,
0.8425,0.3745,0.004263,0.007528,0.009127,0.008217,0.005365,0.009885,0.003289,0.009857,0.006973,0.1849,0.7506,
0.842,0.3768,0.004259,0.00752,0.009049,0.008189,0.005365,0.009917,0.003286,0.00986,0.00694,0.1849,0.7507,
0.8435,0.3748,0.004359,0.007514,0.009062,0.008189,0.005334,0.009895,0.003291,0.009831,0.007341,0.1845,0.7507,
0.8432,0.374,0.004296,0.007509,0.009011,0.008229,0.005332,0.009891,0.00329,0.01014,0.006979,0.1849,0.7505,
0.8421,0.3744,0.004117,0.007507,0.008982,0.008247,0.005369,0.009861,0.003324,0.0102,0.006857,0.1849,0.7507,
0.8416,0.3837,0.004113,0.007504,0.008987,0.008233,0.005345,0.01003,0.003155,0.01029,0.006748,0.1849,0.7507,
0.8416,0.3848,0.004108,0.007481,0.008993,0.008226,0.00547,0.009926,0.003137,0.01029,0.006748,0.1849,0.7507,
0.8438,0.3764,0.004387,0.007452,0.008954,0.008222,0.005486,0.01078,0.002295,0.01025,0.007276,0.1848,0.7501,
0.8433,0.3757,0.004372,0.007443,0.008912,0.008214,0.005488,0.01083,0.00226,0.01025,0.007246,0.1848,0.7502,
0.8431,0.4098,0.004251,0.007425,0.008925,0.008214,0.009823,0.0064,0.002471,0.01007,0.007214,0.1848,0.7504,
0.8427,0.3889,0.004245,0.007407,0.008934,0.008203,0.009922,0.006318,0.002484,0.01007,0.007108,0.1848,0.7505,
0.8417,0.3867,0.004073,0.007401,0.008941,0.008203,0.009959,0.006295,0.002469,0.01015,0.007029,0.1848,0.7507,
0.8418,0.3877,0.003997,0.007378,0.008955,0.008293,0.009981,0.00627,0.002482,0.01036,0.006884,0.1847,0.7507,
0.8399,0.3891,0.003913,0.007378,0.008964,0.008321,0.009647,0.006311,0.002415,0.01036,0.006884,0.1847,0.7511,
0.8318,0.398,0.003892,0.007365,0.008921,0.008333,0.00788,0.00631,0.00243,0.01034,0.006883,0.1848,0.7528,
0.8291,0.4023,0.003887,0.007362,0.008928,0.008333,0.007388,0.006249,0.002452,0.01036,0.006789,0.1848,0.7534,
0.8275,0.4029,0.003877,0.007352,0.008934,0.008333,0.007078,0.006234,0.002452,0.0104,0.006749,0.1848,0.7537,
0.826,0.4008,0.003869,0.007338,0.00894,0.008333,0.0068,0.00625,0.002418,0.01044,0.006706,0.1848,0.7541,
0.8246,0.4104,0.003901,0.007333,0.008949,0.008332,0.006441,0.006246,0.002403,0.01063,0.006615,0.1848,0.7544,
0.8264,0.4041,0.004029,0.007326,0.008956,0.00832,0.006409,0.006228,0.002414,0.01068,0.006978,0.1843,0.7543,
0.8262,0.3893,0.003948,0.00733,0.00896,0.00829,0.006321,0.00626,0.002364,0.0107,0.00722,0.1841,0.7545,
0.8262,0.4131,0.00394,0.00732,0.008965,0.008269,0.00622,0.006229,0.00242,0.01063,0.007215,0.1847,0.7541,
0.8246,0.3932,0.003776,0.007291,0.008974,0.008246,0.006152,0.006288,0.002377,0.01072,0.007068,0.1847,0.7544,
0.8236,0.4031,0.003773,0.00726,0.008883,0.008231,0.006084,0.006288,0.002377,0.01084,0.006946,0.1847,0.7546,
0.8227,0.386,0.003753,0.007233,0.0089,0.008201,0.005991,0.006267,0.002377,0.01094,0.006852,0.1847,0.7547,
0.8226,0.3871,0.003744,0.007235,0.008907,0.008186,0.006004,0.006247,0.002387,0.01091,0.006853,0.1847,0.7548,
0.8231,0.4003,0.003783,0.00723,0.008913,0.00817,0.00597,0.006239,0.00236,0.01125,0.006719,0.1847,0.7547,
0.8228,0.3868,0.00378,0.007223,0.008923,0.00817,0.006005,0.006173,0.002345,0.01125,0.006719,0.1847,0.7547,
0.8228,0.3947,0.003778,0.007219,0.00893,0.008155,0.006042,0.006136,0.002345,0.01125,0.006719,0.1847,0.7547,
0.8249,0.3877,0.004007,0.00722,0.008932,0.008154,0.006029,0.006113,0.002335,0.01131,0.006955,0.1845,0.7544,
0.8242,0.3863,0.003886,0.007217,0.008936,0.00814,0.006029,0.006113,0.002353,0.01129,0.006955,0.1845,0.7546,
0.8243,0.3875,0.003968,0.007207,0.00894,0.008127,0.006021,0.006698,0.001819,0.01127,0.007034,0.1844,0.7545,
0.8245,0.39,0.00393,0.007196,0.008945,0.008124,0.005955,0.006738,0.00177,0.01157,0.006899,0.1846,0.7543,
0.8255,0.4056,0.004,0.007191,0.008952,0.008111,0.005949,0.006701,0.0018,0.01172,0.007009,0.1843,0.7543,
0.826,0.3811,0.00408,0.007191,0.00896,0.008059,0.005971,0.006675,0.001818,0.01195,0.006873,0.1842,0.7542,
0.8253,0.3764,0.003942,0.007181,0.008965,0.008029,0.005986,0.006679,0.001903,0.01185,0.006873,0.1842,0.7544,
0.8254,0.3866,0.003874,0.007171,0.008977,0.008029,0.005997,0.006716,0.001903,0.01224,0.006621,0.184,0.7545,
0.8253,0.3865,0.003876,0.007155,0.008985,0.008017,0.006028,0.006719,0.00187,0.0124,0.006506,0.184,0.7545,
0.8264,0.3972,0.003894,0.007132,0.008993,0.008008,0.006025,0.006718,0.001888,0.01264,0.006612,0.1836,0.7545,
0.8258,0.3871,0.003695,0.007127,0.008994,0.007958,0.006021,0.006689,0.001864,0.01262,0.006605,0.1844,0.754,
0.8267,0.3744,0.003737,0.00713,0.008997,0.007943,0.006081,0.006672,0.001953,0.01249,0.006749,0.1843,0.7539,
0.8255,0.3706,0.003584,0.007123,0.009003,0.007918,0.0061,0.006653,0.00193,0.01264,0.006602,0.1843,0.7541,
0.8252,0.38,0.003575,0.007125,0.009011,0.007918,0.006096,0.006615,0.00193,0.01269,0.006531,0.1843,0.7542,
0.8248,0.3686,0.003564,0.007102,0.009019,0.007895,0.006052,0.006589,0.001984,0.01265,0.006494,0.1844,0.7542,
0.8248,0.3601,0.003544,0.007101,0.009022,0.007913,0.006107,0.00656,0.001976,0.01263,0.006494,0.1844,0.7542,
0.8243,0.3669,0.003542,0.007097,0.009029,0.007885,0.006132,0.006528,0.001997,0.01268,0.00635,0.1845,0.7543,
0.8267,0.3475,0.003716,0.007091,0.009041,0.007858,0.006181,0.006553,0.001942,0.0127,0.0068,0.184,0.7541,
0.8269,0.3472,0.003713,0.007083,0.009042,0.007854,0.006178,0.00655,0.001959,0.01267,0.006739,0.1844,0.7538,
0.8257,0.3601,0.003528,0.007073,0.009056,0.007839,0.006192,0.006513,0.001959,0.01276,0.006652,0.1844,0.754,
0.8251,0.3534,0.003514,0.007067,0.009051,0.007805,0.006167,0.006476,0.001959,0.01282,0.00659,0.1844,0.7541,
0.8279,0.3411,0.003699,0.00707,0.009051,0.007805,0.006106,0.006489,0.001916,0.01286,0.007253,0.1837,0.754,
0.8315,0.3354,0.003775,0.007058,0.009052,0.007799,0.00612,0.006465,0.002067,0.01274,0.007889,0.1837,0.7533,
0.8303,0.3438,0.003637,0.007057,0.009057,0.007799,0.006163,0.006364,0.002045,0.01277,0.007852,0.1837,0.7535,
0.8297,0.3436,0.003635,0.007048,0.008994,0.007785,0.006151,0.006338,0.002045,0.01283,0.007793,0.1837,0.7537,
0.8296,0.3436,0.003593,0.007043,0.008995,0.007803,0.006143,0.006646,0.001714,0.01282,0.007789,0.1841,0.7533,
0.8278,0.3546,0.003572,0.007041,0.008991,0.007822,0.005979,0.006575,0.001718,0.01372,0.006873,0.1841,0.7536,
0.8298,0.3398,0.003762,0.007047,0.008995,0.007822,0.005965,0.006572,0.001732,0.0137,0.007192,0.1838,0.7534,
0.8355,0.3548,0.00376,0.00705,0.008999,0.007808,0.005965,0.006586,0.00831,0.007235,0.00721,0.1837,0.7534,
0.8343,0.3419,0.003607,0.007046,0.009005,0.00778,0.005961,0.006579,0.008311,0.007241,0.00717,0.1837,0.7536,
0.8334,0.3436,0.003519,0.007035,0.008976,0.00779,0.005962,0.00658,0.008274,0.007307,0.007047,0.1838,0.7537,
0.8349,0.3548,0.003688,0.007016,0.008941,0.007786,0.008299,0.004236,0.008269,0.007333,0.007281,0.184,0.7531,
0.8349,0.3447,0.003591,0.00701,0.008951,0.007786,0.008262,0.004239,0.008318,0.007307,0.007449,0.1838,0.7533,
0.835,0.3468,0.003491,0.007008,0.008892,0.007815,0.008225,0.004249,0.008403,0.007235,0.007732,0.1835,0.7534,
0.8336,0.397,0.003395,0.006999,0.008905,0.007802,0.008243,0.004275,0.01022,0.005583,0.007464,0.1836,0.7536,
0.8334,0.398,0.003388,0.006991,0.008906,0.007757,0.008182,0.004264,0.0103,0.005602,0.007328,0.184,0.7533,
0.8334,0.4099,0.003348,0.006985,0.008915,0.007744,0.008182,0.004195,0.0103,0.005744,0.007337,0.1839,0.7533,
0.8331,0.424,0.003346,0.006971,0.008929,0.007732,0.008173,0.004164,0.01034,0.005755,0.007289,0.1839,0.7534,
0.833,0.3987,0.00334,0.00697,0.008936,0.007732,0.008168,0.004145,0.01034,0.005801,0.007243,0.1839,0.7534,
0.8328,0.376,0.003339,0.006962,0.008945,0.007717,0.008199,0.004115,0.01033,0.005782,0.007243,0.1839,0.7534,
0.8331,0.3809,0.003376,0.006951,0.008956,0.007703,0.008223,0.004091,0.01033,0.005861,0.00719,0.1839,0.7534,
0.8323,0.3736,0.003338,0.006947,0.008959,0.007661,0.008161,0.004086,0.01038,0.005812,0.00719,0.1839,0.7535,
0.8321,0.3704,0.003335,0.006944,0.008966,0.007631,0.008135,0.004104,0.01037,0.005935,0.007067,0.1839,0.7536,
0.8321,0.3561,0.003331,0.006942,0.008971,0.007617,0.008154,0.004085,0.01038,0.006225,0.006759,0.184,0.7536,
0.8317,0.3482,0.003329,0.006935,0.00898,0.007602,0.008118,0.004072,0.01039,0.006304,0.006643,0.184,0.7537,
0.8315,0.3501,0.003323,0.006932,0.008989,0.007602,0.008127,0.004039,0.01042,0.00631,0.0066,0.184,0.7537,
0.8308,0.3701,0.003322,0.006929,0.008931,0.00756,0.008113,0.004043,0.01039,0.00631,0.0066,0.184,0.7538,
0.8306,0.3725,0.003376,0.006916,0.008937,0.007546,0.007928,0.004038,0.01037,0.006371,0.006638,0.184,0.7539,
0.8298,0.3506,0.003374,0.006912,0.008944,0.007532,0.007839,0.00401,0.01036,0.006536,0.00645,0.184,0.7541,
0.8303,0.3715,0.003566,0.00692,0.008871,0.007508,0.00778,0.004028,0.01037,0.006605,0.006406,0.1839,0.754,
0.8293,0.3506,0.003502,0.006914,0.008878,0.007494,0.007676,0.004015,0.01036,0.006651,0.006341,0.184,0.7542,
0.8303,0.3443,0.003548,0.006877,0.008879,0.00745,0.0076,0.004022,0.01037,0.006638,0.006782,0.1835,0.7543,
0.8296,0.3399,0.003545,0.006874,0.008885,0.007422,0.007486,0.00407,0.0103,0.006623,0.006782,0.1835,0.7545,
0.829,0.3552,0.003543,0.006861,0.00889,0.007404,0.007305,0.00405,0.01034,0.006766,0.006587,0.1839,0.7544,
0.8278,0.3485,0.003543,0.006857,0.008895,0.007374,0.007171,0.004018,0.01033,0.006847,0.006471,0.1839,0.7546,
0.8261,0.3558,0.00336,0.006849,0.008907,0.007345,0.007005,0.004036,0.01035,0.006853,0.006464,0.1839,0.755,
0.8247,0.345,0.003317,0.006845,0.008914,0.007361,0.006858,0.004013,0.01035,0.006871,0.006323,0.184,0.7551,
0.8238,0.3485,0.003316,0.006842,0.008869,0.007361,0.006761,0.004032,0.01031,0.007111,0.006038,0.1841,0.7553,
0.8225,0.3631,0.003224,0.00682,0.008872,0.0074,0.006588,0.00405,0.01029,0.007494,0.005652,0.1841,0.7555,
0.8223,0.3763,0.003222,0.006811,0.008884,0.0074,0.006647,0.003968,0.01039,0.007535,0.005513,0.1841,0.7556,
0.8231,0.3529,0.003253,0.006767,0.008881,0.007386,0.006647,0.003968,0.01039,0.007693,0.005627,0.1838,0.7556,
0.8242,0.4065,0.003221,0.006771,0.008886,0.007386,0.006662,0.008874,0.005484,0.007797,0.005582,0.1837,0.7556,
0.8237,0.4144,0.003216,0.006762,0.008891,0.007365,0.006606,0.008925,0.005464,0.007962,0.005383,0.1837,0.7557,
0.8227,0.3792,0.003146,0.006757,0.008897,0.007365,0.006507,0.0089,0.005474,0.00815,0.005176,0.1837,0.7559,
0.821,0.399,0.003146,0.006754,0.0089,0.007365,0.006461,0.01072,0.003671,0.008303,0.005005,0.1837,0.7559,
0.8215,0.4093,0.003232,0.006739,0.008903,0.007365,0.006435,0.01074,0.003634,0.008346,0.005065,0.1836,0.7559,
0.8205,0.3968,0.003228,0.006732,0.008914,0.007365,0.006363,0.01078,0.003596,0.008466,0.00481,0.1838,0.756,
0.8197,0.4096,0.003138,0.006712,0.008919,0.007351,0.006353,0.01079,0.00359,0.008605,0.004648,0.1838,0.7561,
0.8194,0.3794,0.003103,0.006703,0.008927,0.007383,0.006287,0.01077,0.003614,0.00861,0.004617,0.1839,0.7561,
0.8177,0.3789,0.0031,0.006689,0.008867,0.007369,0.006064,0.01075,0.003611,0.008772,0.004447,0.1839,0.7564,
0.8184,0.3854,0.003132,0.00668,0.008878,0.007369,0.006011,0.01077,0.003588,0.008815,0.004627,0.1837,0.7564,
0.8199,0.3709,0.003202,0.006671,0.008878,0.007352,0.005992,0.01076,0.003617,0.008761,0.004881,0.1838,0.7561,
0.822,0.3631,0.003375,0.006667,0.008882,0.007342,0.005992,0.01077,0.003617,0.008792,0.005189,0.1835,0.7559,
0.8213,0.3675,0.003193,0.006661,0.008886,0.00734,0.00599,0.01078,0.003613,0.008893,0.005066,0.1838,0.7558,
0.822,0.3616,0.003197,0.006648,0.008889,0.007372,0.005961,0.01077,0.003586,0.008989,0.005241,0.1835,0.7558,
0.8227,0.3602,0.003277,0.006642,0.008892,0.007345,0.00592,0.01077,0.003585,0.009075,0.005334,0.1833,0.7558,
0.8213,0.3612,0.003181,0.006648,0.008841,0.007331,0.005847,0.01082,0.003537,0.009115,0.005256,0.1834,0.7561,
0.8251,0.3512,0.003373,0.006642,0.008754,0.007312,0.005764,0.0108,0.00353,0.009199,0.006019,0.1831,0.7555,
0.8268,0.3562,0.00351,0.006631,0.008764,0.007273,0.005726,0.01083,0.003492,0.009219,0.006429,0.1827,0.7555,
0.8268,0.3428,0.003505,0.006626,0.008773,0.007273,0.005726,0.01083,0.003492,0.009219,0.006429,0.1827,0.7555,
0.8269,0.3467,0.00357,0.00662,0.00878,0.007232,0.005711,0.01084,0.003525,0.009221,0.006374,0.1827,0.7555,
0.8255,0.3649,0.003344,0.006614,0.008788,0.007232,0.005797,0.01071,0.00354,0.009282,0.006298,0.1827,0.7557,
0.8255,0.3612,0.003312,0.006612,0.00879,0.007264,0.005816,0.01071,0.003521,0.009282,0.006298,0.1827,0.7557,
0.8249,0.3629,0.00321,0.006599,0.0088,0.007274,0.005834,0.01071,0.003503,0.009313,0.006268,0.1827,0.7558,
0.8254,0.3499,0.003187,0.006584,0.008793,0.007278,0.005809,0.0107,0.0035,0.009508,0.006039,0.1835,0.7551,
0.826,0.3456,0.003209,0.006582,0.008805,0.007278,0.00622,0.01026,0.003518,0.009526,0.006068,0.1834,0.7551,
0.8259,0.3316,0.003208,0.006569,0.008819,0.007278,0.006257,0.01023,0.003518,0.009654,0.00594,0.1834,0.7551,
0.8257,0.3323,0.003206,0.006566,0.008824,0.007278,0.006236,0.0102,0.003531,0.009622,0.00594,0.1834,0.7552,
0.8258,0.333,0.003205,0.006562,0.008827,0.007278,0.006336,0.0101,0.003565,0.009624,0.005903,0.1835,0.7551,
0.8243,0.3384,0.003056,0.006555,0.008765,0.007221,0.006349,0.0101,0.003532,0.009642,0.005885,0.1835,0.7554,
0.8232,0.3375,0.002934,0.006533,0.008753,0.007207,0.006401,0.01006,0.003509,0.009881,0.005638,0.1835,0.7556,
0.8241,0.3468,0.003043,0.006513,0.00872,0.007192,0.00642,0.01002,0.003508,0.009898,0.005777,0.1835,0.7554,
0.8238,0.3423,0.003016,0.006512,0.008724,0.007216,0.006458,0.009962,0.003555,0.009917,0.005658,0.1835,0.7554,
0.8238,0.3439,0.003014,0.006512,0.008728,0.007216,0.006506,0.00993,0.003574,0.009902,0.00564,0.1835,0.7555,
0.8246,0.3493,0.002977,0.006514,0.00873,0.00722,0.006525,0.009911,0.003604,0.009966,0.005826,0.1832,0.7555,
0.8218,0.3458,0.002967,0.006496,0.008731,0.007202,0.006466,0.01152,0.001972,0.009985,0.005808,0.1832,0.7556,
0.8224,0.3387,0.002915,0.006493,0.008735,0.007202,0.006517,0.0115,0.001942,0.01012,0.005968,0.1829,0.7557,
0.8225,0.3519,0.002905,0.006475,0.008737,0.007198,0.006433,0.0115,0.001985,0.01007,0.005965,0.1834,0.7553,
0.8224,0.3597,0.002875,0.006472,0.008744,0.007209,0.006451,0.01148,0.002104,0.009966,0.005875,0.1835,0.7553,
0.8219,0.3432,0.002823,0.006468,0.008749,0.007209,0.006428,0.01146,0.002104,0.01003,0.005815,0.1835,0.7554,
0.8231,0.3445,0.002961,0.006451,0.008765,0.00718,0.006419,0.01146,0.002085,0.01009,0.005934,0.1834,0.7553,
0.8258,0.3878,0.002959,0.006437,0.008781,0.007165,0.00642,0.01146,0.006755,0.005605,0.005748,0.1834,0.7553,
0.8266,0.3998,0.003081,0.006431,0.008792,0.007137,0.006361,0.0115,0.0067,0.005697,0.00582,0.1832,0.7552,
0.8254,0.3681,0.002942,0.006424,0.008799,0.007123,0.006328,0.01149,0.006755,0.005624,0.00582,0.1832,0.7555,
0.8251,0.3489,0.002941,0.006414,0.008806,0.007122,0.006248,0.01146,0.006779,0.005721,0.005685,0.1834,0.7554,
0.8244,0.3571,0.002939,0.006401,0.008809,0.007122,0.006134,0.01148,0.006828,0.005689,0.005649,0.1834,0.7556,
0.8235,0.3508,0.002936,0.006376,0.008797,0.007084,0.006018,0.01149,0.006809,0.005722,0.005616,0.1834,0.7558,
0.8218,0.3582,0.002732,0.006375,0.00876,0.007109,0.005977,0.01149,0.006795,0.005843,0.00545,0.1834,0.7561,
0.8216,0.366,0.002732,0.006366,0.008769,0.007109,0.005977,0.01149,0.006813,0.005864,0.005369,0.1834,0.7561,
0.8224,0.3594,0.00286,0.006355,0.008734,0.007086,0.005918,0.01148,0.006794,0.006262,0.00521,0.1832,0.7561,
0.8215,0.3571,0.002858,0.00635,0.008738,0.007036,0.005821,0.01147,0.006767,0.006275,0.00519,0.1832,0.7563,
0.8218,0.3689,0.002948,0.006338,0.008737,0.007018,0.005817,0.01315,0.005103,0.00657,0.005083,0.1833,0.7559,
0.8202,0.382,0.002816,0.006327,0.008751,0.006991,0.005699,0.01316,0.005124,0.006654,0.004953,0.1833,0.7562,
0.8215,0.3731,0.00289,0.006315,0.008754,0.006989,0.005686,0.01313,0.005123,0.006745,0.005094,0.1833,0.756,
0.8227,0.3662,0.003013,0.006316,0.008758,0.006992,0.005653,0.01313,0.005077,0.006779,0.005306,0.1831,0.7559,
0.8219,0.3683,0.002905,0.00631,0.008764,0.006993,0.005649,0.01314,0.005087,0.006757,0.005272,0.1831,0.7561,
0.8213,0.3415,0.002848,0.006303,0.008727,0.007006,0.00559,0.01314,0.005067,0.006887,0.005138,0.1833,0.756,
0.8233,0.3443,0.002894,0.006291,0.008736,0.00702,0.00568,0.01302,0.005083,0.006979,0.005419,0.1832,0.7557,
0.8229,0.3496,0.002894,0.006284,0.008741,0.007009,0.005599,0.01304,0.006748,0.005401,0.005312,0.1832,0.7558,
0.8217,0.349,0.002726,0.006259,0.008746,0.006996,0.005623,0.013,0.006763,0.005378,0.005312,0.1832,0.756,
0.8211,0.3507,0.002595,0.006248,0.008758,0.006996,0.005623,0.01304,0.006744,0.00536,0.005359,0.1832,0.7561,
0.8211,0.3509,0.002572,0.006234,0.008771,0.006996,0.005726,0.01295,0.006744,0.005341,0.005359,0.1832,0.7561,
0.8212,0.3574,0.002644,0.006231,0.008709,0.006993,0.005702,0.01293,0.006763,0.005369,0.005382,0.1831,0.7562,
0.8203,0.3568,0.002556,0.006223,0.008716,0.006978,0.005619,0.01294,0.006762,0.005384,0.005346,0.1832,0.7563,
0.8197,0.3542,0.002528,0.006212,0.008723,0.006959,0.005609,0.0129,0.006768,0.00544,0.005254,0.1832,0.7564,
0.8211,0.3684,0.002526,0.006213,0.008686,0.006921,0.008299,0.01002,0.006796,0.005519,0.005502,0.1829,0.7567,
0.821,0.3723,0.002522,0.006208,0.008694,0.006898,0.00835,0.009966,0.006796,0.00555,0.00547,0.1829,0.7567,
0.8205,0.3758,0.002504,0.006205,0.008692,0.006898,0.00827,0.009951,0.00674,0.005793,0.005209,0.1832,0.7566,
0.8202,0.3711,0.002503,0.006195,0.008703,0.00689,0.008347,0.009834,0.006727,0.005978,0.005024,0.1832,0.7566,
0.8219,0.3573,0.002686,0.00619,0.008707,0.006876,0.008371,0.009882,0.006681,0.00595,0.005226,0.183,0.7565,
0.8214,0.3596,0.002757,0.006182,0.008712,0.006874,0.008109,0.009867,0.00669,0.005896,0.005305,0.1831,0.7565,
0.8191,0.3727,0.002757,0.006167,0.0087,0.006863,0.007704,0.009828,0.006706,0.005885,0.005274,0.1831,0.757,
0.8137,0.3938,0.002596,0.006164,0.008702,0.006839,0.01092,0.005814,0.006688,0.005939,0.00522,0.1831,0.758,
0.8135,0.3666,0.0027,0.00616,0.008708,0.006839,0.01072,0.005796,0.006673,0.006093,0.005142,0.183,0.7581,
0.8132,0.3692,0.002692,0.00616,0.008716,0.006839,0.0107,0.00577,0.006669,0.006194,0.005018,0.183,0.7582,
0.813,0.35,0.002811,0.006148,0.008728,0.006768,0.01054,0.005807,0.006701,0.006196,0.004993,0.183,0.7583,
0.8089,0.3699,0.002811,0.006145,0.008731,0.006755,0.01298,0.00319,0.006601,0.006213,0.004905,0.183,0.7586,
0.8046,0.3525,0.002811,0.006136,0.008736,0.006744,0.01199,0.003266,0.006509,0.006195,0.004905,0.1831,0.7597,
0.7961,0.3754,0.002809,0.006115,0.008758,0.006716,0.01018,0.003191,0.006436,0.006213,0.004887,0.1831,0.7616,
0.7943,0.3761,0.002733,0.006114,0.008762,0.006716,0.009982,0.003148,0.006471,0.006179,0.004816,0.1831,0.762,
0.793,0.3762,0.002726,0.006107,0.008775,0.006715,0.009791,0.00313,0.006434,0.006179,0.004776,0.1832,0.7622,
0.7914,0.3767,0.002721,0.006085,0.008801,0.006715,0.009547,0.003087,0.006429,0.006181,0.004724,0.1832,0.7625,
0.7902,0.3821,0.002721,0.006078,0.008807,0.006702,0.009353,0.003069,0.006443,0.006229,0.004629,0.1832,0.7628,
0.7822,0.3836,0.002599,0.006065,0.008793,0.006701,0.007937,0.003045,0.006447,0.006211,0.004478,0.1832,0.7645,
0.7821,0.3852,0.002636,0.006035,0.008808,0.006688,0.007676,0.003041,0.00641,0.006376,0.004662,0.1829,0.7648,
0.7825,0.3989,0.002745,0.006037,0.008805,0.006688,0.007145,0.004075,0.005413,0.006401,0.005083,0.1824,0.7652,
0.7803,0.3963,0.002583,0.00602,0.008811,0.006675,0.006816,0.004103,0.005371,0.006401,0.0052,0.1823,0.7657,
0.7805,0.3947,0.002539,0.006008,0.008784,0.006711,0.006717,0.004118,0.005363,0.006381,0.005195,0.183,0.7652,
0.7795,0.4135,0.002539,0.006008,0.008784,0.006711,0.006594,0.005678,0.003773,0.006475,0.005068,0.183,0.7654,
0.7786,0.421,0.002537,0.006001,0.008793,0.006711,0.00642,0.005673,0.003826,0.006569,0.004921,0.183,0.7655,
0.7793,0.426,0.002701,0.00599,0.008808,0.006685,0.006378,0.005591,0.003841,0.00663,0.004983,0.1829,0.7655,
0.7785,0.4233,0.002584,0.005987,0.00881,0.006641,0.006414,0.005549,0.00384,0.006611,0.004982,0.183,0.7656,
0.7792,0.433,0.002667,0.005967,0.008816,0.006628,0.006339,0.005554,0.003868,0.00663,0.005145,0.1828,0.7656,
0.7808,0.4234,0.002686,0.005936,0.008801,0.006696,0.006343,0.005477,0.003858,0.006675,0.005431,0.1829,0.7652,
0.7797,0.427,0.002571,0.005936,0.008803,0.006708,0.00626,0.005495,0.003836,0.006647,0.005431,0.1829,0.7654,
0.7791,0.4307,0.00257,0.005926,0.008742,0.006708,0.006235,0.005517,0.003818,0.006804,0.005256,0.1829,0.7655,
0.778,0.4409,0.002476,0.005917,0.008747,0.006699,0.006096,0.005532,0.003803,0.006956,0.005169,0.1828,0.7658,
0.7776,0.434,0.002474,0.005915,0.00875,0.006698,0.006079,0.005449,0.003802,0.006974,0.00515,0.1829,0.7658,
0.7777,0.4347,0.002528,0.005909,0.008754,0.006688,0.006024,0.005446,0.003758,0.006974,0.005261,0.1828,0.7659,
0.7794,0.4405,0.002729,0.005899,0.008764,0.00669,0.005944,0.005433,0.003722,0.007043,0.00553,0.1824,0.7658,
0.7805,0.4446,0.002899,0.005895,0.008772,0.00669,0.006252,0.005121,0.003681,0.007219,0.005493,0.1823,0.7657,
0.78,0.4382,0.002699,0.005889,0.00877,0.006672,0.006263,0.005104,0.003776,0.007117,0.00549,0.1828,0.7654,
0.7781,0.4404,0.002484,0.005884,0.008775,0.006659,0.006166,0.005108,0.003758,0.007218,0.005389,0.1828,0.7658,
0.7777,0.4353,0.002446,0.00587,0.008789,0.006669,0.006138,0.005136,0.003718,0.007315,0.005292,0.1828,0.7658,
0.7763,0.4225,0.002445,0.005866,0.008731,0.006669,0.006137,0.004957,0.003672,0.007348,0.00526,0.1828,0.7661,
0.7762,0.4151,0.002493,0.005861,0.008687,0.006659,0.006103,0.004934,0.003687,0.007333,0.005321,0.1827,0.7662,
0.776,0.4189,0.00244,0.005863,0.008687,0.006646,0.005972,0.004949,0.00369,0.007382,0.005461,0.1825,0.7664,
0.7767,0.4401,0.002575,0.005863,0.008655,0.006646,0.005953,0.004948,0.003685,0.007364,0.005557,0.1824,0.7663,
0.7766,0.4444,0.002569,0.005858,0.008657,0.006605,0.005932,0.004981,0.003643,0.007361,0.005515,0.1828,0.7661,
0.7755,0.4441,0.002569,0.005846,0.008669,0.006605,0.00577,0.004951,0.00362,0.007448,0.005427,0.1828,0.7663,
0.7749,0.4335,0.002466,0.005835,0.008679,0.006578,0.005727,0.004949,0.003625,0.007422,0.005569,0.1827,0.7665,
0.7762,0.4365,0.002649,0.005829,0.008685,0.006578,0.005729,0.004935,0.003602,0.007562,0.005559,0.1825,0.7664,
0.7762,0.406,0.002636,0.00581,0.00869,0.006577,0.00568,0.004907,0.003777,0.00737,0.005709,0.1824,0.7665,
0.7757,0.4079,0.002375,0.005804,0.008691,0.006574,0.005711,0.004871,0.003776,0.007455,0.005795,0.1825,0.7664,
0.7751,0.4083,0.002316,0.0058,0.008699,0.006574,0.005704,0.004849,0.00378,0.00747,0.005745,0.1825,0.7666,
0.7746,0.4122,0.002209,0.005791,0.008708,0.006573,0.005721,0.00483,0.003797,0.007574,0.005621,0.1827,0.7665,
0.7776,0.408,0.002406,0.005789,0.00871,0.006573,0.005672,0.004848,0.003779,0.007697,0.006127,0.182,0.7664,
0.7769,0.4167,0.002378,0.005785,0.008677,0.0066,0.005659,0.005239,0.003361,0.007658,0.006119,0.182,0.7665,
0.7761,0.423,0.002179,0.005776,0.008676,0.00657,0.005655,0.005269,0.003324,0.007826,0.005941,0.1825,0.7662,
0.7792,0.4211,0.00235,0.005768,0.008678,0.006567,0.005686,0.005193,0.003323,0.007841,0.006482,0.1823,0.7658,
0.7786,0.4239,0.002347,0.005765,0.008682,0.006567,0.005561,0.005199,0.003343,0.007974,0.006306,0.1824,0.7658,
0.779,0.4213,0.002316,0.005765,0.008687,0.006554,0.005543,0.005195,0.003361,0.008056,0.006408,0.1822,0.7659,
0.7782,0.4298,0.002232,0.005751,0.008648,0.006554,0.005579,0.005182,0.003356,0.008203,0.006242,0.1822,0.766,
0.7775,0.4337,0.002166,0.005742,0.008658,0.006554,0.005561,0.005177,0.003356,0.008294,0.006111,0.1823,0.7661,
0.7798,0.4201,0.002443,0.005734,0.008666,0.00657,0.005719,0.004955,0.003378,0.008316,0.006342,0.182,0.7659,
0.7785,0.4204,0.002441,0.005729,0.008672,0.006549,0.005667,0.006265,0.002121,0.008331,0.006272,0.182,0.7659,
