entropy,entropyInd,RabA,RabB,RabC,RabD,RabE,RabF,RabG,RabH,RabI,xER,xPM,
0.8684,0.4196,0.0113,0.008895,0.009409,0.01005,0.007531,0.004842,0.003547,0.005856,0.008246,0.1865,0.7438,
0.8659,0.4205,0.01094,0.008867,0.009369,0.01005,0.007383,0.004842,0.003547,0.005856,0.008246,0.1865,0.7444,
0.8641,0.3927,0.01044,0.008804,0.009361,0.01004,0.00738,0.00484,0.003546,0.005854,0.008318,0.1867,0.7447,
0.8613,0.3899,0.009912,0.008786,0.009357,0.01004,0.007284,0.004832,0.003545,0.005854,0.008317,0.1868,0.7453,
0.8566,0.3974,0.009033,0.008747,0.00934,0.01003,0.007154,0.004832,0.003545,0.005854,0.008317,0.1868,0.7463,
0.8576,0.3957,0.009069,0.008743,0.00934,0.01001,0.007084,0.004828,0.003541,0.005854,0.008738,0.1864,0.7464,
0.8556,0.3954,0.008736,0.008741,0.009334,0.009962,0.00703,0.004828,0.003541,0.005854,0.008739,0.1864,0.7468,
0.8549,0.3916,0.008656,0.008726,0.009277,0.00993,0.006966,0.004826,0.003539,0.005851,0.008735,0.1867,0.7467,
0.8547,0.3902,0.008365,0.008687,0.009274,0.009899,0.006964,0.004825,0.003537,0.005849,0.009071,0.1867,0.7468,
0.855,0.3918,0.008417,0.008685,0.009273,0.009862,0.006964,0.004825,0.003537,0.005849,0.00916,0.1866,0.7468,
0.8539,0.3898,0.008288,0.008674,0.00921,0.009819,0.006964,0.004825,0.003537,0.00585,0.00916,0.1866,0.7471,
0.8527,0.3917,0.008086,0.008662,0.009208,0.009808,0.006919,0.004825,0.003537,0.00585,0.00916,0.1866,0.7473,
0.8526,0.3939,0.008024,0.008605,0.009185,0.009808,0.006919,0.004825,0.003537,0.00585,0.009315,0.1865,0.7475,
0.8509,0.3936,0.007631,0.008577,0.009139,0.009808,0.006871,0.004825,0.003537,0.00585,0.00953,0.1863,0.748,
0.8499,0.3937,0.007535,0.008574,0.009139,0.009782,0.006803,0.004817,0.003528,0.00585,0.00953,0.1863,0.7482,
0.8536,0.4027,0.007717,0.008563,0.009127,0.009757,0.00662,0.004811,0.003523,0.005842,0.0104,0.1865,0.7472,
0.853,0.3998,0.007671,0.008543,0.009125,0.009729,0.006512,0.004806,0.003523,0.005842,0.01051,0.1864,0.7474,
0.8513,0.3912,0.007421,0.00853,0.009107,0.009695,0.006464,0.004795,0.003523,0.005842,0.01051,0.1864,0.7477,
0.8503,0.3827,0.00732,0.008491,0.009103,0.009665,0.006414,0.004795,0.003523,0.005841,0.01054,0.1864,0.748,
0.8488,0.381,0.007129,0.008491,0.009102,0.009651,0.006298,0.004783,0.003518,0.005841,0.01054,0.1864,0.7483,
0.8483,0.386,0.007033,0.008489,0.0091,0.009648,0.006199,0.004782,0.003517,0.00584,0.01063,0.1865,0.7483,
0.8471,0.3983,0.006885,0.00848,0.009059,0.009592,0.006185,0.004778,0.003513,0.00584,0.01065,0.1864,0.7486,
0.8473,0.3931,0.006969,0.008467,0.009056,0.009559,0.006158,0.004775,0.003508,0.00584,0.01072,0.1864,0.7486,
0.8467,0.3868,0.006803,0.008465,0.009052,0.009538,0.006158,0.004775,0.003508,0.00584,0.01082,0.1863,0.7487,
0.8463,0.3857,0.006711,0.008463,0.00905,0.009536,0.006133,0.004774,0.003507,0.005839,0.01082,0.1864,0.7487,
0.8466,0.3838,0.006766,0.008463,0.009049,0.009512,0.006093,0.004774,0.003507,0.005839,0.01092,0.1864,0.7487,
0.8457,0.379,0.006675,0.00844,0.009027,0.009491,0.006054,0.004774,0.003507,0.005839,0.01092,0.1864,0.7489,
0.8467,0.3686,0.006855,0.008429,0.009017,0.009454,0.006011,0.004763,0.0035,0.005836,0.01119,0.1861,0.7488,
0.8491,0.366,0.007142,0.008405,0.009011,0.009441,0.005996,0.00476,0.003495,0.005836,0.01165,0.1856,0.7486,
0.8487,0.3912,0.006978,0.008387,0.009003,0.009433,0.00593,0.004751,0.003492,0.005831,0.01164,0.1863,0.7482,
0.8499,0.362,0.006944,0.008387,0.008965,0.009389,0.00593,0.004763,0.00348,0.005831,0.01228,0.1857,0.7483,
0.8494,0.3646,0.006939,0.008384,0.008973,0.009358,0.00582,0.004755,0.00356,0.005945,0.01208,0.1857,0.7485,
0.8492,0.3689,0.006908,0.008381,0.008983,0.009338,0.005848,0.004728,0.003579,0.00613,0.01184,0.1858,0.7485,
0.8494,0.3741,0.006898,0.008375,0.008984,0.009306,0.0058,0.004687,0.003576,0.006397,0.01156,0.1862,0.7482,
0.8496,0.3798,0.006841,0.008382,0.00899,0.009313,0.005818,0.004687,0.003557,0.006833,0.01118,0.1862,0.7482,
0.8491,0.3755,0.00676,0.008406,0.008958,0.00932,0.00585,0.004656,0.003557,0.007141,0.0108,0.1863,0.7483,
0.8493,0.3793,0.006875,0.008386,0.008971,0.009306,0.005819,0.004657,0.003558,0.007384,0.01055,0.1861,0.7483,
0.8489,0.3999,0.006768,0.00837,0.008941,0.009289,0.005837,0.004671,0.003524,0.007486,0.01048,0.1863,0.7484,
0.8486,0.3825,0.006705,0.008375,0.008944,0.009262,0.005852,0.004656,0.003543,0.00772,0.01023,0.1863,0.7484,
0.8477,0.3946,0.006542,0.00836,0.00895,0.009262,0.00589,0.004637,0.003556,0.007861,0.01001,0.1863,0.7486,
0.8474,0.3906,0.006537,0.008349,0.008951,0.009249,0.005909,0.004638,0.003538,0.00788,0.009948,0.1863,0.7487,
0.8472,0.3926,0.006533,0.008329,0.00896,0.009221,0.005965,0.004582,0.003538,0.008008,0.009821,0.1863,0.7487,
0.847,0.3848,0.00659,0.00832,0.008974,0.00918,0.005929,0.004562,0.003551,0.008073,0.009735,0.1863,0.7488,
0.8465,0.3953,0.006463,0.008319,0.008989,0.009225,0.005988,0.004521,0.003533,0.008441,0.009295,0.1864,0.7488,
0.847,0.386,0.006467,0.008311,0.008997,0.009259,0.005965,0.004539,0.003514,0.008472,0.009402,0.1863,0.7488,
0.846,0.3968,0.006292,0.008296,0.00901,0.009342,0.005905,0.004521,0.003514,0.008691,0.009145,0.1863,0.749,
0.8458,0.3995,0.006272,0.008277,0.009032,0.009344,0.00592,0.004543,0.003495,0.008899,0.00888,0.1863,0.749,
0.8454,0.403,0.006252,0.008275,0.008989,0.009363,0.005938,0.004571,0.003467,0.009063,0.008625,0.1864,0.749,
0.8456,0.414,0.00627,0.008284,0.008967,0.009397,0.005953,0.004556,0.003492,0.009332,0.008339,0.1864,0.749,
0.8446,0.4416,0.006176,0.008277,0.008903,0.009436,0.005949,0.004538,0.003492,0.01039,0.007283,0.1864,0.7492,
0.8452,0.4264,0.006274,0.008265,0.00891,0.009446,0.005905,0.004569,0.003461,0.01042,0.007331,0.1863,0.7491,
0.8453,0.4065,0.006237,0.008261,0.008873,0.00943,0.005924,0.004527,0.003487,0.01057,0.00737,0.1861,0.7492,
0.8461,0.4016,0.006108,0.008261,0.008879,0.009444,0.005921,0.004525,0.003485,0.01065,0.007543,0.1863,0.7489,
0.846,0.417,0.006118,0.008253,0.008895,0.009431,0.00588,0.006246,0.001764,0.01074,0.007882,0.1858,0.749,
0.8456,0.3995,0.006016,0.008258,0.008902,0.009466,0.00588,0.006246,0.001801,0.011,0.007584,0.1858,0.749,
0.8468,0.4,0.005992,0.008261,0.008909,0.009466,0.005876,0.006227,0.001826,0.01113,0.007868,0.1854,0.7491,
0.8462,0.3982,0.005982,0.008261,0.008919,0.009466,0.005775,0.006223,0.001807,0.01113,0.007868,0.1854,0.7492,
0.8456,0.403,0.005881,0.008256,0.008927,0.009455,0.00579,0.006181,0.001807,0.01117,0.007835,0.1854,0.7493,
0.8455,0.3986,0.005875,0.008258,0.008931,0.009455,0.005858,0.006113,0.001807,0.0113,0.007697,0.1854,0.7493,
0.8447,0.4017,0.005866,0.008261,0.008937,0.009443,0.006972,0.004879,0.001802,0.0113,0.007697,0.1854,0.7494,
0.846,0.3774,0.005926,0.008262,0.008947,0.009432,0.00701,0.004842,0.001802,0.01134,0.008013,0.185,0.7494,
0.8464,0.3676,0.005901,0.008231,0.008946,0.009403,0.006993,0.004755,0.0018,0.01143,0.007896,0.186,0.7486,
0.8462,0.3652,0.005887,0.008239,0.008952,0.009403,0.0068,0.004756,0.001781,0.01148,0.008123,0.1857,0.7488,
0.8457,0.3687,0.005733,0.008243,0.008953,0.00948,0.006794,0.004772,0.00177,0.01208,0.007489,0.186,0.7487,
0.8447,0.3629,0.005849,0.008243,0.008964,0.00948,0.006354,0.004737,0.001795,0.01209,0.007646,0.1858,0.749,
0.8446,0.3579,0.005838,0.008247,0.008971,0.009466,0.006335,0.004798,0.001773,0.01205,0.007645,0.1858,0.7491,
0.8439,0.3556,0.005764,0.008241,0.008977,0.009466,0.006272,0.004792,0.0018,0.01201,0.007645,0.1858,0.7492,
0.8433,0.3594,0.005791,0.008236,0.008985,0.009466,0.006198,0.004806,0.001767,0.01221,0.007414,0.1858,0.7493,
0.8423,0.3607,0.005714,0.008234,0.008987,0.009519,0.006008,0.004764,0.001931,0.01215,0.007302,0.1858,0.7495,
0.8413,0.3649,0.005706,0.008237,0.008992,0.009489,0.005896,0.004717,0.00202,0.01248,0.00688,0.1858,0.7497,
0.8415,0.365,0.005686,0.008231,0.008974,0.009469,0.005828,0.004694,0.002084,0.01242,0.00711,0.1856,0.7499,
0.8417,0.3665,0.005719,0.008237,0.008981,0.009398,0.005843,0.004656,0.002103,0.01265,0.007038,0.1855,0.7499,
0.8415,0.3696,0.005689,0.008223,0.008979,0.009304,0.005794,0.004648,0.002101,0.01277,0.006927,0.1859,0.7496,
0.8413,0.3769,0.005562,0.00821,0.008977,0.009289,0.005775,0.004642,0.002101,0.01284,0.007025,0.1859,0.7497,
0.8445,0.3801,0.005771,0.008208,0.008981,0.009251,0.005726,0.004612,0.002101,0.01296,0.007722,0.1852,0.7494,
0.8475,0.4574,0.005761,0.008213,0.008986,0.009251,0.005745,0.004649,0.01078,0.004319,0.007635,0.1852,0.7494,
0.8467,0.3654,0.005757,0.008201,0.008989,0.009236,0.005712,0.004614,0.01079,0.004474,0.007361,0.1853,0.7495,
0.8454,0.3643,0.005558,0.008189,0.008942,0.009191,0.005728,0.004593,0.01086,0.004416,0.007223,0.1859,0.7494,
0.8452,0.3632,0.005503,0.008187,0.008951,0.009197,0.005776,0.004547,0.01086,0.004491,0.007149,0.1858,0.7495,
0.8443,0.3669,0.005493,0.008191,0.008955,0.009169,0.006746,0.003515,0.01086,0.00461,0.007031,0.1858,0.7496,
0.8443,0.37,0.005489,0.008185,0.008965,0.009154,0.006764,0.003496,0.01089,0.004611,0.007,0.1858,0.7496,
0.8441,0.3755,0.00547,0.008187,0.008982,0.009154,0.006764,0.003473,0.01089,0.00467,0.006942,0.1858,0.7496,
0.8438,0.3758,0.005466,0.008181,0.008991,0.009142,0.006697,0.003491,0.01089,0.004651,0.006942,0.1858,0.7497,
0.8438,0.3778,0.005435,0.008172,0.009,0.00913,0.00661,0.003505,0.01091,0.004789,0.006965,0.1857,0.7498,
0.8445,0.3821,0.005398,0.008158,0.009007,0.009187,0.006534,0.003544,0.01087,0.004882,0.007023,0.1858,0.7496,
0.844,0.396,0.005281,0.008159,0.009016,0.009262,0.00648,0.003573,0.01085,0.004882,0.007003,0.1858,0.7497,
0.8459,0.3886,0.005429,0.008159,0.00902,0.009251,0.006419,0.003567,0.01084,0.00494,0.007414,0.1853,0.7496,
0.8451,0.3875,0.005328,0.008153,0.009025,0.009337,0.006365,0.003533,0.01084,0.004966,0.007318,0.1854,0.7497,
0.8447,0.3813,0.005231,0.008145,0.008993,0.009303,0.0064,0.003495,0.01083,0.005117,0.007163,0.1857,0.7496,
0.841,0.3766,0.005129,0.008131,0.008997,0.009273,0.005613,0.00346,0.0108,0.005172,0.007431,0.1854,0.7506,
0.8426,0.3744,0.005228,0.008107,0.009012,0.009192,0.005651,0.003419,0.01083,0.005138,0.007793,0.1853,0.7503,
0.8417,0.3685,0.005114,0.008096,0.009017,0.009177,0.005605,0.003419,0.01086,0.005145,0.007758,0.1853,0.7505,
0.8418,0.3628,0.005165,0.008098,0.008951,0.009192,0.005638,0.003386,0.01088,0.00513,0.007803,0.1853,0.7505,
0.8425,0.3611,0.00529,0.00809,0.008961,0.009169,0.005584,0.003378,0.01088,0.005232,0.007821,0.1852,0.7504,
0.8408,0.3676,0.005068,0.008084,0.008902,0.0091,0.005561,0.00339,0.01087,0.005395,0.007655,0.1852,0.7508,
0.8425,0.3662,0.004956,0.008054,0.008903,0.009109,0.005555,0.003359,0.01085,0.005491,0.00802,0.1855,0.7502,
0.8414,0.373,0.004841,0.008044,0.008918,0.009086,0.005517,0.003328,0.01092,0.005437,0.008002,0.1855,0.7504,
0.8423,0.3555,0.004806,0.008037,0.008926,0.009206,0.005499,0.003342,0.01096,0.005442,0.008123,0.1854,0.7503,
0.8417,0.3607,0.004795,0.008041,0.008917,0.009206,0.00538,0.003324,0.01094,0.00553,0.008126,0.1853,0.7505,
0.8411,0.3618,0.004687,0.008036,0.008929,0.00921,0.005413,0.003286,0.01094,0.005547,0.008092,0.1853,0.7506,
0.8412,0.3707,0.004677,0.008025,0.008928,0.009186,0.005428,0.003299,0.0109,0.005595,0.008035,0.1855,0.7504,
0.8424,0.3683,0.004873,0.008027,0.008938,0.009176,0.005407,0.003309,0.01088,0.005739,0.007983,0.1854,0.7503,
0.8425,0.375,0.004865,0.008024,0.008946,0.009163,0.005406,0.003324,0.01087,0.005831,0.007887,0.1855,0.7502,
0.8422,0.374,0.004865,0.008022,0.008899,0.009163,0.005443,0.003287,0.01087,0.005902,0.007816,0.1855,0.7503,
0.8423,0.3778,0.004855,0.00802,0.008904,0.009155,0.005443,0.003327,0.01083,0.006168,0.007551,0.1855,0.7503,
0.8413,0.3821,0.004746,0.007991,0.008835,0.009132,0.005462,0.003363,0.01077,0.00659,0.007129,0.1855,0.7505,
0.8401,0.3865,0.004744,0.007982,0.008844,0.009104,0.00637,0.002403,0.01072,0.006748,0.00697,0.1855,0.7506,
0.8399,0.3798,0.004742,0.007975,0.008853,0.00909,0.006347,0.002403,0.01074,0.006784,0.006915,0.1855,0.7506,
0.8396,0.3744,0.004723,0.00797,0.008857,0.00907,0.006346,0.002445,0.01072,0.007019,0.006609,0.1856,0.7507,
0.8421,0.3631,0.00482,0.007964,0.008826,0.009045,0.006392,0.002399,0.01072,0.007019,0.007335,0.1848,0.7506,
0.8419,0.3615,0.004818,0.007959,0.008833,0.00902,0.006401,0.002383,0.0107,0.007148,0.007205,0.1848,0.7507,
0.8413,0.3597,0.004813,0.007952,0.008797,0.009005,0.006339,0.002383,0.01074,0.007144,0.00717,0.1849,0.7508,
0.8423,0.3586,0.00488,0.007945,0.008808,0.008974,0.0062,0.002382,0.01076,0.0071,0.007642,0.1844,0.7509,
0.841,0.3623,0.00476,0.007929,0.008818,0.008931,0.006183,0.002365,0.01075,0.007057,0.007641,0.1844,0.7512,
0.8404,0.3616,0.004858,0.00792,0.008736,0.008861,0.006115,0.002367,0.01073,0.007107,0.007592,0.1844,0.7513,
0.8403,0.3613,0.004846,0.00792,0.008747,0.008861,0.006111,0.002367,0.0108,0.007058,0.007558,0.1844,0.7513,
0.8406,0.3691,0.004838,0.007911,0.008739,0.008838,0.005957,0.002438,0.01075,0.007062,0.0075,0.1853,0.7506,
0.8392,0.3738,0.004797,0.007897,0.008693,0.008822,0.005814,0.002459,0.01072,0.007289,0.00724,0.1854,0.7509,
0.8388,0.3604,0.004792,0.007882,0.008705,0.008812,0.005814,0.002429,0.01071,0.007316,0.007175,0.1854,0.751,
0.8381,0.3678,0.004739,0.007862,0.008685,0.008839,0.005754,0.002432,0.0107,0.007317,0.007175,0.1854,0.7511,
0.8381,0.363,0.004914,0.007859,0.008688,0.008808,0.006034,0.001777,0.0107,0.007393,0.007496,0.1853,0.751,
0.837,0.3637,0.004866,0.007819,0.0087,0.008809,0.005893,0.001765,0.01072,0.00757,0.007301,0.1853,0.7513,
0.8352,0.3659,0.004657,0.007804,0.00871,0.008782,0.005795,0.001778,0.01069,0.007659,0.007184,0.1853,0.7516,
0.8351,0.3694,0.004657,0.007783,0.008731,0.008782,0.005776,0.001841,0.01066,0.007803,0.007005,0.1853,0.7516,
0.8385,0.4238,0.004682,0.007781,0.008738,0.008782,0.005692,0.007009,0.005482,0.008081,0.006826,0.1852,0.7517,
0.8392,0.4231,0.004797,0.007781,0.008744,0.008757,0.005674,0.007042,0.005423,0.008134,0.006859,0.1853,0.7515,
0.8375,0.4581,0.004756,0.007762,0.008758,0.008757,0.00554,0.008481,0.00401,0.008136,0.006783,0.1853,0.7517,
0.8367,0.4399,0.004744,0.007759,0.008687,0.008743,0.005511,0.00849,0.003976,0.008131,0.006783,0.1853,0.7518,
0.8362,0.3842,0.004713,0.007762,0.008676,0.008739,0.005469,0.008634,0.00386,0.008115,0.006766,0.1853,0.7519,
0.8376,0.3651,0.004778,0.007749,0.008683,0.008712,0.00546,0.008633,0.003839,0.008406,0.006776,0.1853,0.7516,
0.8364,0.3656,0.004565,0.007749,0.008688,0.008683,0.00546,0.008633,0.003869,0.008417,0.006735,0.1853,0.7519,
0.8359,0.3655,0.004486,0.007757,0.008695,0.008669,0.005461,0.008634,0.00395,0.008474,0.006599,0.1853,0.752,
0.8357,0.3533,0.004477,0.007762,0.00866,0.008669,0.005479,0.008615,0.00395,0.00857,0.006503,0.1853,0.752,
0.8355,0.3543,0.004477,0.007754,0.008638,0.008669,0.005516,0.008593,0.003954,0.008606,0.006402,0.1853,0.7521,
0.8368,0.3583,0.004533,0.00775,0.008643,0.008713,0.005544,0.008647,0.003907,0.008894,0.006384,0.185,0.752,
0.8365,0.3511,0.00452,0.007739,0.008655,0.008709,0.005504,0.008688,0.003865,0.008928,0.006349,0.185,0.752,
0.8388,0.3442,0.004625,0.007733,0.008605,0.008689,0.005463,0.008702,0.00386,0.008903,0.007069,0.1843,0.7521,
0.8387,0.3608,0.004624,0.007732,0.008607,0.008673,0.005494,0.008738,0.003824,0.008926,0.007015,0.1843,0.7521,
0.8389,0.3659,0.004617,0.007717,0.008539,0.008612,0.005515,0.008715,0.003825,0.009059,0.006822,0.1851,0.7515,
0.8385,0.3676,0.004612,0.007711,0.00855,0.008612,0.005464,0.008679,0.003825,0.009059,0.006822,0.1851,0.7516,
0.838,0.3642,0.004578,0.007691,0.008534,0.008629,0.005469,0.008653,0.0038,0.009059,0.006822,0.1851,0.7517,
0.8398,0.3686,0.00466,0.007681,0.008544,0.008616,0.005469,0.008665,0.003765,0.009099,0.007275,0.1846,0.7516,
0.8388,0.364,0.004654,0.007666,0.008556,0.008596,0.005461,0.008691,0.00374,0.009155,0.006964,0.1849,0.7516,
0.8387,0.3748,0.004654,0.007666,0.008569,0.00863,0.00546,0.00966,0.002794,0.009476,0.006852,0.1846,0.7516,
0.8373,0.377,0.004512,0.007657,0.008578,0.00866,0.005342,0.009631,0.002794,0.009619,0.00671,0.1846,0.7519,
0.8375,0.3904,0.004497,0.007662,0.008578,0.008656,0.005386,0.009599,0.002812,0.009615,0.006608,0.185,0.7515,
0.8378,0.3905,0.004457,0.007671,0.00858,0.008671,0.005359,0.009617,0.002774,0.009633,0.006787,0.1849,0.7516,
0.8385,0.3926,0.004531,0.00768,0.008584,0.008659,0.005362,0.009636,0.002729,0.009701,0.006858,0.1847,0.7515,
0.8416,0.3821,0.00477,0.007672,0.008594,0.008648,0.005313,0.009656,0.00268,0.0097,0.007587,0.184,0.7514,
0.8416,0.3742,0.00483,0.007667,0.008598,0.008606,0.005341,0.00966,0.002641,0.009728,0.007552,0.184,0.7514,
0.8417,0.3705,0.004935,0.007661,0.008607,0.008531,0.00534,0.00968,0.002621,0.01007,0.007208,0.184,0.7513,
0.8428,0.3699,0.005027,0.007655,0.008606,0.008508,0.005346,0.009599,0.002618,0.01008,0.007182,0.1849,0.7505,
0.8425,0.3781,0.005027,0.00764,0.008619,0.008469,0.005305,0.009617,0.002695,0.01005,0.007113,0.1849,0.7506,
0.8413,0.376,0.004817,0.007643,0.008622,0.008444,0.005363,0.009602,0.002681,0.01007,0.007056,0.1849,0.7508,
0.8413,0.3816,0.004789,0.007637,0.008637,0.008449,0.005382,0.009584,0.002681,0.01007,0.007056,0.1849,0.7508,
0.8399,0.3796,0.004859,0.007635,0.008641,0.008453,0.005046,0.009509,0.00268,0.01007,0.007118,0.1849,0.7511,
0.8418,0.3722,0.004904,0.007629,0.008651,0.008426,0.005023,0.009509,0.00268,0.01021,0.007567,0.1843,0.7511,
0.8411,0.378,0.004758,0.007626,0.008655,0.008437,0.005039,0.009494,0.00268,0.01021,0.007567,0.1843,0.7512,
0.8401,0.3703,0.00461,0.007614,0.00867,0.008437,0.005027,0.009491,0.002653,0.01021,0.007567,0.1843,0.7514,
0.8411,0.3846,0.00472,0.007606,0.008681,0.008406,0.005064,0.009472,0.002711,0.01013,0.007693,0.1842,0.7513,
0.8411,0.3758,0.004633,0.007594,0.008677,0.008362,0.005041,0.009551,0.002617,0.01035,0.007556,0.1847,0.7509,
0.8404,0.3676,0.004627,0.007582,0.008636,0.008332,0.005022,0.009518,0.002637,0.01037,0.007507,0.1847,0.7511,
0.8412,0.3699,0.004706,0.007576,0.008642,0.008303,0.005002,0.009519,0.002617,0.01047,0.007545,0.1848,0.7509,
0.8411,0.3646,0.004703,0.007568,0.008653,0.008303,0.005016,0.009495,0.002617,0.01049,0.007509,0.1848,0.7509,
0.841,0.3653,0.004701,0.007552,0.008661,0.008282,0.005007,0.009484,0.002632,0.01042,0.007592,0.1847,0.7509,
0.8416,0.3671,0.004721,0.007553,0.008667,0.008282,0.005026,0.009484,0.002614,0.01045,0.007706,0.1846,0.7509,
0.8415,0.3771,0.004716,0.007548,0.008676,0.008252,0.005044,0.009494,0.002602,0.01051,0.007628,0.1847,0.7508,
0.8398,0.373,0.004412,0.007524,0.008658,0.008241,0.0051,0.009436,0.00262,0.01054,0.00758,0.1847,0.7512,
0.8389,0.3663,0.004232,0.007521,0.008662,0.008276,0.005111,0.00944,0.002634,0.01049,0.007551,0.1848,0.7513,
0.8386,0.3694,0.00421,0.007513,0.008669,0.008269,0.005114,0.009436,0.002683,0.01059,0.007375,0.1848,0.7514,
0.8406,0.4164,0.004197,0.007504,0.008608,0.00827,0.005132,0.009396,0.007505,0.005903,0.007244,0.1847,0.7515,
0.8408,0.4127,0.004222,0.007496,0.008612,0.00827,0.005184,0.01028,0.006611,0.005909,0.007305,0.1846,0.7515,
0.8412,0.4249,0.004262,0.007481,0.008627,0.00827,0.005175,0.01031,0.006648,0.00597,0.007278,0.1845,0.7515,
0.8414,0.4234,0.004259,0.00747,0.008636,0.008253,0.005225,0.01025,0.006683,0.006196,0.007012,0.1847,0.7513,
0.841,0.4073,0.004143,0.007469,0.008649,0.008249,0.005369,0.01011,0.006886,0.006068,0.006938,0.1847,0.7514,
0.8406,0.3999,0.004097,0.007464,0.008662,0.008257,0.00544,0.01002,0.006929,0.006067,0.006844,0.1848,0.7515,
0.8402,0.3976,0.004095,0.007455,0.008671,0.008246,0.005457,0.009974,0.006944,0.006052,0.006784,0.1848,0.7515,
0.8411,0.3981,0.004173,0.00745,0.008679,0.008272,0.005517,0.009898,0.006977,0.006128,0.00683,0.1846,0.7515,
0.8415,0.397,0.004305,0.007447,0.008684,0.008272,0.005587,0.009753,0.006965,0.006186,0.006787,0.1845,0.7515,
0.841,0.3903,0.004301,0.007438,0.008698,0.008258,0.005575,0.009729,0.006965,0.006329,0.006582,0.1846,0.7515,
0.8395,0.3975,0.004044,0.007437,0.008703,0.008258,0.005545,0.009744,0.006957,0.006552,0.006335,0.1846,0.7518,
0.8391,0.37,0.004036,0.007426,0.008707,0.008225,0.005489,0.009725,0.006971,0.006683,0.006188,0.1847,0.7518,
0.8384,0.375,0.004029,0.007425,0.008715,0.008181,0.005408,0.009737,0.006952,0.006713,0.006157,0.1847,0.7519,
0.8384,0.3749,0.003993,0.00742,0.008723,0.008167,0.005423,0.009722,0.006952,0.006775,0.006145,0.1847,0.752,
0.8382,0.369,0.003986,0.00742,0.008728,0.008132,0.005441,0.009751,0.006904,0.006773,0.006141,0.1847,0.752,
0.8383,0.3617,0.003768,0.007422,0.008734,0.008274,0.005458,0.009733,0.008301,0.005476,0.00622,0.1847,0.7519,
0.8381,0.3653,0.003762,0.007418,0.008745,0.008274,0.005473,0.009709,0.008307,0.005451,0.006202,0.1847,0.7519,
0.8416,0.3725,0.003986,0.007414,0.008754,0.008259,0.005507,0.009667,0.008424,0.005579,0.006678,0.184,0.7517,
0.8419,0.3626,0.003944,0.007388,0.008761,0.008249,0.005525,0.009638,0.008452,0.005542,0.006674,0.1846,0.7513,
0.8427,0.3633,0.004019,0.007377,0.008774,0.008249,0.005617,0.009546,0.008513,0.005514,0.006728,0.1845,0.7512,
0.8428,0.3805,0.004015,0.007368,0.008784,0.008248,0.005687,0.009494,0.008564,0.005615,0.006556,0.1846,0.7511,
0.8423,0.3754,0.003934,0.007363,0.008791,0.008221,0.005742,0.00949,0.008537,0.005678,0.006468,0.1846,0.7512,
0.8418,0.3673,0.003931,0.007363,0.008794,0.008192,0.005785,0.009382,0.008552,0.005718,0.006395,0.1846,0.7513,
0.8405,0.3777,0.003778,0.007354,0.008801,0.008184,0.005856,0.009373,0.009233,0.005035,0.006307,0.1846,0.7515,
0.8403,0.378,0.003773,0.007352,0.008807,0.008184,0.005837,0.009397,0.009182,0.005066,0.006277,0.1846,0.7516,
0.8414,0.3934,0.003837,0.007347,0.008813,0.008169,0.005862,0.009373,0.009182,0.005162,0.006432,0.1843,0.7515,
0.842,0.3936,0.003903,0.007346,0.008818,0.008154,0.005918,0.009334,0.009129,0.005458,0.006248,0.1842,0.7515,
0.8434,0.396,0.004014,0.007342,0.008825,0.008168,0.00601,0.00926,0.009151,0.005766,0.006095,0.184,0.7514,
0.8452,0.3937,0.004155,0.007338,0.008831,0.008168,0.006121,0.009184,0.009117,0.005808,0.00636,0.1837,0.7512,
0.8448,0.3995,0.004151,0.007323,0.008842,0.008134,0.006135,0.009146,0.009186,0.005774,0.006287,0.1838,0.7513,
0.8451,0.3976,0.00391,0.007308,0.008846,0.008219,0.006114,0.0091,0.009204,0.005895,0.006279,0.1844,0.7507,
0.844,0.3733,0.003766,0.007294,0.008861,0.008204,0.006087,0.009058,0.009204,0.005991,0.006182,0.1844,0.7509,
0.8433,0.3614,0.003758,0.00729,0.008872,0.00819,0.00601,0.009015,0.009204,0.006021,0.006152,0.1844,0.7511,
0.8433,0.362,0.003757,0.007286,0.008878,0.00819,0.006056,0.009005,0.009144,0.006129,0.006044,0.1844,0.7511,
0.8457,0.3686,0.003895,0.00727,0.008879,0.008191,0.005997,0.008986,0.009135,0.006097,0.006559,0.1843,0.7507,
0.8468,0.3568,0.004008,0.00727,0.008884,0.008189,0.005996,0.008985,0.009095,0.006128,0.006693,0.1843,0.7505,
0.8456,0.3527,0.003796,0.007268,0.008886,0.008177,0.006033,0.008959,0.009062,0.006195,0.006625,0.1843,0.7507,
0.845,0.3565,0.00371,0.007255,0.008898,0.008194,0.00615,0.008838,0.009103,0.006259,0.006465,0.1843,0.7508,
0.8447,0.3604,0.003696,0.00725,0.008901,0.008194,0.006231,0.008783,0.009032,0.00626,0.006465,0.1843,0.7509,
0.8452,0.3591,0.003743,0.007245,0.008907,0.008196,0.006267,0.008723,0.009031,0.006322,0.006469,0.1843,0.7508,
0.8448,0.361,0.003722,0.007233,0.00891,0.008175,0.006253,0.008737,0.009009,0.006317,0.006467,0.1843,0.7509,
0.8444,0.361,0.003683,0.00723,0.008915,0.008172,0.0063,0.008693,0.008959,0.006358,0.006423,0.1843,0.7509,
0.841,0.3935,0.003683,0.007222,0.008922,0.008158,0.006261,0.008693,0.01258,0.002819,0.006337,0.1843,0.751,
0.843,0.363,0.003701,0.007213,0.008891,0.008139,0.006216,0.008657,0.01262,0.002837,0.007042,0.1836,0.7511,
0.8433,0.3714,0.003657,0.007207,0.008888,0.008171,0.006219,0.008591,0.01267,0.002824,0.006975,0.1842,0.7506,
0.844,0.3667,0.00374,0.007191,0.008865,0.008171,0.006219,0.008587,0.01265,0.00305,0.006858,0.1841,0.7506,
0.8435,0.3607,0.003641,0.00719,0.008876,0.008171,0.006249,0.008557,0.01267,0.003025,0.006858,0.1841,0.7507,
0.8441,0.3616,0.003583,0.007184,0.008884,0.008188,0.006304,0.008539,0.01264,0.003099,0.007023,0.1838,0.7507,
0.8439,0.365,0.003501,0.007181,0.008851,0.008185,0.006372,0.008501,0.01262,0.003127,0.006974,0.1841,0.7506,
0.8434,0.3598,0.003501,0.007175,0.008858,0.008127,0.006361,0.008491,0.01259,0.003103,0.006974,0.1841,0.7507,
0.8429,0.3587,0.00333,0.007167,0.008863,0.008111,0.006369,0.008429,0.01262,0.003052,0.007183,0.1841,0.7508,
0.843,0.3565,0.003327,0.007166,0.008866,0.008081,0.006424,0.008406,0.01254,0.003088,0.007235,0.1841,0.7508,
0.8451,0.3374,0.00354,0.007155,0.008875,0.008065,0.006384,0.0084,0.0126,0.003079,0.007536,0.1839,0.7505,
0.8451,0.3579,0.003538,0.007143,0.008889,0.008065,0.006384,0.008414,0.01254,0.003262,0.007353,0.1839,0.7505,
0.8441,0.339,0.003388,0.007137,0.008889,0.008011,0.006415,0.008394,0.0125,0.003261,0.007352,0.184,0.7506,
0.8452,0.3669,0.003432,0.007129,0.008901,0.008026,0.006448,0.01145,0.009361,0.003448,0.007321,0.1839,0.7506,
0.8483,0.3663,0.003528,0.007118,0.008903,0.008005,0.006386,0.01153,0.009264,0.00362,0.007797,0.1839,0.75,
0.8513,0.3707,0.00367,0.007113,0.008908,0.007991,0.006463,0.01144,0.009247,0.003686,0.008516,0.1831,0.7499,
0.8513,0.3864,0.003657,0.007095,0.008913,0.007994,0.006513,0.01309,0.007499,0.003713,0.00848,0.1837,0.7493,
0.8509,0.3695,0.003654,0.007053,0.008884,0.007987,0.006577,0.013,0.007499,0.003992,0.008126,0.1838,0.7494,
0.8515,0.3711,0.003682,0.007046,0.008892,0.007973,0.006592,0.01304,0.00747,0.004031,0.008239,0.1836,0.7494,
0.8518,0.3717,0.003763,0.007039,0.008902,0.007931,0.006591,0.01304,0.007418,0.004182,0.00816,0.1835,0.7494,
0.8512,0.3974,0.003616,0.007032,0.008911,0.007931,0.01193,0.007627,0.007377,0.004216,0.008126,0.1835,0.7497,
0.8513,0.3711,0.003614,0.007022,0.008919,0.007929,0.01199,0.007589,0.007372,0.004219,0.008106,0.1837,0.7495,
0.8492,0.3726,0.003612,0.007014,0.008847,0.007929,0.0134,0.006145,0.007996,0.003535,0.008106,0.1837,0.7497,
0.8504,0.3527,0.003593,0.007005,0.008857,0.007915,0.0134,0.006171,0.007948,0.003647,0.008438,0.1833,0.7498,
0.8503,0.3482,0.003574,0.006989,0.008864,0.007888,0.01337,0.006191,0.007871,0.003645,0.008434,0.1836,0.7495,
0.8495,0.3497,0.003574,0.006982,0.008872,0.007888,0.0132,0.006164,0.007847,0.003838,0.008242,0.1836,0.7498,
0.8367,0.3703,0.00357,0.006977,0.00888,0.007873,0.01015,0.006193,0.007783,0.003978,0.008102,0.1836,0.7528,
0.837,0.372,0.003638,0.006964,0.008886,0.00785,0.009994,0.0062,0.007728,0.003995,0.0084,0.1833,0.753,
0.8343,0.3659,0.003459,0.006958,0.008893,0.007812,0.00971,0.006135,0.00771,0.00405,0.008345,0.1833,0.7536,
0.8311,0.4104,0.003454,0.006929,0.008882,0.007795,0.009379,0.01028,0.003511,0.004082,0.008309,0.1836,0.7538,
0.8242,0.3993,0.003342,0.006908,0.00887,0.007742,0.008142,0.01028,0.003486,0.004078,0.008264,0.1836,0.7553,
0.8251,0.3975,0.003422,0.006901,0.008876,0.007717,0.008062,0.01027,0.003435,0.004111,0.008633,0.1832,0.7554,
0.8232,0.3962,0.003304,0.00689,0.00888,0.007652,0.007817,0.01029,0.003416,0.004466,0.008274,0.1832,0.7558,
0.8226,0.3936,0.003304,0.006881,0.008889,0.007623,0.007774,0.01033,0.003323,0.004537,0.008203,0.1832,0.7559,
0.8218,0.3529,0.003267,0.006871,0.008905,0.007629,0.007666,0.01033,0.00333,0.004543,0.00815,0.1832,0.7561,
0.8209,0.3579,0.00324,0.006849,0.008892,0.007615,0.007552,0.01031,0.003291,0.00461,0.008036,0.1836,0.756,
0.8199,0.3638,0.00324,0.006843,0.008899,0.007615,0.007449,0.01027,0.00328,0.00463,0.007949,0.1836,0.7562,
0.8211,0.3535,0.003397,0.006834,0.008907,0.007586,0.007393,0.01025,0.003279,0.004663,0.008187,0.1833,0.7562,
0.8241,0.349,0.003585,0.006823,0.00892,0.007571,0.007473,0.01017,0.003279,0.00474,0.008736,0.1827,0.756,
0.8236,0.3508,0.003564,0.006805,0.008896,0.007562,0.007482,0.01013,0.00329,0.0048,0.008645,0.1827,0.7561,
0.8234,0.3661,0.00355,0.006784,0.008885,0.007555,0.007293,0.01013,0.003254,0.004963,0.00847,0.1834,0.7557,
0.8226,0.3599,0.003541,0.006775,0.008888,0.007555,0.007191,0.0101,0.00325,0.004979,0.00844,0.1834,0.7558,
0.8222,0.3608,0.003533,0.00677,0.008862,0.007546,0.007221,0.01007,0.003212,0.005075,0.00834,0.1835,0.7559,
0.8212,0.3651,0.003367,0.006761,0.008865,0.007546,0.007247,0.01008,0.003152,0.005173,0.008242,0.1835,0.7561,
0.8209,0.3674,0.003364,0.006758,0.008871,0.007546,0.007212,0.01006,0.003132,0.005442,0.007973,0.1835,0.7562,
0.8196,0.3734,0.003195,0.006757,0.008875,0.007546,0.0071,0.01006,0.003132,0.005671,0.007744,0.1835,0.7565,
0.8222,0.3695,0.003354,0.006749,0.008881,0.007544,0.007099,0.0101,0.003123,0.005819,0.008022,0.1832,0.7561,
0.8241,0.3697,0.003489,0.006742,0.008885,0.007543,0.007052,0.01012,0.003074,0.005937,0.008335,0.1829,0.7559,
0.8255,0.3587,0.003536,0.006724,0.008891,0.007498,0.006978,0.01013,0.003072,0.006,0.008669,0.1829,0.7556,
0.8247,0.3574,0.003531,0.006713,0.008853,0.007489,0.006885,0.01011,0.003072,0.006112,0.008557,0.1829,0.7558,
0.8244,0.3435,0.003526,0.006716,0.008856,0.007489,0.006933,0.01004,0.003072,0.006112,0.008491,0.1829,0.7558,
0.8235,0.3466,0.003409,0.006721,0.008861,0.007474,0.006928,0.01001,0.003072,0.006112,0.008447,0.183,0.756,
0.8229,0.3563,0.003376,0.006714,0.008866,0.007451,0.006942,0.009979,0.003008,0.006367,0.008192,0.183,0.7561,
0.8216,0.3521,0.003211,0.006712,0.008871,0.007451,0.006919,0.009957,0.002985,0.006507,0.008014,0.183,0.7563,
0.8218,0.3556,0.003251,0.006703,0.008841,0.007451,0.006915,0.009937,0.003028,0.006545,0.008015,0.183,0.7564,
0.8223,0.3565,0.003361,0.006691,0.008849,0.007451,0.00689,0.009985,0.002905,0.006646,0.008076,0.1828,0.7563,
0.8215,0.3635,0.003319,0.006695,0.008853,0.007451,0.006806,0.009923,0.002905,0.007071,0.007652,0.1828,0.7565,
0.8214,0.3594,0.003315,0.006686,0.008864,0.007439,0.00689,0.009853,0.002887,0.007215,0.007489,0.1828,0.7566,
0.8205,0.3633,0.003186,0.006689,0.00883,0.007439,0.006945,0.009779,0.002883,0.007618,0.007086,0.1828,0.7567,
0.8205,0.3799,0.003305,0.006687,0.00883,0.007431,0.006985,0.01071,0.001922,0.00768,0.007281,0.1825,0.7567,
0.8204,0.3632,0.003302,0.006679,0.008841,0.007431,0.007021,0.01071,0.001885,0.007662,0.007281,0.1825,0.7567,
0.8175,0.3676,0.003126,0.006652,0.008807,0.007431,0.006903,0.01072,0.001855,0.007681,0.006965,0.1829,0.757,
0.8176,0.3657,0.003122,0.006636,0.008781,0.007428,0.0069,0.01074,0.001879,0.007684,0.00687,0.1832,0.7567,
0.8168,0.3693,0.003119,0.006614,0.008767,0.007422,0.006805,0.01073,0.001874,0.007715,0.00682,0.1832,0.7569,
0.8171,0.3734,0.003107,0.006617,0.008775,0.007416,0.009213,0.008341,0.001855,0.007752,0.006777,0.1833,0.7569,
0.8171,0.3648,0.003141,0.00658,0.008685,0.007375,0.009094,0.008305,0.001909,0.007784,0.007029,0.1829,0.7572,
0.816,0.3616,0.003137,0.006576,0.008693,0.007319,0.008999,0.00826,0.001876,0.00782,0.006993,0.1829,0.7574,
0.8166,0.3801,0.003249,0.006569,0.008698,0.007303,0.008929,0.008185,0.00189,0.007873,0.007031,0.1831,0.7572,
0.8177,0.376,0.00341,0.006563,0.008702,0.007302,0.008744,0.008423,0.001665,0.00793,0.007401,0.1827,0.7572,
0.8162,0.3813,0.003361,0.006566,0.008712,0.007288,0.008603,0.008388,0.001647,0.008001,0.007236,0.1827,0.7575,
0.815,0.3841,0.00336,0.006556,0.008717,0.007278,0.008362,0.00837,0.001677,0.00799,0.007216,0.1827,0.7577,
0.8137,0.3874,0.00336,0.006551,0.008721,0.00725,0.008122,0.008343,0.001677,0.00799,0.007216,0.1827,0.758,
0.8132,0.3792,0.003235,0.006543,0.008728,0.007203,0.008135,0.008305,0.00169,0.008008,0.007173,0.1832,0.7578,
0.8119,0.3767,0.003232,0.006531,0.008699,0.007203,0.007937,0.008248,0.001738,0.00796,0.007173,0.1832,0.7581,
0.8111,0.3695,0.003229,0.006512,0.008706,0.007203,0.007806,0.008211,0.001765,0.008006,0.0071,0.1832,0.7583,
0.8093,0.4163,0.00333,0.006492,0.008662,0.007203,0.01255,0.003483,0.001872,0.007989,0.007144,0.183,0.7583,
0.8086,0.3779,0.003273,0.006479,0.008675,0.007188,0.01252,0.003546,0.001762,0.008043,0.007088,0.1831,0.7583,
0.8085,0.3684,0.003266,0.006471,0.008675,0.007174,0.01257,0.003509,0.00182,0.008043,0.007012,0.1831,0.7583,
0.8098,0.363,0.003384,0.006466,0.008681,0.007135,0.01259,0.003566,0.001744,0.008043,0.007308,0.1828,0.7582,
0.8111,0.3651,0.003401,0.006461,0.008687,0.007167,0.0126,0.003547,0.001762,0.008247,0.00743,0.1825,0.7582,
0.8108,0.37,0.003398,0.006451,0.0087,0.007167,0.01263,0.003514,0.001762,0.008799,0.006825,0.1825,0.7582,
0.8076,0.365,0.003431,0.006442,0.008687,0.007158,0.01177,0.003527,0.001766,0.008833,0.006886,0.1824,0.7591,
0.8071,0.3643,0.003426,0.006425,0.008697,0.007128,0.01178,0.003489,0.001766,0.008834,0.006832,0.1825,0.7592,
0.8074,0.3566,0.003417,0.006417,0.008706,0.007128,0.01172,0.003503,0.00174,0.008879,0.007016,0.1822,0.7592,
0.8066,0.3621,0.003253,0.006404,0.008705,0.007121,0.01156,0.003463,0.001805,0.008834,0.006976,0.183,0.7589,
0.8056,0.362,0.003204,0.006388,0.00872,0.007159,0.01141,0.003475,0.001771,0.008885,0.006898,0.183,0.7591,
0.8058,0.3733,0.003285,0.006383,0.008732,0.007159,0.01136,0.003425,0.001771,0.009257,0.006608,0.1829,0.7591,
0.8049,0.3601,0.003284,0.00638,0.008736,0.007159,0.01125,0.003381,0.001786,0.009374,0.006422,0.183,0.7592,
0.8051,0.3601,0.003348,0.006372,0.008742,0.007159,0.01126,0.003331,0.001786,0.009448,0.006394,0.1829,0.7592,
