entropy,entropyInd,RabA,RabB,RabC,RabD,RabE,RabF,RabG,RabH,RabI,xER,xPM,
1.463,0.2779,0.0541,0.01193,0.008016,0.04717,0.02351,0.01285,0.01673,0.01456,0.01487,0.3949,0.4014,
1.463,0.2757,0.05408,0.01193,0.007906,0.04711,0.02344,0.01283,0.01672,0.01456,0.01487,0.3949,0.4017,
1.462,0.2545,0.05405,0.01193,0.007907,0.04705,0.02328,0.01283,0.01672,0.01456,0.01487,0.3949,0.4019,
1.477,0.2481,0.06108,0.01192,0.007902,0.04693,0.02326,0.01282,0.01671,0.01455,0.0156,0.3947,0.3945,
1.477,0.2489,0.06103,0.01192,0.007902,0.04687,0.02314,0.01282,0.01671,0.01455,0.01561,0.3948,0.3947,
1.477,0.2493,0.06094,0.01191,0.007902,0.04677,0.02308,0.01282,0.01671,0.01455,0.01573,0.3948,0.3947,
1.476,0.2483,0.06083,0.01191,0.007903,0.04655,0.02308,0.01283,0.01672,0.01456,0.01585,0.3949,0.3948,
1.476,0.2546,0.06081,0.01191,0.007905,0.04637,0.02309,0.01283,0.01672,0.01456,0.01585,0.395,0.3949,
1.476,0.2516,0.06074,0.01191,0.007907,0.04622,0.02305,0.01282,0.01672,0.01456,0.01586,0.3951,0.3951,
1.475,0.2463,0.06066,0.01189,0.007906,0.0462,0.02289,0.01281,0.01672,0.01456,0.01586,0.3952,0.3953,
1.475,0.2645,0.06058,0.01188,0.007904,0.0462,0.0229,0.01281,0.01673,0.01457,0.01586,0.3952,0.3954,
1.471,0.2473,0.05888,0.01184,0.007903,0.04618,0.0229,0.01282,0.01673,0.01457,0.01586,0.3953,0.397,
1.474,0.2444,0.05983,0.01182,0.007899,0.04615,0.02278,0.01281,0.01671,0.01456,0.0164,0.3952,0.3959,
1.472,0.2435,0.05873,0.01179,0.007877,0.04612,0.02278,0.01281,0.01672,0.01457,0.0164,0.3952,0.397,
1.476,0.2467,0.06077,0.01177,0.007876,0.04596,0.02273,0.01281,0.01671,0.01456,0.01665,0.3952,0.3949,
1.475,0.2505,0.05988,0.01176,0.007875,0.04585,0.02252,0.0128,0.01671,0.01456,0.01707,0.3951,0.3958,
1.473,0.2464,0.05918,0.01176,0.007875,0.04582,0.02252,0.0128,0.01671,0.01456,0.01707,0.3951,0.3965,
1.477,0.2461,0.05986,0.01171,0.007869,0.04579,0.02242,0.01278,0.0167,0.01455,0.01791,0.3948,0.3956,
1.479,0.2283,0.06038,0.01154,0.007841,0.04568,0.02231,0.01276,0.01667,0.01454,0.0189,0.3945,0.3949,
1.481,0.2302,0.06059,0.01151,0.007836,0.04555,0.02226,0.01275,0.01666,0.01453,0.01968,0.3942,0.3944,
1.479,0.2193,0.06002,0.01138,0.007837,0.0454,0.02218,0.01273,0.01667,0.01453,0.01969,0.3943,0.3953,
1.476,0.2208,0.05865,0.01138,0.007837,0.04526,0.02218,0.01273,0.01667,0.01453,0.01969,0.3944,0.3967,
1.474,0.2215,0.05768,0.01136,0.007837,0.04511,0.02212,0.01272,0.01666,0.01454,0.0197,0.3945,0.3977,
1.482,0.2186,0.0596,0.01119,0.007768,0.0449,0.02207,0.01269,0.01663,0.01451,0.02186,0.3937,0.3951,
1.482,0.209,0.05962,0.01112,0.007725,0.04473,0.022,0.01269,0.01663,0.01451,0.02211,0.3937,0.3951,
1.477,0.229,0.05741,0.01106,0.007718,0.04457,0.02193,0.01269,0.01662,0.01451,0.02211,0.3938,0.3976,
1.484,0.2151,0.06118,0.01104,0.007719,0.04458,0.02193,0.01269,0.01662,0.01451,0.02219,0.3938,0.3937,
1.479,0.2058,0.0592,0.01096,0.007675,0.04453,0.02182,0.01267,0.01661,0.01452,0.0222,0.3939,0.3959,
1.477,0.2015,0.05837,0.01094,0.007676,0.04441,0.02178,0.01267,0.01661,0.01452,0.0222,0.394,0.3968,
1.476,0.1957,0.05782,0.01086,0.007646,0.0442,0.02179,0.01267,0.01662,0.01452,0.02221,0.3941,0.3975,
1.484,0.1958,0.06129,0.01088,0.007647,0.04414,0.02179,0.01267,0.01662,0.01453,0.0228,0.3936,0.394,
1.483,0.1986,0.06086,0.01093,0.007655,0.04415,0.02165,0.0129,0.01643,0.01443,0.02279,0.3941,0.3941,
1.483,0.2096,0.06093,0.01083,0.00764,0.044,0.02162,0.01284,0.0165,0.01477,0.02269,0.3941,0.3941,
1.475,0.207,0.06043,0.01092,0.007586,0.04409,0.02156,0.01282,0.02575,0.00599,0.02203,0.3942,0.3946,
1.474,0.2098,0.05928,0.01082,0.00759,0.0439,0.02154,0.01289,0.02566,0.005987,0.02279,0.3941,0.3955,
1.477,0.2048,0.05994,0.01091,0.007617,0.04385,0.02154,0.01315,0.0254,0.006025,0.02322,0.394,0.3943,
1.479,0.2106,0.06024,0.01101,0.007641,0.04369,0.02154,0.01311,0.02535,0.006083,0.02353,0.394,0.3938,
1.477,0.222,0.05973,0.011,0.007652,0.04361,0.02154,0.0132,0.02524,0.006277,0.02307,0.3942,0.3945,
1.475,0.2255,0.05848,0.01119,0.00765,0.04367,0.02155,0.01328,0.02519,0.006281,0.02291,0.3943,0.3955,
1.474,0.2185,0.0572,0.0112,0.007674,0.04383,0.02155,0.01331,0.02512,0.00688,0.02232,0.3944,0.3965,
1.472,0.2146,0.05634,0.01134,0.007692,0.04386,0.02159,0.01325,0.02503,0.007017,0.02204,0.3945,0.3973,
1.479,0.2253,0.05907,0.0113,0.00769,0.04393,0.02142,0.01321,0.02493,0.007148,0.02251,0.3944,0.3944,
1.477,0.2269,0.05717,0.01134,0.007725,0.04415,0.0215,0.01315,0.02488,0.007318,0.02288,0.3942,0.3957,
1.481,0.2206,0.05784,0.01141,0.007725,0.04414,0.0214,0.01311,0.0248,0.007384,0.0238,0.3939,0.3945,
1.477,0.2438,0.05588,0.01132,0.007738,0.04451,0.02132,0.01319,0.02473,0.007385,0.02373,0.3939,0.3963,
1.477,0.2232,0.05557,0.01135,0.007746,0.04455,0.02129,0.01321,0.02477,0.007498,0.02345,0.394,0.3966,
1.484,0.2205,0.0576,0.01145,0.007743,0.0447,0.02128,0.01367,0.02432,0.007442,0.02442,0.3937,0.3937,
1.486,0.2387,0.05767,0.01153,0.007754,0.04471,0.02113,0.01358,0.02431,0.007713,0.02465,0.3935,0.3935,
1.486,0.2457,0.0575,0.01168,0.007767,0.04479,0.02105,0.01348,0.02433,0.007671,0.02503,0.3934,0.3933,
1.487,0.2275,0.05673,0.01167,0.007762,0.04468,0.02101,0.0134,0.02427,0.007969,0.02557,0.3931,0.3938,
1.482,0.2376,0.05487,0.01154,0.00773,0.04469,0.02097,0.01342,0.02418,0.008011,0.02541,0.3933,0.3959,
1.487,0.2316,0.05688,0.0116,0.007725,0.04467,0.02083,0.01337,0.02414,0.007974,0.02611,0.3931,0.3936,
1.489,0.2239,0.05748,0.01165,0.007733,0.04458,0.02078,0.01337,0.02414,0.008106,0.02608,0.3931,0.393,
1.486,0.2418,0.05578,0.01172,0.007738,0.04448,0.02084,0.01339,0.02408,0.008158,0.02604,0.3932,0.3946,
1.49,0.2246,0.05689,0.01182,0.007738,0.04435,0.0208,0.01342,0.02403,0.008965,0.02576,0.3931,0.3932,
1.486,0.2168,0.05489,0.01183,0.007756,0.04424,0.02073,0.0134,0.02403,0.009106,0.02563,0.3931,0.3953,
1.492,0.2193,0.05637,0.01181,0.007773,0.04429,0.02067,0.01338,0.024,0.01011,0.02571,0.3927,0.3932,
1.491,0.224,0.05568,0.0118,0.00778,0.04439,0.02052,0.01347,0.02386,0.01043,0.0254,0.3928,0.3938,
1.489,0.2266,0.05471,0.01177,0.007714,0.04438,0.02042,0.01362,0.02367,0.01062,0.02521,0.3929,0.395,
1.487,0.2205,0.05398,0.01173,0.007723,0.0443,0.02035,0.01361,0.0236,0.01087,0.02495,0.393,0.3959,
1.484,0.2229,0.05235,0.01178,0.007722,0.04427,0.02031,0.01357,0.02372,0.01123,0.02449,0.3931,0.3974,
1.479,0.2274,0.0502,0.01176,0.007712,0.04435,0.02035,0.01353,0.02372,0.01137,0.02435,0.3932,0.3995,
1.477,0.2295,0.04905,0.01198,0.007713,0.0442,0.02025,0.01351,0.02373,0.01178,0.02395,0.3933,0.4006,
1.493,0.2378,0.05567,0.01199,0.007722,0.04378,0.0202,0.01348,0.02367,0.0119,0.02494,0.3931,0.3936,
1.492,0.2214,0.05607,0.01196,0.007723,0.04344,0.01988,0.01352,0.02358,0.01212,0.02474,0.3932,0.3937,
1.489,0.2227,0.05508,0.01205,0.00773,0.04328,0.01978,0.01354,0.02352,0.01224,0.0244,0.3934,0.3949,
1.488,0.2165,0.05426,0.01211,0.00774,0.04337,0.01991,0.0135,0.02348,0.01221,0.0244,0.3936,0.3955,
1.494,0.223,0.05594,0.01209,0.007734,0.04348,0.01989,0.01357,0.02333,0.01242,0.02522,0.3933,0.3931,
1.492,0.2229,0.05489,0.01207,0.007739,0.04346,0.02008,0.01342,0.02336,0.0127,0.02482,0.3934,0.3941,
1.49,0.2201,0.0542,0.01207,0.007739,0.04353,0.02,0.01341,0.02329,0.01281,0.02471,0.3934,0.3948,
1.494,0.2218,0.05577,0.01222,0.007746,0.0435,0.01984,0.01333,0.02324,0.01287,0.02521,0.3932,0.3931,
1.494,0.2258,0.05507,0.0123,0.007735,0.04351,0.01975,0.01336,0.0232,0.01318,0.02514,0.3932,0.3935,
1.493,0.2214,0.05448,0.01234,0.007734,0.04364,0.01971,0.01345,0.02312,0.01348,0.02484,0.3933,0.3939,
1.498,0.2233,0.05489,0.01233,0.007727,0.04387,0.01963,0.01348,0.02296,0.0138,0.02606,0.3928,0.3925,
1.499,0.2277,0.05469,0.01242,0.007738,0.04383,0.01958,0.01356,0.02288,0.0138,0.02635,0.3927,0.3924,
1.499,0.2242,0.05346,0.01242,0.007719,0.04382,0.01958,0.01345,0.0228,0.01382,0.02765,0.3922,0.3931,
1.503,0.2277,0.05402,0.0125,0.007711,0.04377,0.01965,0.01333,0.02284,0.01387,0.02856,0.3918,0.3919,
1.499,0.2269,0.05219,0.01232,0.007734,0.04392,0.0196,0.01332,0.02282,0.01403,0.02841,0.3919,0.3938,
1.497,0.2298,0.05112,0.01232,0.00776,0.04401,0.01958,0.01334,0.02269,0.01426,0.028,0.3921,0.3949,
1.493,0.2272,0.04976,0.01229,0.007767,0.04395,0.01959,0.01333,0.0227,0.01446,0.02762,0.3923,0.3963,
1.505,0.2378,0.05382,0.01231,0.007782,0.04392,0.01961,0.01322,0.02262,0.01477,0.02866,0.3917,0.3916,
1.502,0.236,0.05296,0.01239,0.007788,0.04372,0.01958,0.01327,0.02247,0.01498,0.02831,0.3919,0.3926,
1.5,0.227,0.05178,0.01245,0.00779,0.04383,0.01962,0.01328,0.02244,0.01521,0.028,0.392,0.3936,
1.498,0.2262,0.0511,0.01243,0.007792,0.04368,0.01955,0.01321,0.0224,0.01584,0.02727,0.3921,0.3946,
1.496,0.2335,0.05031,0.01246,0.007799,0.04342,0.01953,0.0132,0.02237,0.0164,0.02664,0.3923,0.3956,
1.493,0.2424,0.04865,0.0126,0.007789,0.04352,0.01966,0.01309,0.02237,0.01647,0.02659,0.3924,0.3969,
1.489,0.2499,0.04681,0.01263,0.0078,0.04338,0.01977,0.01313,0.02228,0.01704,0.02589,0.3925,0.3987,
1.503,0.233,0.05295,0.01271,0.007803,0.04327,0.0198,0.01328,0.02219,0.01692,0.02622,0.3925,0.3924,
1.503,0.2507,0.05289,0.01273,0.007819,0.0434,0.01977,0.01335,0.02212,0.01699,0.02609,0.3925,0.3923,
1.502,0.234,0.05236,0.01275,0.007824,0.0434,0.01989,0.01319,0.02212,0.01718,0.02591,0.3926,0.3928,
1.502,0.2448,0.05201,0.01275,0.007822,0.04369,0.01983,0.0131,0.02205,0.01742,0.02598,0.3925,0.3929,
1.504,0.2509,0.0514,0.01278,0.007815,0.0435,0.01958,0.01319,0.02195,0.0176,0.02717,0.392,0.393,
1.506,0.2619,0.05173,0.01279,0.007814,0.04339,0.0195,0.01322,0.02191,0.01788,0.02767,0.3918,0.3923,
1.508,0.2401,0.05249,0.0129,0.007826,0.04345,0.01934,0.01326,0.02183,0.01788,0.02788,0.3917,0.3914,
1.506,0.2321,0.05139,0.01292,0.007816,0.04353,0.01936,0.01327,0.02179,0.01792,0.02782,0.3918,0.3924,
1.505,0.2338,0.0506,0.01303,0.0078,0.04363,0.01951,0.0132,0.02171,0.01798,0.02767,0.3919,0.393,
1.505,0.2354,0.05034,0.01306,0.007804,0.04361,0.01947,0.01328,0.02168,0.01817,0.0275,0.392,0.3931,
1.508,0.2348,0.05119,0.01302,0.007817,0.04355,0.01949,0.01331,0.02159,0.01848,0.02792,0.3917,0.3919,
1.508,0.268,0.05059,0.013,0.007848,0.04371,0.01953,0.01344,0.02155,0.01907,0.02746,0.3918,0.392,
1.505,0.2423,0.0494,0.01305,0.007868,0.04358,0.01957,0.01345,0.02138,0.01915,0.0274,0.3919,0.3933,
1.501,0.2482,0.04761,0.01282,0.00787,0.04366,0.01957,0.01353,0.0213,0.01922,0.02733,0.392,0.3951,
1.5,0.2386,0.04717,0.01279,0.007885,0.04338,0.01964,0.01355,0.02123,0.0194,0.02718,0.3922,0.3956,
1.499,0.2472,0.04663,0.01278,0.007898,0.04359,0.01959,0.01351,0.02124,0.01989,0.02662,0.3923,0.396,
1.506,0.2442,0.05037,0.01271,0.007916,0.04363,0.02156,0.0117,0.02111,0.02004,0.02671,0.3922,0.392,
1.505,0.2502,0.04989,0.01275,0.007929,0.04358,0.02153,0.01173,0.02268,0.01853,0.02655,0.3923,0.3925,
1.501,0.2538,0.04881,0.01275,0.007953,0.04355,0.02393,0.009365,0.02264,0.01881,0.02628,0.3924,0.3936,
1.499,0.2562,0.04813,0.01278,0.007927,0.04336,0.02384,0.0094,0.0226,0.01911,0.0259,0.3925,0.3944,
1.498,0.2638,0.04777,0.01277,0.00793,0.04323,0.02368,0.009393,0.02261,0.01983,0.02519,0.3926,0.395,
1.504,0.2483,0.05,0.01287,0.007928,0.04318,0.02367,0.00942,0.02252,0.0202,0.02528,0.3925,0.3924,
1.501,0.248,0.04893,0.01291,0.007947,0.04318,0.02347,0.009472,0.02245,0.02043,0.02497,0.3926,0.3936,
1.504,0.2513,0.04968,0.01338,0.00795,0.04302,0.02346,0.009417,0.02237,0.02043,0.02518,0.3926,0.3925,
1.504,0.2491,0.04903,0.01338,0.007943,0.04302,0.02346,0.009418,0.02224,0.02065,0.02569,0.3924,0.3927,
1.503,0.2498,0.0483,0.0134,0.007972,0.04309,0.02338,0.009498,0.02211,0.02095,0.02541,0.3925,0.3934,
1.502,0.2519,0.04751,0.01348,0.007996,0.04339,0.02343,0.00954,0.02208,0.02091,0.02541,0.3926,0.3937,
1.499,0.2642,0.04655,0.01341,0.008001,0.04335,0.02308,0.009539,0.02204,0.02128,0.02505,0.3926,0.3951,
1.497,0.246,0.04596,0.01341,0.008005,0.04348,0.02288,0.009609,0.02191,0.02122,0.02505,0.3927,0.3958,
1.493,0.2477,0.04477,0.01334,0.008031,0.04341,0.0228,0.009563,0.02198,0.02135,0.02466,0.3928,0.3973,
1.502,0.2463,0.0485,0.01321,0.00803,0.04359,0.0227,0.00956,0.02199,0.02142,0.02492,0.3928,0.3933,
1.5,0.2442,0.04737,0.01326,0.008039,0.04376,0.02279,0.009479,0.02205,0.02162,0.02457,0.3929,0.3942,
1.498,0.2456,0.04684,0.0132,0.007979,0.04359,0.02275,0.00949,0.02206,0.02181,0.02426,0.3931,0.395,
1.502,0.2506,0.04871,0.01317,0.007981,0.04344,0.02272,0.009457,0.02215,0.02175,0.0246,0.393,0.393,
1.504,0.2502,0.04886,0.01316,0.007975,0.04332,0.02268,0.009388,0.0222,0.02176,0.02533,0.3928,0.3926,
1.503,0.2447,0.04803,0.01315,0.007991,0.04364,0.02278,0.009356,0.0221,0.02243,0.02463,0.3928,0.3931,
1.501,0.2495,0.04726,0.0131,0.008003,0.04356,0.02286,0.009359,0.02204,0.02264,0.02435,0.3929,0.3939,
1.507,0.2441,0.04868,0.01312,0.007987,0.04337,0.02246,0.009406,0.02184,0.02275,0.02612,0.3923,0.392,
1.506,0.2432,0.0479,0.01321,0.007997,0.04354,0.02232,0.009423,0.0219,0.02265,0.02617,0.3923,0.3926,
1.503,0.2434,0.04656,0.01317,0.008009,0.04388,0.02217,0.009511,0.02182,0.02266,0.02618,0.3923,0.3937,
1.499,0.2435,0.04777,0.01323,0.007999,0.04387,0.01999,0.009565,0.0243,0.02013,0.02617,0.3923,0.3947,
1.498,0.2474,0.04725,0.01325,0.008027,0.04379,0.01996,0.009557,0.02436,0.0202,0.0259,0.3924,0.3953,
1.496,0.2575,0.04646,0.0133,0.008049,0.04366,0.02,0.009568,0.02438,0.02029,0.02577,0.3926,0.396,
1.501,0.2525,0.04831,0.01325,0.008045,0.04358,0.02,0.009604,0.02429,0.02044,0.02616,0.3924,0.3939,
1.499,0.2617,0.04762,0.01328,0.008059,0.04369,0.02003,0.009447,0.02436,0.02089,0.02553,0.3925,0.3946,
1.497,0.2471,0.04698,0.01332,0.008049,0.0435,0.01994,0.00944,0.02437,0.0211,0.02529,0.3926,0.3954,
1.495,0.2529,0.04601,0.01337,0.008054,0.04366,0.01998,0.009237,0.02434,0.02125,0.02506,0.3926,0.3964,
1.493,0.2538,0.04552,0.01335,0.008058,0.04355,0.01999,0.009318,0.0244,0.02116,0.02494,0.3927,0.397,
1.502,0.2494,0.04951,0.0134,0.008067,0.04338,0.02003,0.009356,0.02438,0.02135,0.02487,0.3927,0.393,
1.497,0.2688,0.0471,0.01338,0.008055,0.0432,0.02013,0.009334,0.02438,0.02127,0.02487,0.3927,0.3955,
1.505,0.258,0.04995,0.0134,0.008068,0.043,0.02012,0.009286,0.02432,0.02133,0.02597,0.3924,0.3922,
1.502,0.279,0.04887,0.01334,0.00807,0.04286,0.02006,0.009261,0.02424,0.02134,0.02589,0.3925,0.3936,
1.5,0.2482,0.04831,0.01334,0.00809,0.04279,0.02002,0.009325,0.02435,0.02114,0.0259,0.3926,0.3941,
1.504,0.248,0.04974,0.01339,0.008105,0.0428,0.0201,0.009351,0.02433,0.02131,0.02574,0.3926,0.3925,
1.503,0.2578,0.04851,0.01338,0.008134,0.04273,0.02012,0.009375,0.02743,0.01847,0.02634,0.3923,0.3932,
1.505,0.2523,0.04749,0.01337,0.008121,0.04274,0.02009,0.02033,0.01645,0.01903,0.02565,0.3923,0.3944,
1.501,0.2527,0.04587,0.01333,0.008107,0.04264,0.02005,0.0204,0.0164,0.0191,0.02542,0.3924,0.3962,
1.508,0.2348,0.049,0.01336,0.008103,0.04262,0.02005,0.02044,0.01649,0.01903,0.02556,0.3924,0.3929,
1.508,0.2733,0.04865,0.01365,0.008102,0.04254,0.02004,0.02045,0.01641,0.01976,0.02492,0.3925,0.3929,
1.507,0.256,0.0485,0.01371,0.008106,0.04234,0.01995,0.02052,0.0178,0.01836,0.02485,0.3927,0.3932,
1.506,0.2437,0.04792,0.0137,0.008108,0.0424,0.0199,0.02049,0.01785,0.01858,0.02453,0.3928,0.3938,
1.509,0.2441,0.04815,0.01367,0.008074,0.0426,0.01989,0.0206,0.01779,0.01871,0.02505,0.3925,0.393,
1.505,0.2465,0.0466,0.01374,0.008072,0.04278,0.01967,0.02057,0.01787,0.01879,0.02484,0.3925,0.3945,
1.504,0.2738,0.04591,0.01378,0.008076,0.04282,0.01971,0.02057,0.02004,0.0168,0.02463,0.3925,0.3951,
1.502,0.2506,0.04515,0.01377,0.008085,0.04282,0.01968,0.02057,0.01995,0.01684,0.02459,0.3926,0.396,
1.501,0.2549,0.04489,0.0138,0.008091,0.04279,0.01968,0.02064,0.01988,0.01727,0.02401,0.3927,0.3963,
1.51,0.2429,0.04849,0.01379,0.008101,0.04286,0.01971,0.02061,0.01987,0.01731,0.02427,0.3926,0.3924,
1.509,0.2577,0.04776,0.01377,0.008114,0.04294,0.01974,0.02072,0.01984,0.01761,0.02413,0.3926,0.3928,
1.505,0.2435,0.04703,0.01382,0.008121,0.04285,0.02711,0.0134,0.0198,0.0178,0.02395,0.3927,0.3934,
1.508,0.2535,0.04769,0.01393,0.008122,0.04271,0.02705,0.0135,0.01975,0.01802,0.02404,0.3927,0.3925,
1.508,0.2533,0.04706,0.01393,0.008143,0.04263,0.02705,0.01343,0.01978,0.0187,0.02405,0.3925,0.3928,
1.511,0.2454,0.047,0.01393,0.008137,0.04275,0.02693,0.01338,0.01976,0.01885,0.02506,0.392,0.3922,
1.509,0.2579,0.04588,0.01408,0.008136,0.0428,0.02688,0.01338,0.01988,0.01894,0.02486,0.3921,0.3931,
1.509,0.2657,0.0456,0.01412,0.008155,0.04277,0.02691,0.01344,0.01979,0.01931,0.02449,0.3921,0.3933,
1.513,0.2647,0.04683,0.0141,0.008191,0.04263,0.02637,0.01338,0.01973,0.02021,0.02481,0.3917,0.3921,
1.515,0.2637,0.04715,0.01418,0.008192,0.04271,0.02642,0.01336,0.01978,0.0203,0.02506,0.3916,0.3913,
1.515,0.2647,0.04684,0.01419,0.008197,0.04271,0.02651,0.01332,0.01978,0.0205,0.02473,0.3916,0.3916,
1.516,0.2781,0.04666,0.01436,0.008116,0.04265,0.0263,0.0135,0.01962,0.02053,0.02528,0.3914,0.3916,
1.508,0.2605,0.04629,0.01438,0.008135,0.04265,0.024,0.01345,0.01961,0.02066,0.02491,0.3915,0.3944,
1.506,0.2606,0.04535,0.01469,0.008148,0.04278,0.02376,0.01353,0.01954,0.02069,0.02476,0.3915,0.3952,
1.505,0.2632,0.04507,0.01471,0.008163,0.04276,0.02357,0.01518,0.01798,0.0209,0.02441,0.3916,0.3956,
1.503,0.2815,0.044,0.01481,0.00819,0.04281,0.02343,0.0179,0.01535,0.02084,0.02435,0.3917,0.3966,
1.513,0.2697,0.0491,0.01464,0.008121,0.04278,0.02346,0.01792,0.01546,0.02125,0.02381,0.3918,0.3916,
1.513,0.266,0.04883,0.01456,0.00813,0.0427,0.02348,0.01784,0.01561,0.02113,0.02405,0.3917,0.3919,
1.512,0.2492,0.04845,0.01454,0.008157,0.04284,0.0234,0.01782,0.01565,0.02113,0.02399,0.3918,0.3922,
1.51,0.2552,0.04758,0.01454,0.008179,0.04301,0.02318,0.01787,0.01555,0.02158,0.02342,0.3919,0.3932,
1.51,0.2552,0.04728,0.01464,0.008179,0.04315,0.02314,0.01785,0.01561,0.02147,0.02342,0.3919,0.3933,
1.513,0.2552,0.04838,0.01466,0.008187,0.04331,0.02323,0.01772,0.01571,0.02161,0.02343,0.3918,0.3919,
1.51,0.2571,0.04775,0.01465,0.008216,0.04333,0.02302,0.01763,0.01582,0.02211,0.02258,0.392,0.3929,
1.508,0.2573,0.04706,0.01466,0.008198,0.04336,0.02292,0.01753,0.01574,0.02233,0.02228,0.3921,0.3939,
1.512,0.2533,0.0491,0.0146,0.008201,0.04312,0.02276,0.01754,0.01576,0.02221,0.02266,0.3921,0.3919,
1.512,0.2583,0.04884,0.01472,0.008203,0.04298,0.02271,0.0175,0.01583,0.02208,0.0229,0.3921,0.3921,
1.508,0.2525,0.04763,0.01483,0.008193,0.04293,0.02244,0.01754,0.01589,0.02218,0.02272,0.3922,0.3934,
1.506,0.259,0.04678,0.0148,0.008215,0.04281,0.02264,0.01739,0.01592,0.0222,0.02258,0.3923,0.3943,
1.513,0.257,0.04886,0.01485,0.00821,0.04268,0.02266,0.01728,0.01758,0.02074,0.02304,0.3921,0.392,
1.512,0.2579,0.0486,0.01492,0.008216,0.04274,0.02269,0.01723,0.01761,0.0209,0.02274,0.3922,0.3921,
1.509,0.2879,0.04715,0.01495,0.008237,0.0428,0.02264,0.01735,0.0175,0.02133,0.02228,0.3923,0.3935,
1.514,0.2467,0.04862,0.01496,0.008259,0.04271,0.02248,0.01719,0.01749,0.02131,0.02334,0.3919,0.3918,
1.514,0.2456,0.04865,0.0149,0.008259,0.04264,0.02232,0.01726,0.01752,0.02158,0.02321,0.3919,0.3918,
1.511,0.2469,0.04789,0.01495,0.008284,0.0427,0.02225,0.01717,0.01745,0.02184,0.02272,0.392,0.3927,
1.504,0.2411,0.04527,0.01476,0.008227,0.04267,0.02492,0.01447,0.01751,0.02167,0.02272,0.3921,0.3957,
1.512,0.2368,0.04788,0.01476,0.008209,0.04246,0.02504,0.01425,0.01765,0.02167,0.02401,0.3916,0.3925,
1.505,0.2408,0.04714,0.01473,0.00818,0.04239,0.03015,0.008916,0.01772,0.02236,0.02326,0.3917,0.3935,
1.511,0.242,0.04864,0.01481,0.008189,0.0423,0.03004,0.008937,0.01774,0.02222,0.02434,0.3913,0.3915,
1.509,0.2426,0.04768,0.01497,0.00818,0.04233,0.03012,0.008869,0.01784,0.02213,0.02435,0.3914,0.3921,
1.508,0.2526,0.04668,0.01504,0.008201,0.04241,0.03013,0.008949,0.01776,0.02214,0.02427,0.3915,0.3929,
1.506,0.2649,0.04605,0.01498,0.00823,0.04245,0.03009,0.008912,0.01788,0.02209,0.02412,0.3916,0.3936,
1.505,0.2737,0.04536,0.015,0.008235,0.0425,0.03016,0.008903,0.01794,0.02217,0.02395,0.3917,0.3941,
1.509,0.2458,0.04692,0.01512,0.008242,0.04258,0.02997,0.008873,0.01787,0.02254,0.02405,0.3915,0.3923,
1.506,0.2502,0.04604,0.01511,0.008257,0.04247,0.02948,0.008846,0.01783,0.02337,0.02323,0.3916,0.3937,
1.503,0.2484,0.04565,0.01515,0.008278,0.04236,0.02899,0.008844,0.0178,0.02369,0.02287,0.3917,0.3947,
1.51,0.2424,0.04867,0.01506,0.008267,0.04226,0.02906,0.00881,0.01799,0.02344,0.0232,0.3916,0.3916,
1.509,0.2421,0.04835,0.01509,0.008252,0.04231,0.02874,0.008841,0.01794,0.02336,0.02345,0.3916,0.3921,
1.511,0.2543,0.04895,0.01505,0.00827,0.04235,0.02865,0.00878,0.01786,0.02349,0.02386,0.3914,0.3913,
1.51,0.2379,0.04874,0.0151,0.008272,0.04231,0.02839,0.008723,0.01786,0.02355,0.02392,0.3914,0.3917,
1.495,0.2459,0.04599,0.015,0.008259,0.04257,0.02518,0.008663,0.01779,0.02416,0.0231,0.3915,0.3978,
1.494,0.2437,0.04566,0.01496,0.008263,0.04259,0.02511,0.008727,0.0177,0.02436,0.02286,0.3915,0.3983,
1.506,0.2384,0.05168,0.01497,0.008298,0.04253,0.02476,0.008767,0.0177,0.02439,0.02293,0.3915,0.3925,
1.504,0.2402,0.05139,0.01495,0.008324,0.04239,0.02457,0.008755,0.01762,0.02452,0.02272,0.3916,0.3931,
1.509,0.2375,0.05256,0.01502,0.008338,0.04249,0.02458,0.008721,0.0176,0.02451,0.02345,0.3914,0.3914,
1.507,0.2402,0.05174,0.015,0.00828,0.04249,0.02461,0.008689,0.01772,0.02453,0.02328,0.3915,0.3922,
1.505,0.251,0.05123,0.01503,0.008254,0.04232,0.02439,0.008728,0.01771,0.02467,0.02334,0.3915,0.3929,
1.51,0.2426,0.05289,0.0148,0.008268,0.04215,0.02433,0.008751,0.01771,0.02519,0.02372,0.3911,0.3911,
1.509,0.2459,0.05228,0.01488,0.008269,0.04218,0.02421,0.008768,0.01773,0.02524,0.02359,0.3912,0.3917,
1.505,0.2524,0.05093,0.01488,0.008281,0.04242,0.02363,0.008759,0.01779,0.02587,0.0229,0.3913,0.3933,
1.51,0.2494,0.05281,0.01489,0.008282,0.0424,0.02346,0.008666,0.01781,0.02631,0.02314,0.391,0.3912,
1.509,0.2456,0.05248,0.01487,0.008331,0.04234,0.02351,0.008628,0.01787,0.02626,0.02305,0.3911,0.3915,
1.512,0.2421,0.0527,0.01485,0.008308,0.04223,0.0234,0.008617,0.01785,0.02629,0.02443,0.3907,0.3907,
1.513,0.242,0.05186,0.01503,0.008312,0.04207,0.02342,0.008621,0.0178,0.02632,0.02517,0.3905,0.3909,
1.51,0.2534,0.05052,0.01503,0.008318,0.0422,0.02315,0.008674,0.01772,0.02665,0.02487,0.3906,0.3922,
1.513,0.2627,0.05212,0.015,0.008342,0.04224,0.02286,0.00855,0.01772,0.02678,0.02506,0.3906,0.3907,
1.514,0.2434,0.0519,0.01493,0.008366,0.04232,0.02288,0.008468,0.01771,0.02688,0.02554,0.3904,0.3906,
1.511,0.2401,0.05113,0.01493,0.008364,0.04232,0.02261,0.008468,0.01771,0.02697,0.02546,0.3904,0.3916,
1.513,0.2401,0.05164,0.0149,0.008383,0.04245,0.02247,0.008548,0.01763,0.027,0.02558,0.3904,0.391,
1.515,0.2371,0.05239,0.01479,0.008369,0.04241,0.02219,0.008532,0.01764,0.02726,0.02608,0.3901,0.3902,
1.514,0.2424,0.05202,0.01505,0.008369,0.04258,0.0216,0.008532,0.0176,0.02726,0.02626,0.3902,0.3906,
1.509,0.2325,0.04988,0.01495,0.008369,0.04238,0.02167,0.008463,0.01767,0.0272,0.02627,0.3903,0.3929,
1.512,0.2462,0.05102,0.01493,0.008387,0.04242,0.02135,0.008444,0.01768,0.02729,0.02657,0.3902,0.3917,
1.508,0.2347,0.04974,0.01483,0.008381,0.04245,0.02119,0.008524,0.01759,0.02742,0.02644,0.3903,0.3931,
1.505,0.2484,0.04878,0.01473,0.008322,0.0425,0.02083,0.008486,0.01759,0.02814,0.02573,0.3904,0.3945,
1.503,0.2335,0.04844,0.01464,0.008344,0.04255,0.02068,0.008447,0.01765,0.02809,0.02574,0.3905,0.3949,
1.513,0.2286,0.05217,0.01462,0.00837,0.0425,0.02059,0.008424,0.01754,0.02833,0.0266,0.39,0.3908,
1.51,0.2678,0.05056,0.01457,0.008396,0.04249,0.02047,0.008555,0.02043,0.02558,0.02633,0.3901,0.3926,
1.51,0.2459,0.05009,0.01461,0.00841,0.04263,0.0203,0.008555,0.02054,0.02561,0.02619,0.3901,0.393,
1.507,0.2394,0.04958,0.01465,0.008423,0.04248,0.02016,0.008437,0.02061,0.02568,0.026,0.3902,0.3937,
1.513,0.2399,0.05251,0.01462,0.008431,0.04262,0.02005,0.008462,0.02055,0.02569,0.02599,0.3903,0.3908,
1.513,0.2371,0.052,0.0148,0.008434,0.04244,0.01982,0.008436,0.02057,0.02604,0.02627,0.3902,0.391,
1.508,0.2458,0.04991,0.01476,0.008448,0.0423,0.01986,0.008483,0.02068,0.02664,0.02537,0.3903,0.3932,
1.507,0.251,0.04895,0.01477,0.00844,0.04231,0.01986,0.008514,0.0254,0.02204,0.02519,0.3905,0.3941,
1.506,0.281,0.04865,0.01483,0.008457,0.04231,0.01978,0.008602,0.02545,0.0222,0.02491,0.3906,0.3942,
1.504,0.2615,0.0479,0.01477,0.008467,0.04223,0.01953,0.008604,0.02549,0.02251,0.02458,0.3906,0.3953,
1.503,0.2573,0.04745,0.01479,0.008487,0.04232,0.01941,0.008565,0.02549,0.02298,0.02411,0.3907,0.3957,
1.501,0.2526,0.0465,0.01496,0.008507,0.04238,0.01925,0.008596,0.02546,0.02295,0.02403,0.3908,0.3966,
1.5,0.2433,0.04632,0.01496,0.008526,0.04232,0.01927,0.008487,0.0255,0.02303,0.02392,0.3908,0.3968,
1.514,0.2301,0.0523,0.01502,0.008535,0.04223,0.01924,0.008403,0.02625,0.02261,0.02446,0.3906,0.3904,
1.512,0.2344,0.05115,0.0149,0.008544,0.04209,0.01929,0.008462,0.02821,0.02075,0.02463,0.3904,0.3915,
1.516,0.2497,0.05252,0.01498,0.008545,0.04205,0.01909,0.008399,0.02834,0.02103,0.02507,0.39,0.39,
1.517,0.2473,0.05212,0.01494,0.008558,0.04202,0.01908,0.008472,0.02828,0.02138,0.02507,0.3901,0.39,
1.516,0.2638,0.052,0.01493,0.008586,0.04199,0.01897,0.008503,0.02829,0.02145,0.0249,0.3901,0.3903,
1.513,0.2354,0.0506,0.01505,0.00859,0.04201,0.01898,0.008401,0.0283,0.02152,0.02479,0.3902,0.3915,
1.51,0.2571,0.04929,0.01498,0.008597,0.04198,0.01906,0.008368,0.02846,0.02157,0.02455,0.3903,0.3929,
1.518,0.2425,0.05133,0.01501,0.008609,0.0421,0.01906,0.01143,0.02546,0.02172,0.02454,0.3903,0.3905,
1.517,0.2339,0.05057,0.01505,0.00861,0.04239,0.01897,0.01139,0.0255,0.02187,0.02427,0.3903,0.3911,
1.52,0.2335,0.05139,0.01502,0.008611,0.04222,0.01888,0.01149,0.02538,0.02251,0.02444,0.3901,0.39,
1.519,0.2405,0.05069,0.01511,0.008615,0.04219,0.01877,0.01148,0.02537,0.02275,0.0242,0.3901,0.3907,
1.518,0.2342,0.05042,0.01527,0.008555,0.04219,0.01862,0.0115,0.02535,0.02316,0.02376,0.3902,0.391,
1.512,0.2448,0.04852,0.0153,0.008542,0.04188,0.01993,0.0101,0.02532,0.0232,0.0237,0.3903,0.3932,
1.518,0.2467,0.0515,0.01529,0.008552,0.04188,0.0197,0.01006,0.02542,0.02373,0.0234,0.3902,0.3903,
1.516,0.2339,0.05071,0.01515,0.008576,0.04187,0.01954,0.01012,0.02534,0.02397,0.02317,0.3903,0.3913,
1.512,0.2378,0.04891,0.01509,0.00862,0.04201,0.01952,0.01004,0.02542,0.0239,0.02317,0.3903,0.393,
1.51,0.24,0.04777,0.01515,0.008622,0.04195,0.01957,0.01004,0.02543,0.02402,0.02301,0.3904,0.3941,
1.509,0.2393,0.04724,0.01529,0.008641,0.04187,0.01941,0.01032,0.02526,0.02395,0.0229,0.3905,0.3946,
1.505,0.2596,0.04612,0.01537,0.008646,0.04182,0.01915,0.01036,0.0253,0.02413,0.02256,0.3906,0.396,
1.503,0.2613,0.04499,0.01541,0.008657,0.04183,0.01907,0.0104,0.02534,0.02428,0.02234,0.3906,0.3971,
1.5,0.2736,0.04359,0.01558,0.008683,0.04185,0.01886,0.01045,0.02693,0.02283,0.02215,0.3906,0.3984,
1.496,0.2805,0.04226,0.01544,0.008652,0.04203,0.01875,0.01052,0.02694,0.02288,0.0219,0.3907,0.3999,
1.492,0.2578,0.041,0.01535,0.008687,0.04204,0.01855,0.01051,0.0269,0.02337,0.02141,0.3907,0.4015,
1.514,0.2581,0.05101,0.01549,0.008637,0.04199,0.01831,0.01047,0.02701,0.02339,0.02151,0.3907,0.3915,
1.514,0.2522,0.05079,0.01557,0.008649,0.04201,0.01802,0.01051,0.02693,0.02349,0.0217,0.3907,0.3916,
1.513,0.2513,0.05054,0.01548,0.008658,0.04197,0.01796,0.0105,0.02693,0.02375,0.02162,0.3908,0.3918,
1.511,0.2453,0.04953,0.01559,0.008658,0.04188,0.01787,0.01056,0.0269,0.024,0.02131,0.3909,0.3928,
1.517,0.246,0.05138,0.01563,0.008656,0.04181,0.01761,0.01058,0.02696,0.02398,0.02247,0.3904,0.3905,
1.518,0.2806,0.05083,0.01554,0.008647,0.0416,0.0176,0.01067,0.02689,0.02439,0.02283,0.3902,0.3908,
1.516,0.2329,0.04999,0.01551,0.008649,0.04168,0.01764,0.01063,0.02689,0.02458,0.02265,0.3902,0.3916,
1.514,0.2374,0.05131,0.01547,0.008679,0.04162,0.02301,0.005296,0.02701,0.02467,0.02254,0.3902,0.3902,
1.511,0.2364,0.05071,0.01548,0.00869,0.0415,0.02286,0.005194,0.02711,0.02503,0.02209,0.3903,0.3911,
1.515,0.2342,0.05162,0.01546,0.008646,0.04137,0.02272,0.005151,0.02726,0.02492,0.02292,0.39,0.39,
1.516,0.2735,0.0517,0.01555,0.008653,0.04137,0.02267,0.005202,0.02731,0.02483,0.02318,0.3899,0.3897,
1.513,0.2321,0.05034,0.01537,0.00865,0.04132,0.02268,0.005266,0.0273,0.02483,0.02315,0.39,0.3911,
1.515,0.2277,0.05075,0.01535,0.008653,0.04132,0.0227,0.005331,0.02722,0.0248,0.02373,0.3898,0.3904,
1.513,0.23,0.05017,0.01536,0.008657,0.04146,0.02268,0.005329,0.02723,0.0248,0.02348,0.3898,0.391,
1.516,0.2279,0.05274,0.01532,0.008659,0.04145,0.02121,0.005337,0.02715,0.02489,0.02407,0.3896,0.3896,
1.516,0.2282,0.05234,0.01544,0.00864,0.04115,0.02091,0.005332,0.02713,0.025,0.02489,0.3892,0.3899,
1.513,0.2298,0.05117,0.01544,0.00867,0.04104,0.02059,0.005409,0.02705,0.02519,0.02471,0.3894,0.3913,
1.52,0.2275,0.05344,0.01547,0.008669,0.04105,0.0206,0.005326,0.02711,0.02537,0.02534,0.389,0.3886,
1.52,0.2288,0.05272,0.01544,0.008667,0.04101,0.02016,0.005437,0.027,0.02556,0.02632,0.3886,0.3891,
1.517,0.2253,0.05169,0.01548,0.008678,0.04098,0.01987,0.00545,0.02697,0.02556,0.02617,0.3887,0.3904,
1.521,0.2381,0.0533,0.01547,0.008689,0.04099,0.01986,0.005488,0.02693,0.02563,0.02638,0.3886,0.3886,
1.52,0.2364,0.05246,0.01549,0.008699,0.04114,0.01968,0.00553,0.02847,0.02414,0.02669,0.3885,0.3892,
1.521,0.2349,0.05219,0.01531,0.008701,0.04107,0.0197,0.005576,0.03097,0.02151,0.02755,0.3882,0.3893,
1.519,0.2357,0.05148,0.01532,0.00872,0.04105,0.01956,0.005694,0.03082,0.02156,0.02751,0.3883,0.39,
1.52,0.247,0.05186,0.01548,0.008719,0.04113,0.01924,0.005733,0.03086,0.02177,0.02757,0.3883,0.3893,
1.518,0.2396,0.05061,0.0156,0.00872,0.04088,0.01925,0.005735,0.03091,0.02193,0.0274,0.3885,0.3905,
1.518,0.2316,0.04979,0.0156,0.008719,0.0409,0.0193,0.007309,0.02936,0.02204,0.02698,0.3887,0.3914,
1.515,0.2354,0.04891,0.0155,0.008753,0.04101,0.01899,0.007243,0.02941,0.02205,0.0268,0.3888,0.3925,
1.521,0.2347,0.0519,0.01555,0.008735,0.04106,0.01872,0.007281,0.02956,0.02209,0.02679,0.3888,0.3895,
1.519,0.2274,0.05095,0.01558,0.008742,0.04095,0.01866,0.007266,0.0296,0.02206,0.0268,0.3888,0.3906,
1.521,0.2528,0.05205,0.01564,0.008753,0.04113,0.01834,0.007319,0.02949,0.02205,0.02697,0.3888,0.3894,
1.519,0.2279,0.05142,0.01563,0.008769,0.04107,0.0181,0.007412,0.02947,0.02227,0.0267,0.3888,0.3903,
1.516,0.2446,0.04981,0.01556,0.008763,0.04106,0.0181,0.007413,0.02953,0.02236,0.02656,0.3889,0.392,
1.522,0.2266,0.05226,0.01549,0.008757,0.0409,0.01813,0.007468,0.02942,0.02242,0.02716,0.3888,0.3892,
1.519,0.2337,0.0511,0.01551,0.008794,0.04079,0.01806,0.007469,0.02943,0.02252,0.02707,0.3889,0.3904,
1.516,0.2321,0.04966,0.0156,0.008808,0.04077,0.01778,0.007469,0.02957,0.02258,0.02687,0.3889,0.392,
1.524,0.2629,0.05278,0.01553,0.008829,0.0407,0.01758,0.007441,0.03148,0.02093,0.02796,0.3885,0.3883,
1.522,0.2289,0.05218,0.01552,0.008833,0.0407,0.0175,0.007518,0.0314,0.02101,0.02777,0.3886,0.389,
1.52,0.2374,0.05127,0.01556,0.008838,0.04055,0.01738,0.007851,0.03116,0.02099,0.02771,0.3887,0.39,
1.518,0.2315,0.05001,0.01558,0.008814,0.04053,0.01733,0.007853,0.03113,0.02119,0.02751,0.3888,0.3913,
1.527,0.2411,0.05232,0.01565,0.00881,0.04033,0.01733,0.007838,0.03108,0.02123,0.02934,0.3881,0.388,
1.527,0.2278,0.05206,0.01565,0.008787,0.0405,0.01733,0.007838,0.03116,0.02155,0.02906,0.3881,0.388,
1.528,0.2428,0.05202,0.01564,0.008732,0.04076,0.01725,0.00778,0.03112,0.02177,0.02936,0.3879,0.3876,
1.525,0.2543,0.05066,0.0156,0.008736,0.04065,0.01717,0.007781,0.03119,0.02197,0.02911,0.388,0.3892,
1.524,0.2334,0.05036,0.01562,0.008736,0.04075,0.01721,0.007743,0.03285,0.02038,0.02905,0.388,0.3893,
1.524,0.2519,0.04996,0.01585,0.008769,0.0408,0.01711,0.007742,0.0329,0.02144,0.02791,0.3881,0.3895,
1.522,0.2443,0.04887,0.01594,0.00879,0.04088,0.01711,0.007612,0.03284,0.02186,0.0275,0.3881,0.3905,
1.526,0.2144,0.05082,0.01603,0.008808,0.0406,0.01702,0.007651,0.03286,0.02202,0.02749,0.3881,0.3886,
1.524,0.2337,0.04968,0.01609,0.008813,0.0408,0.01726,0.007575,0.03275,0.02221,0.02735,0.3882,0.3893,
1.527,0.2532,0.05015,0.01613,0.008817,0.04085,0.01722,0.007642,0.03273,0.02251,0.02752,0.388,0.3884,
1.525,0.2526,0.04925,0.01614,0.008831,0.04105,0.01695,0.007644,0.03277,0.02286,0.02704,0.3881,0.3894,
1.519,0.2445,0.04905,0.01617,0.00885,0.04103,0.01689,0.007723,0.04062,0.01499,0.02696,0.3882,0.3895,
1.524,0.2407,0.04989,0.01608,0.008855,0.04109,0.01723,0.009135,0.03882,0.01524,0.02688,0.3882,0.3886,
1.521,0.2475,0.04847,0.01626,0.00887,0.04108,0.01729,0.009033,0.03883,0.01524,0.02689,0.3883,0.3898,
1.518,0.2663,0.04719,0.01618,0.008877,0.04101,0.01721,0.009031,0.03878,0.01548,0.02665,0.3883,0.3913,
1.525,0.2443,0.04979,0.01616,0.008876,0.04094,0.01705,0.008978,0.03875,0.01547,0.02769,0.388,0.3882,
1.522,0.2409,0.04846,0.01616,0.008901,0.04093,0.01709,0.008939,0.03875,0.01547,0.0277,0.3881,0.3895,
1.52,0.2643,0.047,0.01605,0.008874,0.04089,0.0171,0.01058,0.03714,0.01644,0.0263,0.3884,0.3912,
1.517,0.2479,0.04555,0.01608,0.008856,0.04075,0.01717,0.0106,0.03709,0.01671,0.02593,0.3885,0.3928,
1.514,0.2646,0.04458,0.01603,0.00888,0.04062,0.01736,0.0104,0.0371,0.01671,0.02593,0.3886,0.3938,
1.527,0.2486,0.04924,0.01635,0.008876,0.04071,0.01735,0.01036,0.03717,0.01672,0.0263,0.3885,0.3884,
1.524,0.2434,0.04815,0.01616,0.00889,0.04085,0.01732,0.01038,0.03715,0.01672,0.02622,0.3886,0.3896,
1.522,0.2858,0.0473,0.01616,0.008893,0.0409,0.01731,0.01034,0.03718,0.01722,0.02569,0.3886,0.3904,
1.526,0.2554,0.0487,0.01628,0.00891,0.04099,0.01731,0.01038,0.03715,0.01745,0.02545,0.3887,0.3887,
1.526,0.2457,0.0484,0.01631,0.008922,0.04099,0.01731,0.01038,0.03719,0.01781,0.02507,0.3887,0.3889,
1.525,0.2538,0.04815,0.01617,0.008914,0.04112,0.01718,0.01041,0.03721,0.01789,0.02508,0.3888,0.3891,
1.53,0.2279,0.04806,0.01611,0.008885,0.04093,0.01704,0.01232,0.03522,0.01814,0.02636,0.3882,0.3887,
1.532,0.2503,0.04855,0.01608,0.008881,0.04095,0.01703,0.01231,0.03521,0.01813,0.02694,0.388,0.3879,
1.532,0.2283,0.0483,0.01612,0.008898,0.04089,0.01699,0.01235,0.0352,0.01843,0.02662,0.3881,0.3881,
1.529,0.2277,0.04715,0.01603,0.008889,0.04095,0.01705,0.0123,0.03524,0.01866,0.02627,0.3882,0.3893,
1.528,0.23,0.04655,0.01603,0.008899,0.04109,0.01705,0.01226,0.03524,0.01883,0.02598,0.3883,0.3898,
1.525,0.2608,0.04547,0.01609,0.008906,0.04093,0.01706,0.01229,0.03528,0.01913,0.02539,0.3885,0.3909,
1.523,0.241,0.04507,0.01602,0.008847,0.04086,0.01693,0.01234,0.03523,0.01983,0.02461,0.3887,0.3916,
1.529,0.216,0.04822,0.01603,0.008837,0.04075,0.01673,0.01237,0.03517,0.01993,0.02475,0.3886,0.3886,
1.53,0.2342,0.04816,0.01599,0.008836,0.0407,0.01673,0.01239,0.0351,0.02085,0.02416,0.3886,0.3885,
1.53,0.2482,0.04782,0.016,0.008852,0.04072,0.01672,0.01239,0.03518,0.02159,0.02353,0.3886,0.3886,
1.526,0.2246,0.04597,0.01617,0.008839,0.04053,0.01671,0.01235,0.03523,0.02159,0.02347,0.3887,0.3905,
1.525,0.2148,0.04547,0.01616,0.008878,0.04049,0.01675,0.01232,0.03528,0.02163,0.02338,0.3887,0.3909,
1.524,0.2703,0.04517,0.01617,0.008914,0.04052,0.01675,0.01236,0.03541,0.02147,0.02339,0.3888,0.3911,
1.523,0.2516,0.04451,0.01622,0.008953,0.04049,0.0166,0.01231,0.03539,0.0221,0.02275,0.3888,0.3919,
1.518,0.223,0.04245,0.01625,0.008976,0.04071,0.01653,0.01231,0.03544,0.02275,0.02186,0.3889,0.3938,
1.529,0.2211,0.04742,0.01629,0.00898,0.04068,0.01655,0.01254,0.03524,0.02314,0.02143,0.3889,0.3888,
1.529,0.2369,0.04612,0.01622,0.008998,0.0408,0.01645,0.01253,0.0352,0.02341,0.02224,0.3885,0.3895,
1.528,0.2329,0.0458,0.01627,0.009009,0.04078,0.01639,0.01261,0.03513,0.02349,0.02202,0.3886,0.3899,
1.523,0.2198,0.04382,0.01623,0.009006,0.04071,0.01639,0.01275,0.03506,0.02367,0.02178,0.3886,0.392,
1.521,0.2482,0.04272,0.01622,0.009035,0.04062,0.0164,0.01279,0.03503,0.02385,0.02161,0.3887,0.393,
1.519,0.2208,0.04183,0.01623,0.009015,0.04078,0.01644,0.01282,0.03506,0.024,0.02109,0.3889,0.3938,
1.532,0.2211,0.04649,0.01617,0.009036,0.04079,0.01634,0.01289,0.03493,0.02462,0.02166,0.3885,0.3885,
1.528,0.2236,0.04535,0.01606,0.009045,0.04075,0.01626,0.01289,0.03509,0.02447,0.02152,0.3887,0.3899,
1.531,0.2181,0.04644,0.0161,0.009057,0.04059,0.01626,0.01297,0.03504,0.02443,0.02179,0.3886,0.3887,
1.533,0.2347,0.04653,0.01605,0.009068,0.04058,0.01625,0.01296,0.03512,0.02439,0.02227,0.3884,0.3883,
1.533,0.2365,0.0463,0.01607,0.009059,0.04053,0.01631,0.01298,0.03504,0.02446,0.0225,0.3884,0.3883,
1.532,0.2184,0.04635,0.01598,0.009071,0.04032,0.01623,0.01299,0.03511,0.02457,0.02246,0.3885,0.3884,
1.531,0.2285,0.04546,0.01611,0.009075,0.04032,0.01627,0.01301,0.0351,0.02485,0.02216,0.3886,0.389,
1.53,0.2448,0.04484,0.0161,0.009098,0.0404,0.01617,0.01305,0.0352,0.02491,0.02196,0.3886,0.3896,
1.527,0.2463,0.04347,0.01602,0.009111,0.04049,0.01629,0.01293,0.03526,0.02492,0.0219,0.3887,0.3909,
1.526,0.2345,0.04297,0.01609,0.009112,0.04042,0.01633,0.01294,0.03525,0.0249,0.0219,0.3887,0.3914,
1.531,0.2238,0.04499,0.01609,0.009109,0.04031,0.01633,0.01357,0.03467,0.02491,0.02198,0.3887,0.3893,
1.53,0.226,0.04454,0.01605,0.009117,0.04026,0.01637,0.01361,0.0346,0.02507,0.02182,0.3888,0.3898,
1.534,0.2284,0.04536,0.01584,0.009112,0.0403,0.01635,0.01359,0.03473,0.02501,0.02302,0.3883,0.3884,
1.531,0.2258,0.04359,0.01583,0.009133,0.04048,0.01631,0.01363,0.03469,0.02505,0.02287,0.3884,0.39,
1.53,0.2505,0.04323,0.01593,0.009147,0.04057,0.01642,0.01352,0.03483,0.02505,0.02274,0.3884,0.3902,
1.529,0.2298,0.04272,0.01596,0.009068,0.04061,0.01642,0.01365,0.03477,0.02508,0.02265,0.3884,0.3907,
1.529,0.2289,0.04249,0.01597,0.009033,0.04067,0.01642,0.0137,0.03479,0.02501,0.02265,0.3884,0.3909,
1.534,0.2253,0.04467,0.01605,0.009033,0.04056,0.01646,0.0137,0.03487,0.02501,0.02263,0.3884,0.3886,
1.536,0.2784,0.04473,0.01605,0.009059,0.04053,0.01661,0.01365,0.03483,0.02512,0.02304,0.3882,0.3881,
1.534,0.2403,0.04419,0.01602,0.008991,0.04053,0.01662,0.01365,0.03487,0.02521,0.02287,0.3883,0.3888,
1.532,0.2458,0.04351,0.01598,0.009021,0.04053,0.01652,0.0136,0.03493,0.02521,0.02293,0.3883,0.3895,
1.535,0.2395,0.04473,0.01591,0.009069,0.04027,0.01652,0.0136,0.03493,0.02528,0.02306,0.3883,0.3883,
1.533,0.2641,0.04414,0.01596,0.009078,0.04028,0.01664,0.01359,0.03484,0.02546,0.02265,0.3884,0.3889,
1.531,0.225,0.04313,0.016,0.009088,0.04027,0.01674,0.01349,0.03485,0.02546,0.02265,0.3885,0.3898,
1.531,0.2371,0.04261,0.0161,0.0091,0.04039,0.01669,0.01363,0.03471,0.02579,0.02233,0.3885,0.3902,
1.529,0.2152,0.04199,0.01609,0.009118,0.0403,0.01673,0.01359,0.03472,0.02593,0.02211,0.3886,0.3908,
1.527,0.2332,0.0413,0.01614,0.009149,0.04002,0.01682,0.01352,0.03473,0.02623,0.02176,0.3888,0.3916,
1.525,0.2338,0.04083,0.0161,0.009166,0.04009,0.01674,0.01356,0.03476,0.02668,0.02125,0.3888,0.392,
1.524,0.225,0.04004,0.01606,0.009166,0.04024,0.01679,0.01351,0.03476,0.02668,0.02125,0.3888,0.3927,
1.532,0.2239,0.04344,0.01605,0.009172,0.0403,0.01676,0.01354,0.03475,0.02658,0.0214,0.3888,0.3892,
1.53,0.2197,0.04286,0.01612,0.009195,0.04033,0.0168,0.01356,0.03472,0.0269,0.02084,0.389,0.3897,
1.531,0.2251,0.04338,0.01614,0.009209,0.04033,0.01667,0.01349,0.03475,0.02716,0.02074,0.389,0.3892,
1.529,0.2456,0.04266,0.01611,0.00921,0.04026,0.01661,0.01347,0.03474,0.02723,0.02068,0.389,0.39,
1.525,0.2346,0.04221,0.0162,0.009226,0.04022,0.02172,0.008433,0.03496,0.02694,0.02053,0.3891,0.3904,
1.523,0.2211,0.04142,0.01607,0.009213,0.04022,0.02179,0.008492,0.03488,0.02727,0.02016,0.3891,0.3913,
1.528,0.2335,0.04332,0.01608,0.009211,0.04023,0.02181,0.008459,0.0349,0.02734,0.02032,0.389,0.3893,
1.527,0.2365,0.04325,0.01604,0.009224,0.04013,0.02182,0.008566,0.03487,0.02739,0.01998,0.3892,0.3895,
1.524,0.2199,0.0423,0.01597,0.009217,0.04018,0.02181,0.008561,0.03487,0.02785,0.01951,0.3892,0.3905,
1.527,0.2174,0.04328,0.01605,0.009217,0.0402,0.02148,0.00857,0.03481,0.02809,0.01969,0.3891,0.3895,
1.528,0.2173,0.04394,0.01596,0.009176,0.04041,0.02069,0.008561,0.03475,0.02864,0.01985,0.3889,0.3892,
1.524,0.2235,0.04229,0.01589,0.009136,0.04046,0.02055,0.008657,0.03462,0.0289,0.0196,0.3889,0.391,
1.522,0.2349,0.04105,0.01595,0.009131,0.04117,0.02056,0.008611,0.03469,0.0292,0.01897,0.389,0.3916,
1.519,0.2492,0.0396,0.01592,0.009052,0.04177,0.02061,0.008575,0.03464,0.0292,0.01896,0.3891,0.3925,
1.516,0.2327,0.03877,0.01586,0.009036,0.04178,0.02048,0.008568,0.03461,0.02925,0.01892,0.3892,0.3935,
1.509,0.2368,0.03853,0.01587,0.009062,0.04181,0.01864,0.008473,0.03463,0.02926,0.01864,0.3894,0.3957,
1.525,0.2115,0.04495,0.01591,0.009074,0.04177,0.0185,0.008469,0.03465,0.02921,0.01916,0.3892,0.3891,
1.524,0.2148,0.04469,0.01589,0.009091,0.04186,0.0185,0.008509,0.03461,0.0297,0.01867,0.3892,0.3892,
1.522,0.2167,0.04383,0.01596,0.009091,0.04189,0.01826,0.008495,0.03462,0.02982,0.01852,0.3893,0.3902,
