entropy,entropyInd,RabA,RabB,RabC,RabD,RabE,RabF,RabG,RabH,RabI,xER,xPM,
1.463,0.2772,0.05411,0.01193,0.008016,0.04717,0.02351,0.01285,0.01673,0.01456,0.01487,0.3948,0.4014,
1.463,0.2598,0.05407,0.01193,0.008016,0.04717,0.0233,0.01284,0.01673,0.01456,0.01487,0.3949,0.4016,
1.462,0.2769,0.05399,0.01192,0.008016,0.04712,0.0233,0.01284,0.01673,0.01456,0.01487,0.3949,0.4017,
1.475,0.2534,0.06098,0.01192,0.008015,0.04712,0.02299,0.01281,0.01672,0.01456,0.01498,0.3949,0.395,
1.475,0.2494,0.06086,0.01192,0.008016,0.04706,0.02299,0.01281,0.01672,0.01456,0.01499,0.395,0.3951,
1.475,0.2628,0.06082,0.0119,0.008016,0.047,0.023,0.01281,0.01672,0.01456,0.01499,0.3951,0.3951,
1.474,0.2476,0.06082,0.0119,0.008017,0.04691,0.02288,0.01278,0.01673,0.01457,0.01499,0.3951,0.3953,
1.473,0.238,0.06076,0.01189,0.008022,0.04642,0.02282,0.01279,0.01674,0.01457,0.015,0.3953,0.3956,
1.475,0.2372,0.06136,0.01189,0.008021,0.04629,0.02282,0.01279,0.01673,0.01457,0.01523,0.3953,0.395,
1.474,0.2399,0.06126,0.01188,0.00802,0.04616,0.02274,0.01279,0.01674,0.01458,0.01523,0.3954,0.3952,
1.476,0.2358,0.06116,0.01187,0.008015,0.04613,0.02272,0.01279,0.01673,0.01457,0.01596,0.3951,0.3949,
1.472,0.2386,0.05939,0.01184,0.008016,0.04605,0.02272,0.01279,0.01673,0.01457,0.01596,0.3952,0.3967,
1.471,0.245,0.059,0.01182,0.008017,0.04589,0.02264,0.01278,0.01673,0.01457,0.01596,0.3953,0.3973,
1.466,0.2443,0.05667,0.01176,0.007999,0.04583,0.02261,0.01277,0.01672,0.01457,0.01596,0.3953,0.3998,
1.463,0.2489,0.05553,0.01165,0.007999,0.04584,0.02261,0.01277,0.01673,0.01458,0.01597,0.3954,0.4009,
1.459,0.245,0.05359,0.01164,0.007991,0.04559,0.02258,0.01277,0.01673,0.01458,0.01597,0.3955,0.4031,
1.474,0.2361,0.06107,0.01162,0.007937,0.04531,0.02253,0.01275,0.01673,0.01458,0.01659,0.3954,0.3955,
1.471,0.2306,0.06028,0.01159,0.007923,0.04507,0.02233,0.01274,0.01673,0.01458,0.0166,0.3955,0.3966,
1.476,0.2286,0.06143,0.01156,0.007916,0.04482,0.02219,0.01273,0.01671,0.01457,0.0177,0.3953,0.3951,
1.474,0.2205,0.06111,0.01151,0.007865,0.04466,0.02216,0.01272,0.0167,0.01457,0.01771,0.3953,0.3956,
1.471,0.2178,0.0605,0.01144,0.007815,0.04426,0.02203,0.01273,0.01671,0.01458,0.01772,0.3955,0.3967,
1.469,0.2176,0.05997,0.01141,0.007817,0.04401,0.02178,0.01271,0.0167,0.01458,0.01772,0.3957,0.3976,
1.468,0.2483,0.05976,0.01141,0.007819,0.04373,0.02165,0.01271,0.0167,0.01459,0.01773,0.3958,0.3981,
1.466,0.2183,0.05945,0.0114,0.007821,0.04348,0.02141,0.01268,0.01669,0.01459,0.01773,0.3959,0.3988,
1.464,0.2173,0.05902,0.01139,0.007803,0.04329,0.02133,0.01268,0.01669,0.01459,0.01774,0.396,0.3995,
1.471,0.209,0.06261,0.0113,0.007772,0.04318,0.02126,0.01266,0.01666,0.01459,0.01822,0.3958,0.3959,
1.469,0.2108,0.06173,0.01128,0.007756,0.04312,0.02123,0.01265,0.01665,0.01459,0.01822,0.3959,0.3969,
1.469,0.2066,0.06232,0.01126,0.007759,0.04258,0.02112,0.01264,0.01665,0.0146,0.01835,0.3961,0.3966,
1.468,0.2292,0.06218,0.01126,0.007762,0.04232,0.021,0.01263,0.01665,0.0146,0.01836,0.3962,0.397,
1.466,0.227,0.06177,0.01121,0.007763,0.04201,0.02098,0.01263,0.01664,0.01461,0.01837,0.3964,0.3976,
1.463,0.2461,0.06038,0.01116,0.007722,0.04195,0.02076,0.01262,0.01665,0.01461,0.01837,0.3964,0.3994,
1.462,0.2206,0.05996,0.01129,0.007729,0.04197,0.02058,0.01261,0.01674,0.01451,0.01837,0.3965,0.3997,
1.467,0.2071,0.06298,0.01121,0.007737,0.04198,0.02045,0.01257,0.01671,0.01508,0.01794,0.3966,0.3967,
1.471,0.2085,0.06311,0.01133,0.007728,0.04213,0.02012,0.01259,0.01668,0.01553,0.01864,0.3962,0.396,
1.47,0.2108,0.06239,0.01127,0.007772,0.04222,0.02019,0.01288,0.01638,0.01554,0.0186,0.3962,0.3965,
1.472,0.2105,0.06183,0.01145,0.007771,0.04255,0.02021,0.01286,0.0163,0.01561,0.01917,0.396,0.3963,
1.471,0.2127,0.06138,0.01162,0.007787,0.04259,0.02038,0.01277,0.01627,0.01562,0.01901,0.3961,0.3965,
1.471,0.2178,0.06039,0.01177,0.007802,0.04306,0.02042,0.01265,0.01639,0.01564,0.01884,0.3961,0.397,
1.468,0.2188,0.05928,0.01162,0.007819,0.04306,0.0204,0.01266,0.01629,0.01573,0.01871,0.3962,0.3983,
1.471,0.2177,0.06095,0.01155,0.007774,0.04294,0.02038,0.0127,0.01625,0.01599,0.0186,0.3962,0.3967,
1.472,0.2176,0.06142,0.0116,0.007776,0.04286,0.02028,0.01257,0.01633,0.01615,0.01864,0.3961,0.3963,
1.473,0.2145,0.06112,0.01161,0.007771,0.04255,0.02043,0.01251,0.0163,0.01654,0.01916,0.3958,0.3962,
1.471,0.2263,0.06124,0.01152,0.007783,0.0425,0.0204,0.01247,0.02218,0.01075,0.01921,0.3958,0.3961,
1.474,0.2101,0.06113,0.01189,0.007782,0.04234,0.02046,0.01244,0.02212,0.01091,0.01954,0.3957,0.3957,
1.472,0.2138,0.06099,0.01189,0.007799,0.04198,0.02038,0.01245,0.02206,0.01118,0.01924,0.3959,0.3961,
1.473,0.2173,0.06139,0.01194,0.007825,0.04194,0.0205,0.01237,0.02198,0.01188,0.01856,0.396,0.3956,
1.471,0.218,0.06018,0.01199,0.007806,0.04197,0.02044,0.01237,0.02194,0.01249,0.01792,0.3962,0.3967,
1.469,0.2403,0.05871,0.01205,0.0078,0.04207,0.02052,0.01244,0.02191,0.01263,0.01762,0.3963,0.398,
1.475,0.2181,0.06043,0.01222,0.007806,0.042,0.02035,0.01234,0.0219,0.01258,0.01867,0.3959,0.3958,
1.474,0.2194,0.06013,0.01226,0.007825,0.04183,0.0204,0.01234,0.02186,0.01258,0.01868,0.3961,0.396,
1.474,0.2143,0.05936,0.01241,0.007833,0.04196,0.02048,0.01257,0.02156,0.01264,0.01862,0.3961,0.3965,
1.475,0.2183,0.05965,0.01242,0.007854,0.04196,0.02053,0.01253,0.02147,0.01264,0.01906,0.3959,0.396,
1.476,0.2182,0.05956,0.01243,0.007864,0.04198,0.02061,0.01252,0.0214,0.01279,0.01918,0.3959,0.3958,
1.475,0.2208,0.05921,0.01246,0.007868,0.04192,0.02057,0.01263,0.02132,0.01295,0.01899,0.3959,0.3961,
1.476,0.2191,0.05968,0.01244,0.007886,0.04179,0.02279,0.01049,0.02127,0.01297,0.01924,0.3959,0.3956,
1.476,0.224,0.05912,0.01254,0.00789,0.04177,0.02285,0.01048,0.02115,0.01317,0.01947,0.3958,0.3958,
1.476,0.2255,0.05902,0.01261,0.007907,0.04164,0.02289,0.0104,0.02114,0.01314,0.01948,0.3959,0.3959,
1.476,0.2197,0.05886,0.01257,0.00792,0.0417,0.02301,0.01022,0.02118,0.0131,0.01994,0.3957,0.3958,
1.476,0.2243,0.05825,0.01276,0.007946,0.04183,0.02303,0.01016,0.02118,0.01311,0.01977,0.3959,0.3961,
1.475,0.2271,0.05734,0.01308,0.007965,0.04187,0.02312,0.01012,0.02115,0.01311,0.01968,0.396,0.3966,
1.478,0.2296,0.05807,0.01303,0.007972,0.04191,0.023,0.01002,0.02112,0.01323,0.02042,0.3957,0.3955,
1.476,0.2404,0.05725,0.01315,0.007991,0.04194,0.02258,0.01009,0.02104,0.0133,0.02035,0.3958,0.3965,
1.479,0.2468,0.0577,0.0132,0.008,0.04196,0.02251,0.01009,0.02104,0.01328,0.02108,0.3956,0.3956,
1.479,0.2372,0.05729,0.01307,0.008001,0.04213,0.02234,0.0102,0.02086,0.01326,0.02146,0.3954,0.396,
1.477,0.2419,0.05681,0.01321,0.008001,0.04244,0.0219,0.01024,0.02078,0.0133,0.02143,0.3954,0.3965,
1.476,0.2427,0.05647,0.01322,0.007957,0.04249,0.02169,0.01035,0.0208,0.01327,0.02133,0.3955,0.3969,
1.479,0.2426,0.05724,0.01331,0.007947,0.04262,0.02164,0.01034,0.02071,0.01327,0.02176,0.3954,0.3958,
1.481,0.2437,0.058,0.01334,0.007961,0.04246,0.02152,0.01035,0.02067,0.01329,0.02218,0.3953,0.3949,
1.482,0.2455,0.05769,0.01339,0.007918,0.04245,0.02147,0.01049,0.02051,0.01329,0.02287,0.3951,0.3948,
1.483,0.2482,0.0575,0.01345,0.007937,0.04212,0.02148,0.0105,0.02049,0.01323,0.02331,0.3951,0.3949,
1.481,0.2507,0.0566,0.0135,0.007938,0.04235,0.02144,0.01061,0.02028,0.01323,0.02331,0.3952,0.3956,
1.479,0.2529,0.05589,0.01355,0.007956,0.04229,0.02131,0.01061,0.02021,0.01342,0.02314,0.3953,0.3963,
1.477,0.2524,0.05543,0.01375,0.007933,0.04242,0.02065,0.01068,0.02007,0.01347,0.023,0.3954,0.3972,
1.475,0.2548,0.055,0.01373,0.007829,0.04256,0.02051,0.01073,0.01999,0.01351,0.02288,0.3954,0.3978,
1.475,0.2594,0.05472,0.01382,0.00784,0.0426,0.02052,0.01085,0.0199,0.01362,0.0227,0.3955,0.398,
1.475,0.2575,0.0544,0.01389,0.007841,0.04271,0.0205,0.01071,0.01995,0.01387,0.02234,0.3956,0.3982,
1.473,0.2511,0.05431,0.01399,0.007843,0.04255,0.02201,0.009244,0.01995,0.01372,0.02234,0.3956,0.3984,
1.469,0.2497,0.05338,0.01337,0.007844,0.04237,0.02212,0.009567,0.01957,0.01375,0.02219,0.3958,0.4,
1.467,0.243,0.05268,0.01349,0.007848,0.04236,0.02196,0.009617,0.01949,0.01392,0.02203,0.3959,0.4007,
1.477,0.2408,0.05739,0.01361,0.007848,0.0424,0.02203,0.009615,0.01945,0.01398,0.02204,0.3959,0.3958,
1.477,0.2524,0.05711,0.01362,0.007861,0.04241,0.02203,0.009695,0.01949,0.01407,0.02184,0.3959,0.396,
1.475,0.2536,0.05692,0.01365,0.007807,0.04248,0.0221,0.009656,0.01949,0.01413,0.0213,0.3961,0.3964,
1.474,0.2548,0.05647,0.01353,0.007839,0.04254,0.02196,0.009858,0.01935,0.01419,0.02109,0.3962,0.3969,
1.472,0.256,0.05611,0.01348,0.007871,0.04251,0.02175,0.01001,0.01919,0.01463,0.0205,0.3964,0.3975,
1.471,0.2563,0.05601,0.01355,0.007794,0.04236,0.0215,0.01009,0.01912,0.01474,0.0204,0.3965,0.3979,
1.473,0.2573,0.05705,0.0135,0.00772,0.04241,0.02145,0.01013,0.01912,0.01466,0.02053,0.3965,0.3969,
1.472,0.2582,0.05678,0.01348,0.007685,0.04256,0.02143,0.01013,0.01922,0.01449,0.02053,0.3966,0.3971,
1.475,0.2564,0.05736,0.01358,0.007684,0.04239,0.02122,0.01008,0.01927,0.0145,0.0214,0.3963,0.3962,
1.474,0.2623,0.05703,0.0136,0.007705,0.04237,0.02091,0.01023,0.01912,0.01479,0.02111,0.3963,0.3968,
1.475,0.266,0.05762,0.01372,0.007712,0.04244,0.02063,0.01034,0.019,0.0149,0.02109,0.3963,0.3962,
1.474,0.2662,0.05713,0.01383,0.00775,0.04227,0.02039,0.01046,0.01892,0.01524,0.02068,0.3964,0.3969,
1.473,0.2623,0.05673,0.01391,0.007773,0.04227,0.02037,0.01042,0.019,0.01516,0.02052,0.3966,0.3972,
1.466,0.2835,0.05604,0.01378,0.007772,0.04242,0.02029,0.01048,0.02593,0.008285,0.02039,0.3967,0.3979,
1.465,0.2536,0.05538,0.01363,0.007778,0.04238,0.02022,0.01055,0.02588,0.008618,0.02002,0.3967,0.3988,
1.464,0.2548,0.05504,0.01362,0.007781,0.04247,0.02013,0.01062,0.02575,0.008773,0.01987,0.3968,0.3991,
1.464,0.2549,0.05478,0.0136,0.007791,0.04247,0.02006,0.01082,0.02552,0.009244,0.0194,0.3968,0.3995,
1.466,0.2523,0.05709,0.0138,0.007812,0.04241,0.02261,0.008195,0.02531,0.009312,0.01939,0.3969,0.3972,
1.466,0.2592,0.05664,0.01402,0.007817,0.04247,0.02238,0.008327,0.0252,0.009273,0.01939,0.3969,0.3975,
1.467,0.2531,0.05725,0.0141,0.007826,0.04239,0.02224,0.008253,0.02517,0.009357,0.01968,0.3968,0.3969,
1.466,0.2566,0.05661,0.01425,0.007827,0.04238,0.02214,0.0084,0.02499,0.009358,0.01968,0.3969,0.3975,
1.465,0.2661,0.05627,0.01434,0.007841,0.04225,0.02215,0.008349,0.025,0.009568,0.01935,0.397,0.3979,
1.463,0.2679,0.05551,0.01433,0.007849,0.04235,0.02179,0.008635,0.02471,0.009785,0.01914,0.397,0.3989,
1.463,0.2886,0.05531,0.01438,0.00785,0.04236,0.02174,0.009256,0.024,0.009799,0.01905,0.3971,0.3991,
1.462,0.2692,0.05507,0.01439,0.007872,0.04238,0.02133,0.009329,0.02389,0.01002,0.01883,0.3972,0.3997,
1.46,0.274,0.05451,0.01448,0.007885,0.04273,0.02079,0.009459,0.02376,0.01002,0.01883,0.3972,0.4004,
1.459,0.2738,0.05389,0.01431,0.007898,0.04269,0.02079,0.009702,0.02356,0.01005,0.01877,0.3972,0.4011,
1.468,0.272,0.05769,0.01434,0.007918,0.04278,0.02082,0.009815,0.02337,0.01008,0.0192,0.397,0.397,
1.467,0.275,0.0573,0.01445,0.007946,0.0428,0.02046,0.009896,0.02331,0.01023,0.01895,0.3971,0.3976,
1.467,0.2767,0.05697,0.01447,0.007958,0.04286,0.02034,0.01028,0.02291,0.01062,0.01856,0.3971,0.3979,
1.464,0.2688,0.05646,0.01444,0.007946,0.04317,0.02228,0.008489,0.02259,0.01085,0.01821,0.3972,0.3984,
1.467,0.2695,0.05761,0.01453,0.007964,0.04335,0.02232,0.008354,0.02266,0.01077,0.01833,0.3972,0.3969,
1.468,0.2723,0.05721,0.01471,0.007981,0.0436,0.02214,0.00846,0.02248,0.01078,0.01886,0.397,0.3968,
1.47,0.2714,0.05728,0.01468,0.007975,0.0435,0.02198,0.008267,0.02246,0.01077,0.01995,0.3966,0.3965,
1.471,0.2721,0.0571,0.01467,0.008002,0.04351,0.02177,0.008312,0.02236,0.011,0.02044,0.3964,0.3965,
1.47,0.2707,0.05696,0.01473,0.008019,0.04353,0.02154,0.008428,0.02231,0.01099,0.02025,0.3964,0.3968,
1.469,0.2768,0.05638,0.01498,0.008037,0.0435,0.02134,0.008683,0.02195,0.01109,0.0201,0.3965,0.3974,
1.471,0.2784,0.05681,0.01482,0.008066,0.04347,0.0213,0.00877,0.02184,0.0114,0.02019,0.3965,0.3969,
1.47,0.3009,0.05644,0.01511,0.008084,0.04341,0.02092,0.00886,0.02173,0.01158,0.01985,0.3966,0.3974,
1.47,0.3088,0.0559,0.01522,0.008101,0.0435,0.02066,0.01216,0.01834,0.01165,0.01966,0.3967,0.3981,
1.469,0.3092,0.05529,0.0154,0.008108,0.04356,0.02036,0.01223,0.01826,0.01178,0.01953,0.3967,0.3988,
1.467,0.3073,0.05464,0.01542,0.008105,0.04383,0.02011,0.01223,0.01817,0.01191,0.01936,0.3967,0.3995,
1.466,0.3089,0.05428,0.01558,0.008106,0.04399,0.02001,0.01228,0.01805,0.01202,0.01918,0.3968,0.3997,
1.466,0.3251,0.05412,0.01555,0.008124,0.04386,0.01998,0.01244,0.01788,0.01255,0.01859,0.3969,0.4,
1.464,0.3139,0.05342,0.01569,0.008131,0.04402,0.01994,0.01244,0.01783,0.01251,0.01846,0.397,0.4006,
1.463,0.294,0.05267,0.0157,0.008136,0.04422,0.01998,0.01241,0.01784,0.01252,0.01835,0.3971,0.4011,
1.462,0.2949,0.05245,0.01574,0.008143,0.04419,0.01993,0.01232,0.0179,0.0127,0.01811,0.3971,0.4014,
1.462,0.3132,0.05181,0.01573,0.008172,0.04461,0.02002,0.01252,0.01796,0.01253,0.01784,0.3972,0.4016,
1.46,0.3131,0.05131,0.01565,0.008197,0.04477,0.01998,0.01257,0.01798,0.01249,0.01755,0.3974,0.4021,
1.47,0.2919,0.05552,0.01567,0.008204,0.04529,0.02003,0.01254,0.01787,0.01249,0.01768,0.3974,0.3973,
1.471,0.2868,0.05566,0.0157,0.008202,0.04529,0.01984,0.01261,0.01782,0.01248,0.0182,0.3971,0.397,
1.471,0.2889,0.05553,0.01574,0.008219,0.04533,0.01998,0.01255,0.01778,0.01256,0.01808,0.3972,0.3971,
1.47,0.2886,0.05497,0.01581,0.008229,0.04552,0.01997,0.01254,0.01772,0.01276,0.01767,0.3972,0.3976,
1.47,0.294,0.0545,0.01589,0.008242,0.04568,0.0199,0.01266,0.01758,0.01298,0.01746,0.3973,0.3978,
1.473,0.2874,0.05479,0.01596,0.008277,0.04567,0.01992,0.01278,0.01741,0.01308,0.01812,0.397,0.397,
1.471,0.2915,0.05432,0.01598,0.008241,0.04588,0.01977,0.01293,0.0172,0.01319,0.01788,0.3972,0.3974,
1.471,0.2994,0.05372,0.01616,0.008252,0.04608,0.01981,0.01295,0.01708,0.01334,0.01761,0.3973,0.3978,
1.472,0.295,0.05423,0.01614,0.008265,0.04616,0.01979,0.01299,0.01709,0.01324,0.01786,0.3972,0.3971,
1.472,0.2876,0.05389,0.01622,0.008278,0.04623,0.0199,0.01307,0.01694,0.01316,0.01787,0.3973,0.3972,
1.471,0.2904,0.05364,0.01629,0.008298,0.04596,0.01999,0.01311,0.01691,0.01319,0.01777,0.3974,0.3974,
1.473,0.2852,0.05428,0.01634,0.008304,0.04585,0.0195,0.01327,0.01667,0.01314,0.01835,0.3973,0.397,
1.472,0.2875,0.05399,0.01646,0.00833,0.04572,0.01963,0.01334,0.01647,0.01314,0.01832,0.3974,0.3972,
1.471,0.29,0.05389,0.01658,0.008336,0.04548,0.01966,0.01343,0.01639,0.01316,0.01809,0.3976,0.3973,
1.473,0.2906,0.05364,0.0166,0.008324,0.0454,0.0198,0.0134,0.01638,0.01336,0.01855,0.3973,0.3972,
1.474,0.2874,0.05322,0.01663,0.008332,0.04536,0.01997,0.01314,0.01632,0.01329,0.01934,0.397,0.3974,
1.475,0.2875,0.05367,0.01659,0.008362,0.04509,0.01981,0.01323,0.01618,0.0134,0.01968,0.3969,0.397,
1.476,0.288,0.05336,0.01656,0.008367,0.04544,0.01992,0.0132,0.01613,0.01335,0.0202,0.3968,0.3967,
1.475,0.2909,0.05253,0.0166,0.008324,0.0455,0.02,0.01319,0.01602,0.01348,0.02002,0.3968,0.3975,
1.474,0.2918,0.05232,0.01662,0.008343,0.04555,0.02002,0.0132,0.0159,0.01357,0.01993,0.3969,0.3977,
1.474,0.2933,0.05215,0.01663,0.008338,0.04552,0.02013,0.01309,0.01593,0.01361,0.01982,0.3969,0.3978,
1.478,0.2899,0.05286,0.01675,0.008363,0.04565,0.02014,0.01318,0.01576,0.01364,0.02045,0.3967,0.3965,
1.478,0.2871,0.05263,0.01677,0.008366,0.04551,0.02017,0.01295,0.01574,0.01391,0.02087,0.3965,0.3966,
1.478,0.2952,0.05211,0.0168,0.00839,0.04561,0.0203,0.01289,0.01562,0.01399,0.02079,0.3965,0.3969,
1.477,0.2914,0.05181,0.01679,0.008415,0.04558,0.0203,0.0129,0.01562,0.01427,0.02033,0.3967,0.3973,
1.478,0.2956,0.05184,0.01695,0.008417,0.04581,0.02041,0.01295,0.01547,0.01451,0.02012,0.3967,0.3968,
1.477,0.2882,0.05161,0.01698,0.008431,0.04592,0.02055,0.01289,0.01543,0.01478,0.01973,0.3968,0.3969,
1.477,0.2905,0.05152,0.01695,0.008451,0.04589,0.0207,0.01277,0.01544,0.0148,0.0196,0.3969,0.397,
1.479,0.2901,0.05149,0.01692,0.00846,0.04587,0.02081,0.01265,0.01551,0.01526,0.01968,0.3967,0.3967,
1.478,0.2987,0.0514,0.01693,0.008461,0.04575,0.02087,0.01247,0.0155,0.01545,0.0195,0.3967,0.397,
1.479,0.304,0.05164,0.01708,0.008383,0.0458,0.02092,0.01236,0.0155,0.01544,0.01966,0.3967,0.3965,
1.478,0.2935,0.05149,0.01704,0.00833,0.04577,0.02082,0.01243,0.01537,0.01555,0.01956,0.3967,0.3969,
1.482,0.2942,0.05132,0.01704,0.008327,0.04591,0.02087,0.01233,0.0154,0.01548,0.02107,0.3962,0.396,
1.481,0.2977,0.051,0.01715,0.008346,0.0459,0.02088,0.01236,0.01536,0.01559,0.02074,0.3964,0.3963,
1.48,0.3027,0.05085,0.01714,0.008378,0.04599,0.02084,0.01238,0.01541,0.01549,0.02061,0.3965,0.3965,
1.483,0.2928,0.05086,0.0171,0.008378,0.04599,0.02089,0.01233,0.01533,0.01556,0.02152,0.396,0.396,
1.482,0.2905,0.0506,0.01715,0.008388,0.04585,0.02096,0.01233,0.01526,0.01586,0.02122,0.3963,0.3961,
1.482,0.2956,0.04975,0.01742,0.008394,0.04607,0.0208,0.01239,0.01514,0.01614,0.02133,0.3962,0.3964,
1.482,0.2992,0.04915,0.01769,0.008415,0.04613,0.0208,0.0124,0.01522,0.01637,0.02097,0.3963,0.3966,
1.481,0.3042,0.04833,0.01778,0.00842,0.04633,0.02084,0.01243,0.0152,0.01641,0.02087,0.3964,0.397,
1.48,0.3052,0.04792,0.01798,0.008436,0.04636,0.02057,0.01254,0.01509,0.01641,0.0208,0.3965,0.3974,
1.483,0.3015,0.04878,0.01809,0.008433,0.04625,0.02065,0.01253,0.015,0.01648,0.02116,0.3963,0.3963,
1.486,0.3021,0.04851,0.01821,0.008448,0.04634,0.02062,0.01249,0.01499,0.0165,0.02211,0.3959,0.3959,
1.483,0.2991,0.04747,0.01827,0.008448,0.04644,0.0205,0.01256,0.01496,0.01642,0.02195,0.396,0.397,
1.483,0.2936,0.0471,0.01838,0.008469,0.04662,0.02052,0.01257,0.01484,0.01671,0.02155,0.3961,0.3972,
1.485,0.2929,0.04836,0.01836,0.008473,0.04665,0.02047,0.01255,0.01481,0.017,0.02116,0.3961,0.396,
1.487,0.2859,0.0481,0.01831,0.008414,0.04646,0.02044,0.0126,0.01489,0.01745,0.02181,0.3957,0.3958,
1.485,0.2935,0.0472,0.01838,0.00829,0.04704,0.02063,0.0125,0.01485,0.01786,0.02092,0.3959,0.3964,
1.484,0.2915,0.04704,0.01837,0.008312,0.04682,0.02079,0.01245,0.0148,0.01796,0.02058,0.3961,0.3967,
1.486,0.2886,0.04795,0.01843,0.008288,0.04672,0.02074,0.01246,0.01475,0.01811,0.02072,0.3961,0.3958,
1.487,0.2914,0.04761,0.01857,0.008288,0.04682,0.02075,0.01242,0.01474,0.0181,0.02124,0.3958,0.3956,
1.49,0.2924,0.04706,0.0188,0.008307,0.04695,0.02076,0.01245,0.01473,0.01803,0.02222,0.3954,0.3953,
1.489,0.292,0.04693,0.01889,0.008318,0.04693,0.02064,0.01252,0.01466,0.018,0.02218,0.3955,0.3955,
1.489,0.2949,0.04638,0.01909,0.008353,0.04705,0.02065,0.01251,0.0148,0.01784,0.02204,0.3956,0.3957,
1.487,0.2981,0.04581,0.01916,0.008371,0.04698,0.02075,0.01233,0.01494,0.01831,0.02142,0.3957,0.3963,
1.49,0.3003,0.04639,0.01917,0.008393,0.04704,0.0209,0.01226,0.01502,0.01815,0.02168,0.3956,0.3954,
1.489,0.2987,0.04594,0.01935,0.008398,0.04718,0.02092,0.01239,0.01478,0.01818,0.02158,0.3957,0.3956,
1.488,0.2992,0.04558,0.01933,0.008377,0.04741,0.0208,0.01245,0.01474,0.0183,0.02134,0.3958,0.3959,
1.487,0.3008,0.04531,0.01924,0.008251,0.04743,0.02075,0.01256,0.01482,0.01819,0.02127,0.3958,0.3964,
1.492,0.2998,0.0456,0.01916,0.008271,0.04778,0.02077,0.0124,0.01486,0.01801,0.02313,0.3951,0.3949,
1.492,0.2985,0.04532,0.01932,0.008282,0.0478,0.02078,0.01255,0.01471,0.01804,0.02306,0.3951,0.395,
1.494,0.3128,0.04469,0.0193,0.008306,0.04811,0.02084,0.01249,0.0185,0.01445,0.02378,0.3948,0.3948,
1.494,0.3107,0.04435,0.01939,0.008316,0.04818,0.02087,0.01241,0.01845,0.01484,0.0234,0.3949,0.3949,
1.493,0.3101,0.04421,0.01941,0.008324,0.04813,0.02079,0.0126,0.01845,0.01496,0.02302,0.3949,0.3952,
1.493,0.3076,0.04399,0.0194,0.008352,0.04834,0.0208,0.01254,0.01857,0.01506,0.02272,0.395,0.3953,
1.493,0.3027,0.04412,0.01944,0.008345,0.04831,0.02083,0.01258,0.01844,0.0151,0.02286,0.3949,0.395,
1.494,0.3004,0.04404,0.01943,0.008351,0.04846,0.02083,0.01253,0.01852,0.01511,0.0231,0.3948,0.3948,
1.496,0.2934,0.04393,0.01945,0.008352,0.04821,0.02079,0.01245,0.01863,0.01532,0.02369,0.3946,0.3946,
1.495,0.2943,0.04378,0.01945,0.008373,0.04812,0.02073,0.01245,0.01857,0.01539,0.02358,0.3946,0.3949,
1.493,0.2926,0.04337,0.01951,0.008352,0.04814,0.02059,0.01253,0.01878,0.01511,0.02332,0.3948,0.3955,
1.497,0.2931,0.04416,0.01947,0.008359,0.04822,0.02067,0.01251,0.01877,0.01502,0.024,0.3945,0.3943,
1.496,0.2979,0.04357,0.01965,0.008362,0.04832,0.02078,0.01252,0.01869,0.01515,0.0238,0.3946,0.3946,
1.5,0.2933,0.04378,0.0196,0.008367,0.04821,0.0208,0.01258,0.01857,0.01547,0.02475,0.3941,0.3938,
1.499,0.2913,0.0435,0.0196,0.008381,0.04821,0.02087,0.01255,0.01862,0.01567,0.02446,0.3941,0.394,
1.499,0.2993,0.04345,0.01956,0.008422,0.04814,0.02092,0.01245,0.01888,0.01569,0.02418,0.3942,0.3941,
1.498,0.2968,0.04331,0.0196,0.008444,0.04803,0.02088,0.01256,0.01884,0.01574,0.02394,0.3943,0.3943,
1.497,0.2944,0.04305,0.01957,0.008471,0.04798,0.02089,0.01267,0.01874,0.01583,0.0237,0.3945,0.3946,
1.501,0.2982,0.04298,0.01958,0.008468,0.04819,0.02101,0.01267,0.01869,0.01604,0.02449,0.394,0.3938,
1.501,0.3049,0.04252,0.01957,0.008475,0.04838,0.02107,0.01263,0.01861,0.01612,0.02472,0.394,0.3939,
1.5,0.2971,0.04216,0.0196,0.008496,0.04837,0.02113,0.01253,0.01861,0.01613,0.02473,0.3941,0.3941,
1.499,0.2951,0.04188,0.01967,0.008521,0.04837,0.02118,0.01255,0.01852,0.01638,0.02429,0.3943,0.3944,
1.499,0.3044,0.04164,0.01973,0.008529,0.04831,0.02124,0.01257,0.01844,0.01634,0.0242,0.3944,0.3946,
1.498,0.3035,0.04111,0.01978,0.008559,0.04835,0.0212,0.01256,0.0184,0.01694,0.02361,0.3944,0.3951,
1.497,0.2998,0.04106,0.01979,0.008578,0.04822,0.02119,0.01255,0.01835,0.01697,0.02351,0.3945,0.3953,
1.496,0.3023,0.04078,0.01979,0.008581,0.04833,0.0213,0.01257,0.01833,0.017,0.0232,0.3946,0.3955,
1.495,0.2998,0.0404,0.01979,0.008603,0.04853,0.02131,0.0126,0.01821,0.01707,0.02303,0.3947,0.3958,
1.494,0.3023,0.04002,0.01978,0.008614,0.04865,0.02135,0.0126,0.01827,0.01723,0.02269,0.3947,0.396,
1.494,0.3047,0.0397,0.01983,0.008631,0.0487,0.02141,0.01269,0.01816,0.01722,0.02254,0.3948,0.3963,
1.492,0.301,0.03925,0.01983,0.008572,0.04876,0.02146,0.01272,0.0181,0.01778,0.02186,0.395,0.3967,
1.491,0.2992,0.03915,0.01983,0.008597,0.04854,0.02129,0.0129,0.01796,0.01763,0.02187,0.3951,0.3971,
1.491,0.2998,0.03846,0.01984,0.008607,0.04893,0.02133,0.01672,0.01411,0.01763,0.02187,0.3951,0.3974,
1.49,0.3061,0.03816,0.01991,0.008615,0.04892,0.02144,0.01673,0.01412,0.01764,0.02174,0.3952,0.3976,
1.489,0.308,0.0381,0.01994,0.008658,0.04887,0.02147,0.01688,0.01401,0.01795,0.02109,0.3953,0.3978,
1.489,0.3102,0.03774,0.0199,0.008679,0.04892,0.02148,0.01683,0.01402,0.01813,0.02086,0.3953,0.3981,
1.497,0.3118,0.04001,0.0202,0.008681,0.04898,0.02147,0.01694,0.01409,0.01803,0.02153,0.3951,0.3949,
1.496,0.3153,0.03994,0.02022,0.008708,0.04887,0.02138,0.01698,0.01408,0.01836,0.02106,0.3952,0.3952,
1.496,0.3109,0.03977,0.02027,0.008728,0.04898,0.02146,0.01707,0.01392,0.01844,0.02074,0.3953,0.3953,
1.498,0.2998,0.03993,0.02026,0.00873,0.04898,0.02152,0.01709,0.0137,0.01857,0.02135,0.395,0.3948,
1.497,0.2964,0.03979,0.02026,0.008742,0.04895,0.0215,0.01708,0.01359,0.01883,0.02124,0.395,0.395,
1.497,0.2993,0.0395,0.02032,0.008743,0.04907,0.02131,0.01715,0.01345,0.01895,0.02144,0.3949,0.3952,
1.494,0.3102,0.03883,0.0203,0.008746,0.04924,0.02451,0.014,0.01333,0.01899,0.02137,0.395,0.3957,
1.497,0.321,0.03957,0.02032,0.008732,0.0493,0.02442,0.0141,0.01328,0.01899,0.02181,0.3948,0.3946,
1.497,0.322,0.03936,0.02041,0.008782,0.04927,0.0243,0.01413,0.01322,0.01899,0.02198,0.3948,0.3947,
1.498,0.3239,0.03957,0.02041,0.008803,0.04893,0.02408,0.01426,0.01303,0.0191,0.02224,0.3948,0.3948,
1.497,0.3268,0.03941,0.02044,0.008817,0.04884,0.02423,0.01414,0.01295,0.01938,0.02197,0.3949,0.395,
1.499,0.3233,0.0396,0.02043,0.008816,0.04873,0.02425,0.01409,0.01296,0.01931,0.02262,0.3946,0.3946,
1.5,0.3281,0.0394,0.02048,0.00888,0.04854,0.02433,0.01407,0.01277,0.02002,0.02271,0.3944,0.3944,
1.5,0.3241,0.03919,0.0206,0.008896,0.04856,0.02436,0.01405,0.01273,0.0203,0.0224,0.3944,0.3945,
1.501,0.319,0.03903,0.02079,0.008904,0.04866,0.02438,0.01405,0.01277,0.02022,0.02265,0.3943,0.3942,
1.501,0.3193,0.03887,0.02081,0.008934,0.04857,0.02429,0.01413,0.01335,0.0198,0.02238,0.3944,0.3944,
1.499,0.3192,0.03835,0.02082,0.008942,0.0486,0.02413,0.01419,0.01322,0.01987,0.02223,0.3945,0.3951,
1.498,0.3167,0.03817,0.0209,0.00889,0.04857,0.0242,0.01412,0.01326,0.01997,0.02206,0.3946,0.3953,
1.498,0.3206,0.03778,0.02107,0.008912,0.04867,0.0242,0.01421,0.01321,0.02013,0.02183,0.3946,0.3954,
1.501,0.3215,0.03856,0.02125,0.008913,0.04852,0.02422,0.01434,0.01297,0.02021,0.02238,0.3944,0.3943,
1.501,0.3215,0.03831,0.02129,0.008924,0.04857,0.0243,0.01434,0.01296,0.02029,0.02222,0.3944,0.3944,
1.5,0.3161,0.03816,0.02136,0.008938,0.04854,0.02408,0.01438,0.01302,0.02042,0.02188,0.3945,0.3947,
1.502,0.3131,0.03841,0.0214,0.008955,0.04859,0.02407,0.01437,0.01301,0.02041,0.02214,0.3944,0.3942,
1.503,0.3095,0.03855,0.0214,0.008977,0.0485,0.02391,0.01437,0.01298,0.02044,0.02258,0.3942,0.3941,
1.49,0.2985,0.03824,0.02138,0.009011,0.04854,0.02076,0.01354,0.01299,0.02059,0.02235,0.3943,0.3983,
1.489,0.3111,0.03806,0.02137,0.008847,0.04853,0.02077,0.01366,0.01299,0.02048,0.02227,0.3944,0.3987,
1.488,0.3103,0.03794,0.02136,0.008895,0.04854,0.02076,0.01357,0.01309,0.02077,0.02183,0.3944,0.3988,
1.488,0.3181,0.03782,0.02141,0.008908,0.04849,0.02074,0.01354,0.01317,0.02087,0.02161,0.3944,0.399,
1.487,0.3105,0.03758,0.02147,0.008933,0.04854,0.02066,0.01354,0.01317,0.02096,0.02145,0.3945,0.3992,
1.486,0.3152,0.03723,0.02153,0.008955,0.0485,0.0207,0.0135,0.01321,0.02173,0.02061,0.3946,0.3994,
1.486,0.3148,0.03717,0.02152,0.009002,0.04845,0.02082,0.01343,0.01317,0.02193,0.02027,0.3947,0.3996,
1.497,0.3067,0.0416,0.02157,0.00903,0.04864,0.02096,0.01333,0.01313,0.02193,0.02049,0.3947,0.3946,
1.498,0.3068,0.04155,0.02162,0.009053,0.04878,0.02107,0.0132,0.01308,0.02192,0.02084,0.3946,0.3943,
1.5,0.3063,0.04131,0.02161,0.009044,0.04864,0.02123,0.01309,0.01314,0.02191,0.02149,0.3944,0.3942,
1.498,0.3082,0.04109,0.02153,0.009059,0.04849,0.02135,0.01301,0.01307,0.02198,0.02134,0.3945,0.3946,
1.498,0.3093,0.04091,0.02156,0.00908,0.04842,0.02132,0.01306,0.013,0.02239,0.0209,0.3946,0.3948,
1.498,0.3085,0.04065,0.02129,0.009105,0.0484,0.02135,0.01303,0.01293,0.02239,0.02164,0.3944,0.3949,
1.498,0.3136,0.04057,0.02131,0.009106,0.04832,0.02143,0.01315,0.0129,0.02219,0.02165,0.3944,0.395,
1.501,0.3107,0.041,0.02127,0.009121,0.0485,0.02146,0.01314,0.01301,0.02203,0.02212,0.3943,0.3941,
1.5,0.3071,0.04067,0.02128,0.009112,0.04853,0.02144,0.01315,0.01297,0.02218,0.02198,0.3943,0.3944,
1.499,0.3048,0.04055,0.02127,0.009067,0.04855,0.02144,0.01316,0.01299,0.02243,0.02163,0.3944,0.3946,
1.499,0.2929,0.04046,0.02131,0.00907,0.04843,0.02162,0.01318,0.01292,0.02306,0.02089,0.3944,0.3946,
1.498,0.2913,0.04038,0.02131,0.009087,0.04827,0.0217,0.01318,0.01299,0.02309,0.02048,0.3947,0.3949,
1.497,0.293,0.04009,0.02128,0.009111,0.04834,0.02173,0.0133,0.01284,0.02316,0.02042,0.3947,0.395,
1.496,0.2941,0.03979,0.02119,0.009146,0.04835,0.02173,0.01315,0.01295,0.02313,0.02022,0.3948,0.3956,
1.495,0.2952,0.03967,0.02123,0.009149,0.04834,0.02154,0.01328,0.01278,0.02329,0.02007,0.3948,0.3958,
1.495,0.2975,0.0395,0.02126,0.009177,0.04837,0.02154,0.01324,0.01285,0.02321,0.02007,0.3948,0.3959,
1.493,0.2971,0.03899,0.02121,0.009181,0.04843,0.0217,0.01326,0.01283,0.0231,0.0199,0.3949,0.3965,
1.498,0.2922,0.04081,0.02114,0.009204,0.04832,0.02185,0.01319,0.01283,0.02301,0.0204,0.3948,0.3945,
1.497,0.2867,0.04046,0.02114,0.009267,0.04786,0.02189,0.0132,0.01287,0.02337,0.01992,0.395,0.395,
1.494,0.2922,0.04008,0.02113,0.009307,0.04779,0.02165,0.01328,0.01282,0.02348,0.01955,0.3952,0.3957,
1.498,0.2847,0.0404,0.02123,0.009309,0.04774,0.02171,0.01327,0.0128,0.02352,0.02044,0.3948,0.3947,
1.496,0.2889,0.04004,0.02114,0.009322,0.04769,0.02167,0.01323,0.01295,0.02333,0.02031,0.3949,0.3954,
1.496,0.2875,0.03988,0.02113,0.009359,0.04761,0.02168,0.01318,0.01298,0.02373,0.01983,0.395,0.3956,
1.494,0.2912,0.03966,0.02111,0.009393,0.04762,0.0218,0.01313,0.01312,0.02403,0.01911,0.3951,0.3959,
1.496,0.2922,0.0402,0.02119,0.009388,0.04751,0.02186,0.01305,0.01312,0.0242,0.01924,0.3951,0.3952,
1.495,0.2879,0.03999,0.0212,0.009408,0.04755,0.02175,0.01305,0.01301,0.02441,0.01886,0.3952,0.3956,
1.494,0.2879,0.03967,0.02142,0.009427,0.04735,0.02184,0.01301,0.01297,0.02463,0.01861,0.3953,0.3958,
1.492,0.2862,0.03907,0.02138,0.009453,0.04734,0.02188,0.01298,0.01305,0.02465,0.01828,0.3954,0.3965,
1.491,0.2903,0.03871,0.02162,0.00947,0.04738,0.02178,0.01304,0.01321,0.02466,0.01791,0.3955,0.3967,
1.492,0.3019,0.03847,0.02168,0.009512,0.04734,0.02171,0.01314,0.01536,0.02253,0.01778,0.3956,0.3969,
1.489,0.3057,0.03811,0.02186,0.009561,0.04737,0.02483,0.009942,0.01552,0.0224,0.01758,0.3957,0.3971,
1.489,0.3081,0.03786,0.02184,0.00957,0.04745,0.0247,0.009989,0.01718,0.0207,0.01752,0.3957,0.3975,
1.493,0.3024,0.03967,0.02178,0.00958,0.04752,0.02466,0.009968,0.01717,0.02115,0.01718,0.3957,0.3956,
1.495,0.2879,0.0397,0.02182,0.009593,0.04753,0.02475,0.009843,0.01718,0.02105,0.01802,0.3948,0.3957,
1.494,0.291,0.03924,0.02181,0.009619,0.04763,0.02476,0.01,0.01704,0.02103,0.01792,0.3954,0.3955,
1.493,0.2902,0.03894,0.0218,0.009639,0.04789,0.02453,0.009998,0.01711,0.02108,0.01767,0.3955,0.3958,
1.492,0.296,0.03867,0.02185,0.009613,0.04796,0.02441,0.01009,0.01695,0.02108,0.01767,0.3955,0.3961,
1.489,0.2914,0.03819,0.0217,0.009627,0.04806,0.024,0.01022,0.01686,0.02112,0.01751,0.3956,0.3971,
1.491,0.2898,0.0393,0.02159,0.009649,0.04797,0.02382,0.01027,0.01682,0.02127,0.01741,0.3957,0.3963,
1.49,0.293,0.03923,0.02159,0.00957,0.04791,0.02368,0.01024,0.01686,0.02115,0.01733,0.3957,0.3967,
1.49,0.292,0.03913,0.02163,0.009589,0.04795,0.02372,0.0103,0.0167,0.02148,0.017,0.3957,0.3968,
1.488,0.2986,0.0387,0.02175,0.009608,0.04801,0.02349,0.01025,0.01659,0.02209,0.01631,0.3957,0.3975,
1.486,0.2963,0.0385,0.0217,0.009623,0.0481,0.02335,0.01027,0.01654,0.02202,0.01631,0.3958,0.3978,
1.485,0.3108,0.03842,0.02171,0.009637,0.04813,0.02312,0.01022,0.01655,0.02199,0.01628,0.3958,0.3981,
1.485,0.3128,0.0382,0.02171,0.00966,0.04813,0.0231,0.01016,0.01667,0.02188,0.01619,0.3959,0.3984,
1.482,0.3235,0.03768,0.02156,0.009645,0.04811,0.02278,0.01017,0.01667,0.02247,0.01557,0.3959,0.3994,
1.491,0.3169,0.04108,0.02162,0.009662,0.04824,0.02279,0.0102,0.01658,0.02263,0.01571,0.3958,0.3957,
1.49,0.3172,0.04092,0.02154,0.009713,0.04814,0.02276,0.01026,0.01653,0.02284,0.01539,0.3959,0.396,
1.489,0.3136,0.04061,0.02157,0.009726,0.04828,0.02289,0.01018,0.01653,0.02292,0.01529,0.396,0.3961,
1.489,0.314,0.04023,0.02163,0.009788,0.04847,0.02278,0.01014,0.01653,0.02316,0.01501,0.396,0.3963,
1.488,0.321,0.04009,0.02164,0.00982,0.04856,0.02263,0.01014,0.01657,0.02347,0.01466,0.396,0.3964,
1.487,0.3106,0.04003,0.02168,0.009843,0.04852,0.02236,0.01014,0.01673,0.0234,0.01444,0.3961,0.3968,
1.489,0.2817,0.04091,0.02166,0.009856,0.04845,0.02231,0.01015,0.01686,0.02331,0.01451,0.3961,0.3959,
1.489,0.2834,0.041,0.02167,0.009854,0.04846,0.02209,0.01011,0.0169,0.02361,0.01451,0.396,0.3958,
1.489,0.2843,0.04094,0.02169,0.009882,0.04838,0.02173,0.01004,0.01697,0.02352,0.01485,0.3959,0.3961,
1.488,0.2867,0.04077,0.02173,0.009921,0.04844,0.02166,0.01012,0.01702,0.02369,0.01442,0.3959,0.3963,
1.491,0.2936,0.04136,0.02172,0.009922,0.04845,0.02176,0.01306,0.01411,0.02369,0.01458,0.3958,0.3955,
1.49,0.294,0.04115,0.02168,0.009949,0.04848,0.02149,0.0132,0.01397,0.02382,0.01434,0.3959,0.396,
1.488,0.2941,0.04063,0.02185,0.009958,0.04859,0.02131,0.01317,0.01391,0.02385,0.01419,0.396,0.3965,
1.487,0.2926,0.04037,0.02186,0.009967,0.04875,0.02131,0.0131,0.014,0.02377,0.01404,0.3961,0.3967,
1.487,0.2962,0.03971,0.02225,0.009983,0.0489,0.02137,0.01307,0.01402,0.02367,0.01389,0.3962,0.397,
1.486,0.2956,0.03924,0.02221,0.01001,0.0492,0.02148,0.01306,0.01397,0.02363,0.01381,0.3963,0.3971,
1.485,0.2993,0.03874,0.02227,0.01006,0.0495,0.02126,0.01311,0.01397,0.02376,0.01361,0.3963,0.3974,
1.485,0.301,0.03846,0.02229,0.0101,0.04966,0.02122,0.01316,0.01389,0.02376,0.01361,0.3963,0.3975,
1.483,0.3028,0.03824,0.02236,0.01007,0.04956,0.02132,0.01319,0.01385,0.02408,0.01311,0.3964,0.3978,
1.487,0.2942,0.03955,0.02232,0.0101,0.04961,0.0213,0.01323,0.01376,0.02416,0.01316,0.3964,0.3965,
1.486,0.294,0.03943,0.02233,0.01011,0.04958,0.02129,0.01324,0.01372,0.02408,0.01301,0.3964,0.3968,
1.487,0.2891,0.03956,0.02232,0.01013,0.04968,0.02128,0.01316,0.01371,0.02414,0.01323,0.3964,0.3964,
1.489,0.2897,0.03958,0.02238,0.01008,0.04957,0.0213,0.01307,0.0137,0.02421,0.01399,0.3961,0.396,
1.488,0.2903,0.03942,0.02231,0.01013,0.04961,0.02144,0.01297,0.01382,0.02459,0.01345,0.3961,0.3961,
1.487,0.2908,0.03906,0.02217,0.0101,0.04964,0.02145,0.01284,0.01398,0.02452,0.01328,0.3962,0.3967,
1.488,0.2896,0.03962,0.02213,0.01004,0.04973,0.02128,0.013,0.01379,0.02444,0.01354,0.3962,0.3962,
1.486,0.2901,0.03934,0.02197,0.01004,0.04971,0.02123,0.01311,0.0137,0.02459,0.01332,0.3963,0.3967,
1.485,0.2914,0.03919,0.02194,0.01007,0.04964,0.02098,0.01307,0.01375,0.0245,0.01326,0.3964,0.3972,
1.484,0.2932,0.03908,0.02195,0.0101,0.0496,0.02119,0.01294,0.01386,0.02438,0.01319,0.3964,0.3973,
1.483,0.303,0.03857,0.02178,0.01013,0.04969,0.02127,0.0128,0.01559,0.02268,0.01313,0.3965,0.3978,
1.483,0.3046,0.03826,0.02181,0.01016,0.04988,0.02131,0.01284,0.01565,0.02251,0.01313,0.3966,0.3979,
1.483,0.3214,0.03813,0.02181,0.01017,0.04982,0.02134,0.01289,0.01561,0.02258,0.01297,0.3966,0.398,
1.481,0.3268,0.03776,0.0218,0.0102,0.04969,0.02121,0.0129,0.01875,0.01961,0.01271,0.3967,0.3987,
1.487,0.293,0.03948,0.02177,0.01023,0.04981,0.02125,0.0128,0.01888,0.01947,0.0132,0.3966,0.3965,
1.488,0.2868,0.03942,0.02169,0.01026,0.04969,0.02128,0.01274,0.01895,0.01949,0.01343,0.3965,0.3965,
1.487,0.286,0.03919,0.02165,0.01027,0.0497,0.02125,0.01279,0.01896,0.01939,0.01337,0.3966,0.3968,
1.485,0.2886,0.03864,0.02162,0.01026,0.04971,0.02133,0.01275,0.01906,0.01918,0.01337,0.3966,0.3975,
1.484,0.2868,0.03857,0.02161,0.01028,0.04974,0.02149,0.0126,0.01909,0.01958,0.01265,0.3967,0.3977,
1.488,0.2873,0.03974,0.0216,0.01032,0.04963,0.02126,0.01255,0.01909,0.01945,0.01336,0.3965,0.3965,
1.487,0.2875,0.03948,0.02159,0.01034,0.0497,0.02137,0.01256,0.01907,0.01945,0.01315,0.3966,0.3966,
1.489,0.2891,0.03961,0.0216,0.01035,0.0497,0.02149,0.01257,0.01884,0.0194,0.014,0.3963,0.3961,
1.489,0.2915,0.03938,0.02166,0.01036,0.04974,0.02151,0.0125,0.01884,0.01954,0.01387,0.3963,0.3963,
1.489,0.2919,0.03926,0.02169,0.01039,0.04972,0.0215,0.01261,0.01869,0.01946,0.01387,0.3964,0.3964,
1.488,0.2944,0.03901,0.02165,0.01041,0.04985,0.02138,0.01265,0.01872,0.01939,0.01382,0.3964,0.3967,
1.487,0.3,0.03837,0.02192,0.01043,0.04983,0.02134,0.01277,0.01865,0.01931,0.01382,0.3965,0.3971,
1.49,0.2967,0.03898,0.02192,0.01044,0.04982,0.0214,0.01272,0.01868,0.01924,0.01432,0.3963,0.3962,
1.493,0.2966,0.03906,0.02191,0.01048,0.04986,0.02131,0.01277,0.01863,0.01917,0.01517,0.3959,0.3957,
1.494,0.295,0.03879,0.02188,0.01046,0.04981,0.02136,0.01291,0.01853,0.01913,0.01597,0.3956,0.3956,
1.494,0.3006,0.03862,0.02189,0.01049,0.04991,0.02136,0.01298,0.01841,0.01929,0.0158,0.3956,0.3956,
1.493,0.2978,0.03828,0.02181,0.01053,0.04993,0.02145,0.01299,0.01838,0.01939,0.01548,0.3957,0.3961,
1.492,0.2987,0.03811,0.02196,0.01047,0.04987,0.02145,0.01306,0.01821,0.01945,0.01542,0.3957,0.3963,
1.497,0.2977,0.0384,0.02192,0.01052,0.04976,0.02129,0.01304,0.01839,0.01929,0.01682,0.3952,0.3954,
1.496,0.3006,0.03796,0.02202,0.01055,0.04987,0.02128,0.01324,0.01818,0.01925,0.01673,0.3953,0.3956,
1.497,0.2986,0.03835,0.022,0.01059,0.04992,0.02113,0.01335,0.01802,0.01938,0.01673,0.3953,0.3953,
1.496,0.3036,0.03808,0.02186,0.01059,0.04998,0.02115,0.01348,0.01809,0.01931,0.01649,0.3954,0.3956,
1.496,0.3014,0.03767,0.02214,0.0106,0.04999,0.02128,0.01364,0.01806,0.01906,0.01649,0.3954,0.3957,
1.496,0.3045,0.03723,0.02225,0.01061,0.05027,0.02128,0.01376,0.01801,0.01901,0.01643,0.3954,0.3957,
1.501,0.3029,0.03744,0.02221,0.01062,0.05018,0.02136,0.01376,0.01794,0.01896,0.0181,0.3947,0.3947,
1.5,0.3037,0.03721,0.02218,0.01065,0.05034,0.02137,0.01382,0.01797,0.0188,0.01806,0.3948,0.3948,
1.5,0.3073,0.03699,0.02232,0.01067,0.05026,0.02137,0.01394,0.0181,0.01857,0.01806,0.3948,0.3949,
1.502,0.3083,0.03721,0.02232,0.01066,0.05014,0.02144,0.01391,0.01807,0.01848,0.01867,0.3947,0.3944,
1.501,0.3066,0.03683,0.02225,0.01068,0.05006,0.02147,0.01409,0.01781,0.0186,0.01862,0.3947,0.3949,
1.5,0.326,0.03667,0.02225,0.0107,0.04989,0.02173,0.01379,0.01789,0.01853,0.01852,0.3948,0.3952,
1.499,0.3241,0.03651,0.02231,0.0107,0.04993,0.0219,0.01371,0.01785,0.01856,0.01837,0.3949,0.3953,
1.498,0.3258,0.03596,0.02231,0.01069,0.04987,0.02192,0.01365,0.01794,0.01849,0.01837,0.395,0.3958,
1.5,0.3176,0.03667,0.02239,0.0107,0.04988,0.02294,0.01267,0.01794,0.01829,0.01876,0.3949,0.3949,
1.5,0.3125,0.0366,0.02242,0.01071,0.04985,0.02307,0.01257,0.01802,0.01817,0.01876,0.3949,0.3949,
1.498,0.3063,0.0363,0.02234,0.01071,0.04971,0.02322,0.01253,0.01788,0.01817,0.01877,0.395,0.3954,
1.497,0.3079,0.03557,0.02227,0.01073,0.04984,0.02329,0.01258,0.01777,0.0184,0.01854,0.3951,0.3959,
1.5,0.3125,0.03657,0.0223,0.01075,0.04969,0.02333,0.01255,0.01767,0.01844,0.01884,0.395,0.3948,
1.499,0.3023,0.0365,0.02235,0.01076,0.04957,0.02344,0.01258,0.01755,0.01856,0.01856,0.3951,0.395,
1.498,0.3029,0.03637,0.02242,0.01077,0.04954,0.02331,0.01276,0.01739,0.01857,0.0184,0.3952,0.3952,
1.498,0.3045,0.03624,0.0224,0.01076,0.04943,0.0225,0.01272,0.0173,0.01848,0.01947,0.3948,0.3959,
1.498,0.3047,0.03592,0.02246,0.01077,0.04951,0.02255,0.01273,0.01726,0.01859,0.01936,0.3948,0.396,
1.501,0.3051,0.03707,0.02252,0.01079,0.04972,0.02252,0.01268,0.01725,0.01878,0.01926,0.3948,0.3947,
1.503,0.3043,0.03687,0.02254,0.01082,0.04963,0.02254,0.01277,0.01712,0.01877,0.02002,0.3945,0.3944,
1.504,0.305,0.03704,0.02257,0.01071,0.04957,0.02257,0.01277,0.01707,0.01886,0.02025,0.3944,0.3942,
1.506,0.3045,0.03656,0.02266,0.01071,0.04971,0.02248,0.01287,0.01695,0.01889,0.0214,0.394,0.3938,
1.507,0.3069,0.03666,0.02274,0.01074,0.04949,0.02229,0.01285,0.01685,0.01883,0.02186,0.3939,0.3938,
1.506,0.3078,0.03626,0.02272,0.01078,0.04973,0.02241,0.01277,0.01682,0.01894,0.02176,0.3939,0.3939,
1.506,0.3107,0.03612,0.02274,0.01083,0.04969,0.02251,0.01283,0.0167,0.01902,0.02163,0.394,0.394,
1.505,0.3114,0.03599,0.02281,0.01083,0.04958,0.02241,0.01285,0.01655,0.01907,0.0216,0.394,0.3943,
1.506,0.3088,0.03628,0.02283,0.01086,0.04945,0.02241,0.01289,0.01651,0.01914,0.02162,0.3941,0.3939,
1.506,0.3111,0.03614,0.02281,0.01089,0.04945,0.02255,0.01283,0.01632,0.0192,0.02193,0.394,0.3939,
1.506,0.3135,0.03597,0.02289,0.01089,0.04938,0.02258,0.01279,0.01624,0.0192,0.02193,0.394,0.3941,
1.505,0.322,0.03591,0.02288,0.01093,0.04929,0.02251,0.01275,0.01615,0.01955,0.02158,0.3941,0.3944,
1.504,0.3216,0.03582,0.02284,0.01097,0.04932,0.02243,0.01279,0.01607,0.01969,0.02145,0.3941,0.3945,
1.507,0.3224,0.0363,0.02278,0.01099,0.04933,0.02244,0.0128,0.01602,0.01979,0.02177,0.3939,0.3938,
1.507,0.3229,0.0361,0.02284,0.01092,0.04938,0.02257,0.01273,0.01609,0.01974,0.02183,0.3939,0.3939,
1.506,0.3219,0.03594,0.02283,0.01095,0.04939,0.02268,0.01262,0.01622,0.02029,0.02101,0.394,0.3941,
1.506,0.3231,0.03563,0.02288,0.01099,0.04952,0.02287,0.01243,0.01647,0.02011,0.02094,0.394,0.3941,
1.504,0.326,0.03543,0.02291,0.011,0.04958,0.02273,0.01241,0.01642,0.02004,0.02086,0.3941,0.3945,
1.506,0.3224,0.03591,0.02291,0.01099,0.04954,0.02277,0.01229,0.01638,0.02017,0.02107,0.394,0.3939,
1.505,0.3244,0.03568,0.023,0.01102,0.04961,0.0227,0.01229,0.01631,0.02046,0.02074,0.394,0.3942,
1.504,0.3239,0.03541,0.023,0.01104,0.04963,0.02267,0.01224,0.0163,0.02057,0.02051,0.3941,0.3945,
1.505,0.322,0.03612,0.02301,0.01105,0.04953,0.02259,0.01213,0.01644,0.02036,0.02061,0.3942,0.394,
1.505,0.3236,0.03606,0.023,0.01107,0.04936,0.02263,0.01213,0.01648,0.02044,0.02062,0.3942,0.394,
1.505,0.3227,0.03576,0.02299,0.01108,0.04951,0.02261,0.01218,0.01645,0.02052,0.02051,0.3942,0.3942,
1.505,0.3169,0.03523,0.02301,0.01112,0.04988,0.02261,0.01222,0.01635,0.0205,0.0207,0.3941,0.3942,
1.504,0.3087,0.03513,0.02298,0.01118,0.04967,0.02247,0.01234,0.01625,0.02087,0.0203,0.3942,0.3946,
1.503,0.3078,0.03483,0.02302,0.01122,0.0496,0.02241,0.0123,0.01622,0.02117,0.0199,0.3944,0.3949,
1.506,0.3141,0.03525,0.02297,0.01124,0.04963,0.02243,0.01233,0.01616,0.02124,0.0207,0.3941,0.3939,
