entropy,entropyInd,RabA,RabB,RabC,RabD,RabE,RabF,RabG,RabH,RabI,xER,xPM,
0.8684,0.4196,0.0113,0.008895,0.009409,0.01005,0.007531,0.004842,0.003547,0.005856,0.008246,0.1865,0.7438,
0.8659,0.4186,0.01072,0.008886,0.009409,0.01005,0.007475,0.004842,0.003547,0.005856,0.008294,0.1865,0.7445,
0.863,0.4143,0.01011,0.00886,0.009406,0.009994,0.007384,0.004837,0.003547,0.005857,0.008484,0.1863,0.7452,
0.8615,0.4145,0.00986,0.008835,0.009405,0.009961,0.007339,0.004837,0.003547,0.005857,0.008485,0.1863,0.7456,
0.8585,0.4071,0.009261,0.008801,0.009405,0.009915,0.007316,0.004838,0.003547,0.005857,0.008485,0.1863,0.7463,
0.8571,0.4066,0.008951,0.008781,0.009402,0.009906,0.007222,0.004829,0.003542,0.005857,0.008692,0.1861,0.7467,
0.8572,0.4101,0.008819,0.008756,0.009389,0.009867,0.007214,0.004825,0.003539,0.005852,0.00874,0.1868,0.7462,
0.8566,0.417,0.008626,0.008743,0.009369,0.009837,0.007203,0.004822,0.003535,0.005847,0.008884,0.1867,0.7464,
0.8557,0.3888,0.008567,0.008729,0.009365,0.009836,0.007106,0.004818,0.00353,0.005847,0.008884,0.1867,0.7466,
0.8545,0.3832,0.008421,0.008676,0.009306,0.009814,0.007082,0.004813,0.00353,0.005846,0.008919,0.1867,0.7468,
0.8533,0.3867,0.00826,0.008669,0.009306,0.009787,0.007018,0.004813,0.00353,0.005846,0.008919,0.1868,0.7471,
0.8519,0.3846,0.00809,0.008669,0.009306,0.009787,0.006873,0.004805,0.00353,0.005846,0.008919,0.1868,0.7474,
0.849,0.3793,0.007545,0.008602,0.009304,0.009766,0.006873,0.004805,0.00353,0.005846,0.008919,0.1868,0.7481,
0.8484,0.3784,0.00749,0.008584,0.009305,0.009755,0.006842,0.004797,0.00353,0.005846,0.008919,0.1868,0.7482,
0.8474,0.3817,0.007413,0.008584,0.009305,0.009731,0.006716,0.004798,0.003531,0.005846,0.008919,0.1868,0.7484,
0.8451,0.3784,0.007177,0.008583,0.009304,0.009707,0.006536,0.004779,0.00353,0.005833,0.008904,0.1868,0.7489,
0.8433,0.379,0.006887,0.008581,0.009304,0.009684,0.006459,0.004779,0.00353,0.005833,0.008903,0.1868,0.7493,
0.8414,0.3801,0.006685,0.00858,0.009302,0.009646,0.006304,0.004774,0.003529,0.005833,0.008904,0.1868,0.7497,
0.8411,0.3791,0.006609,0.00858,0.009302,0.009646,0.006304,0.004774,0.003529,0.005833,0.008904,0.1868,0.7497,
0.8425,0.3867,0.006539,0.00858,0.009302,0.009646,0.006289,0.00477,0.003525,0.005833,0.009536,0.1862,0.7498,
0.8453,0.3759,0.006607,0.008556,0.009268,0.009621,0.006282,0.004765,0.003521,0.005826,0.01008,0.1866,0.7489,
0.8446,0.3765,0.006608,0.008557,0.009269,0.009499,0.006232,0.004765,0.003521,0.005827,0.01008,0.1866,0.749,
0.8438,0.3687,0.006398,0.008495,0.009262,0.009496,0.006176,0.004756,0.00352,0.005825,0.01031,0.1866,0.7492,
0.8433,0.3703,0.006307,0.008495,0.009262,0.009467,0.006176,0.004756,0.00352,0.005825,0.01031,0.1866,0.7493,
0.8438,0.3603,0.006383,0.008495,0.009262,0.009467,0.006176,0.004756,0.00352,0.005825,0.01037,0.1865,0.7492,
0.8438,0.3608,0.006383,0.008495,0.009262,0.009452,0.006176,0.004756,0.00352,0.005825,0.01037,0.1865,0.7493,
0.8424,0.358,0.006313,0.008495,0.009263,0.009407,0.006001,0.004756,0.00352,0.005825,0.01037,0.1865,0.7495,
0.8413,0.3568,0.006178,0.008493,0.009258,0.009339,0.005954,0.004752,0.00352,0.005825,0.01037,0.1866,0.7497,
0.841,0.3574,0.006177,0.008482,0.009257,0.009324,0.005931,0.004752,0.00352,0.005825,0.01037,0.1866,0.7498,
0.8406,0.3582,0.006177,0.008482,0.009257,0.009324,0.005856,0.004748,0.003515,0.005825,0.01037,0.1866,0.7499,
0.8401,0.3611,0.006177,0.008482,0.009257,0.009324,0.005753,0.004748,0.003515,0.005825,0.01037,0.1866,0.75,
0.8407,0.3633,0.006173,0.008475,0.009265,0.009323,0.005799,0.004739,0.003495,0.006091,0.01019,0.1866,0.7499,
0.8416,0.3817,0.006171,0.00847,0.009276,0.009388,0.005763,0.004758,0.005491,0.004529,0.009817,0.1865,0.7499,
0.8395,0.4273,0.00608,0.008461,0.009285,0.009373,0.00825,0.002317,0.005444,0.004844,0.009424,0.1866,0.7499,
0.8396,0.3984,0.006216,0.008469,0.009247,0.009329,0.00825,0.00234,0.005452,0.004963,0.009145,0.1868,0.7498,
0.8418,0.3667,0.006251,0.00847,0.009255,0.009418,0.00825,0.00234,0.005452,0.005178,0.009407,0.1863,0.7497,
0.842,0.3688,0.006256,0.008466,0.009259,0.009371,0.008269,0.002316,0.005489,0.00514,0.009563,0.1861,0.7497,
0.8414,0.3636,0.006095,0.008466,0.009264,0.009384,0.008283,0.002279,0.00549,0.005522,0.009182,0.1861,0.7499,
0.8418,0.3605,0.006113,0.008434,0.009275,0.009385,0.008309,0.002235,0.005485,0.005666,0.009209,0.186,0.7499,
0.8434,0.3635,0.006102,0.008427,0.009279,0.009338,0.008299,0.002285,0.005428,0.00592,0.009212,0.1864,0.7493,
0.8446,0.3767,0.006192,0.008414,0.009288,0.009321,0.008268,0.002247,0.005458,0.006101,0.009266,0.1864,0.7491,
0.8446,0.3749,0.006186,0.008413,0.009295,0.009307,0.008268,0.002247,0.005458,0.006321,0.009045,0.1864,0.7491,
0.8443,0.3578,0.006181,0.008405,0.009295,0.009248,0.008268,0.002273,0.005439,0.006518,0.008817,0.1864,0.7491,
0.843,0.3578,0.006056,0.008398,0.009307,0.009246,0.008126,0.002254,0.005478,0.006715,0.008581,0.1864,0.7494,
0.843,0.3671,0.00603,0.008365,0.009245,0.009247,0.008156,0.003159,0.004542,0.006762,0.008535,0.1864,0.7495,
0.8428,0.3696,0.006025,0.008356,0.009255,0.009221,0.00822,0.003084,0.00453,0.006871,0.008427,0.1864,0.7496,
0.8411,0.3631,0.005786,0.008344,0.009271,0.009176,0.008198,0.003084,0.004507,0.006924,0.008336,0.1865,0.7499,
0.8429,0.3639,0.005877,0.008345,0.009286,0.009106,0.008176,0.003102,0.004507,0.007117,0.008647,0.186,0.7499,
0.8436,0.3684,0.005889,0.008335,0.009284,0.009102,0.008169,0.00312,0.004549,0.007132,0.008623,0.1863,0.7495,
0.8439,0.3642,0.00586,0.008336,0.009289,0.009133,0.008127,0.003141,0.004527,0.007151,0.00875,0.1862,0.7495,
0.8442,0.3743,0.005868,0.008318,0.009307,0.009126,0.008091,0.003123,0.004527,0.007244,0.008829,0.186,0.7496,
0.8454,0.3946,0.005923,0.00833,0.009295,0.009074,0.00801,0.003086,0.004515,0.007341,0.009059,0.1863,0.7491,
0.845,0.3874,0.005859,0.008328,0.0093,0.009046,0.00801,0.003086,0.004515,0.007546,0.008854,0.1863,0.7492,
0.8424,0.3992,0.00561,0.008322,0.009314,0.009014,0.007777,0.003031,0.004514,0.007849,0.00855,0.1863,0.7497,
0.842,0.4002,0.005672,0.008318,0.009318,0.008983,0.007625,0.00305,0.004476,0.007915,0.008562,0.1862,0.7499,
0.8404,0.4193,0.005548,0.008312,0.00926,0.009005,0.007461,0.003021,0.004476,0.007915,0.008562,0.1863,0.7502,
0.8392,0.3974,0.00551,0.008311,0.009264,0.009025,0.007246,0.002998,0.004476,0.008097,0.00838,0.1863,0.7504,
0.8396,0.3767,0.005651,0.008306,0.009272,0.009004,0.007072,0.002998,0.004475,0.008151,0.008513,0.1861,0.7505,
0.8389,0.3706,0.005626,0.008296,0.009271,0.008976,0.006962,0.003002,0.00445,0.008229,0.008434,0.1863,0.7505,
0.8383,0.3748,0.005598,0.008302,0.009278,0.008976,0.00695,0.002981,0.004454,0.008214,0.008346,0.1863,0.7506,
0.8372,0.3761,0.005522,0.008299,0.009283,0.008994,0.006875,0.002925,0.004454,0.00828,0.008227,0.1863,0.7508,
0.8373,0.3762,0.005512,0.008299,0.009293,0.009031,0.006761,0.002907,0.004473,0.00852,0.008164,0.1862,0.7509,
0.8353,0.3793,0.005443,0.00829,0.009263,0.009015,0.006484,0.00291,0.004454,0.008634,0.008051,0.1862,0.7513,
0.8344,0.3847,0.005472,0.008279,0.009274,0.008974,0.00628,0.002892,0.004472,0.009006,0.007656,0.1863,0.7514,
0.8329,0.3897,0.005464,0.008277,0.009279,0.008951,0.00604,0.002912,0.004428,0.009118,0.007544,0.1863,0.7517,
0.8317,0.4012,0.005324,0.008272,0.009289,0.008938,0.005963,0.002899,0.004434,0.009302,0.007335,0.1863,0.752,
0.8309,0.391,0.005271,0.008278,0.009255,0.008938,0.00591,0.002926,0.004441,0.009464,0.007123,0.1863,0.7521,
0.8301,0.3834,0.005234,0.008271,0.00926,0.008948,0.005831,0.002896,0.004437,0.009638,0.006936,0.1863,0.7523,
0.8299,0.4392,0.005227,0.008266,0.009268,0.008928,0.005802,0.002933,0.009681,0.004524,0.006768,0.1863,0.7523,
0.83,0.4024,0.005134,0.008263,0.009224,0.008928,0.005812,0.00296,0.009644,0.004585,0.006916,0.1861,0.7524,
0.8304,0.4018,0.005254,0.008253,0.009184,0.008927,0.005754,0.002974,0.009644,0.00472,0.006839,0.186,0.7524,
0.83,0.4145,0.005247,0.008253,0.009145,0.008913,0.005705,0.003012,0.009607,0.004841,0.006718,0.186,0.7525,
0.8293,0.4273,0.005243,0.00824,0.009095,0.008899,0.005626,0.003084,0.009521,0.005025,0.006533,0.186,0.7527,
0.8293,0.4215,0.005238,0.008237,0.009103,0.008885,0.005626,0.003167,0.009471,0.005023,0.006503,0.186,0.7527,
0.8295,0.4094,0.005223,0.008243,0.009104,0.00887,0.005638,0.003151,0.009487,0.005136,0.006367,0.1863,0.7525,
0.8289,0.4084,0.005208,0.008238,0.00912,0.008859,0.005561,0.003221,0.009431,0.00523,0.006192,0.1863,0.7526,
0.8287,0.416,0.005155,0.008234,0.009128,0.008897,0.00556,0.003221,0.00945,0.00526,0.006143,0.1863,0.7527,
0.8282,0.3809,0.005147,0.008231,0.009138,0.00884,0.005495,0.003272,0.009431,0.005291,0.006075,0.1863,0.7528,
0.8304,0.3778,0.005266,0.008223,0.009148,0.008825,0.005476,0.003304,0.009394,0.005357,0.006511,0.1858,0.7527,
0.8302,0.3956,0.005258,0.008218,0.00915,0.008806,0.005364,0.003303,0.009453,0.005413,0.006386,0.1862,0.7524,
0.8298,0.396,0.005177,0.008219,0.009156,0.008793,0.005373,0.00333,0.009434,0.005433,0.006347,0.1862,0.7525,
0.8299,0.4004,0.005171,0.008217,0.009109,0.008793,0.005373,0.003349,0.009543,0.005429,0.006343,0.1861,0.7526,
0.8295,0.4003,0.005166,0.008214,0.009116,0.008767,0.005349,0.003336,0.009524,0.005513,0.006258,0.1861,0.7527,
0.8286,0.4053,0.00516,0.008203,0.009128,0.008744,0.005251,0.003355,0.01015,0.00495,0.006182,0.1861,0.7528,
0.8289,0.3984,0.005183,0.008185,0.009101,0.008782,0.005269,0.00333,0.01015,0.004953,0.006252,0.186,0.7528,
0.8285,0.4103,0.00513,0.008183,0.009107,0.008768,0.005258,0.003336,0.01017,0.004992,0.006183,0.186,0.7528,
0.8295,0.4035,0.005223,0.008173,0.00912,0.008753,0.005258,0.003355,0.01015,0.005101,0.00624,0.1859,0.7528,
0.8292,0.3853,0.005214,0.00817,0.009127,0.00867,0.005258,0.003431,0.01007,0.005167,0.006174,0.1859,0.7528,
0.8293,0.4083,0.005202,0.008167,0.009125,0.00864,0.005256,0.003444,0.01012,0.005341,0.005919,0.1862,0.7526,
0.8296,0.382,0.005187,0.008164,0.009105,0.008573,0.005265,0.003431,0.01018,0.005771,0.005652,0.186,0.7527,
0.8302,0.3618,0.005259,0.008149,0.009053,0.008565,0.005282,0.00343,0.01015,0.005788,0.00571,0.1862,0.7524,
0.8304,0.3592,0.005284,0.008142,0.009061,0.008551,0.005237,0.0034,0.01017,0.005814,0.005826,0.186,0.7525,
0.8313,0.373,0.00523,0.008125,0.009082,0.00858,0.005247,0.004716,0.008825,0.006015,0.005608,0.186,0.7526,
0.8334,0.3733,0.005323,0.008107,0.009083,0.008576,0.005245,0.004732,0.008875,0.005994,0.005917,0.1861,0.7521,
0.8331,0.3757,0.00531,0.008111,0.009063,0.008576,0.005327,0.004697,0.008833,0.006165,0.005702,0.1861,0.7521,
0.836,0.3669,0.005483,0.008103,0.009037,0.008562,0.005325,0.004715,0.008826,0.006183,0.006334,0.1854,0.752,
0.8386,0.3619,0.005628,0.008109,0.00904,0.008562,0.005355,0.004723,0.008788,0.006337,0.006712,0.1849,0.7519,
0.8402,0.3928,0.005568,0.008093,0.00904,0.008655,0.006776,0.004352,0.00769,0.006469,0.006635,0.1858,0.7509,
0.8408,0.3802,0.005613,0.008079,0.009019,0.00864,0.006791,0.004389,0.007638,0.006528,0.006737,0.1857,0.7509,
0.8398,0.3885,0.005556,0.00805,0.008992,0.008635,0.006721,0.004407,0.007611,0.006543,0.006707,0.1857,0.7511,
0.839,0.3868,0.00543,0.008051,0.008999,0.008594,0.006747,0.004413,0.007555,0.006543,0.006707,0.1857,0.7513,
0.8364,0.3821,0.005212,0.008036,0.009017,0.008551,0.006747,0.004455,0.007548,0.006408,0.006399,0.1861,0.7515,
0.8368,0.3833,0.005374,0.008029,0.00902,0.008513,0.006555,0.00444,0.007575,0.00645,0.006572,0.1859,0.7516,
0.8358,0.3872,0.005324,0.008017,0.009028,0.008513,0.006388,0.004559,0.007455,0.00645,0.006572,0.1859,0.7518,
0.8347,0.3871,0.005197,0.008025,0.009032,0.00853,0.006276,0.00456,0.007464,0.006479,0.006516,0.1859,0.752,
0.8349,0.376,0.005162,0.007967,0.009037,0.0085,0.006201,0.004628,0.007381,0.006529,0.00682,0.1855,0.7523,
0.8362,0.381,0.005239,0.007965,0.009042,0.008444,0.006181,0.00466,0.007387,0.006707,0.006961,0.1852,0.7522,
0.8358,0.3684,0.00509,0.007949,0.009047,0.008373,0.006192,0.004719,0.007306,0.006732,0.006926,0.1858,0.7519,
0.8356,0.3811,0.004962,0.007941,0.00906,0.008467,0.00621,0.004719,0.007287,0.006926,0.006732,0.1858,0.7519,
0.8356,0.3833,0.004961,0.007931,0.009072,0.008467,0.00624,0.004738,0.00728,0.007011,0.006604,0.1858,0.7519,
0.8356,0.3937,0.004945,0.00792,0.009085,0.008467,0.00624,0.004757,0.007294,0.006979,0.006603,0.1858,0.7519,
0.8351,0.4024,0.004841,0.007918,0.00909,0.008467,0.006259,0.004757,0.007312,0.006942,0.006603,0.1858,0.752,
0.8347,0.4047,0.004785,0.007907,0.008992,0.008466,0.006293,0.004784,0.007279,0.007121,0.00649,0.1858,0.7521,
0.8359,0.4156,0.004903,0.007898,0.009008,0.008451,0.006256,0.008756,0.003322,0.007218,0.006908,0.1852,0.752,
0.8359,0.4036,0.004835,0.007891,0.009009,0.008493,0.006185,0.0088,0.003342,0.007261,0.006787,0.1857,0.7517,
0.8351,0.3533,0.004706,0.007888,0.009016,0.00848,0.00823,0.006728,0.003351,0.007339,0.006681,0.1857,0.7519,
0.8361,0.3577,0.00477,0.007881,0.008967,0.008442,0.008282,0.006703,0.003312,0.007431,0.006855,0.1856,0.7517,
0.8345,0.3524,0.004565,0.007875,0.008973,0.008409,0.008231,0.006689,0.003284,0.007492,0.006795,0.1856,0.752,
0.8338,0.3658,0.004558,0.007871,0.008945,0.008395,0.008231,0.006998,0.002976,0.007492,0.006726,0.1857,0.7521,
0.8348,0.3565,0.004572,0.007867,0.008958,0.008477,0.008123,0.007044,0.002949,0.007474,0.007064,0.1853,0.7522,
0.8286,0.3832,0.004612,0.007858,0.00896,0.00847,0.006444,0.006903,0.005118,0.005315,0.007404,0.1849,0.754,
0.8289,0.3803,0.004758,0.007842,0.008921,0.00847,0.006434,0.006808,0.005127,0.005433,0.007374,0.1848,0.754,
0.8305,0.3811,0.004833,0.007823,0.008931,0.008498,0.006474,0.006757,0.005133,0.005396,0.007785,0.1844,0.754,
0.8266,0.3857,0.004699,0.007807,0.008925,0.008463,0.005693,0.00669,0.005097,0.005434,0.007693,0.1855,0.754,
0.8256,0.3873,0.00469,0.007796,0.008929,0.008457,0.005471,0.006685,0.005122,0.005477,0.007695,0.1854,0.7543,
0.8248,0.3812,0.004583,0.007797,0.008891,0.008457,0.005459,0.006698,0.005122,0.00547,0.007664,0.1854,0.7544,
0.8266,0.3836,0.004752,0.007786,0.008902,0.008425,0.005426,0.006678,0.005144,0.005629,0.007794,0.1854,0.7541,
0.8259,0.3864,0.004677,0.007778,0.008912,0.008396,0.005382,0.006697,0.005125,0.005664,0.007759,0.1854,0.7542,
0.8256,0.3917,0.00467,0.007767,0.008921,0.008377,0.005415,0.006617,0.005107,0.005917,0.007506,0.1854,0.7543,
0.8255,0.3988,0.004617,0.00776,0.008931,0.0084,0.005388,0.006556,0.005107,0.005953,0.007621,0.1852,0.7544,
0.8251,0.4101,0.004601,0.007761,0.00894,0.008361,0.005377,0.006541,0.005147,0.005961,0.007555,0.1852,0.7545,
0.8249,0.4064,0.004594,0.007749,0.00892,0.008334,0.005445,0.006473,0.005188,0.006405,0.00707,0.1853,0.7546,
0.8231,0.3927,0.004284,0.007741,0.008891,0.008324,0.005584,0.006364,0.005158,0.006703,0.006772,0.1853,0.7549,
0.8228,0.3955,0.00426,0.007734,0.0089,0.008345,0.005603,0.006342,0.005138,0.006722,0.006706,0.1853,0.7549,
0.8226,0.3963,0.004252,0.007722,0.008912,0.008321,0.005602,0.006318,0.005132,0.006811,0.0066,0.1854,0.7549,
0.8247,0.3987,0.004362,0.007724,0.00887,0.008321,0.005617,0.006315,0.005139,0.006811,0.0071,0.1849,0.7549,
0.8238,0.396,0.004282,0.007715,0.008882,0.008277,0.005569,0.006296,0.005138,0.00681,0.0071,0.1849,0.755,
0.8247,0.4105,0.00442,0.007706,0.008887,0.008258,0.005617,0.006286,0.005116,0.006885,0.007118,0.1848,0.7549,
0.8249,0.414,0.004383,0.007707,0.008817,0.008269,0.005644,0.006251,0.005131,0.007138,0.006837,0.1853,0.7545,
0.8246,0.4095,0.004377,0.00771,0.00882,0.008183,0.005644,0.006251,0.005152,0.007154,0.006801,0.1853,0.7546,
0.824,0.4099,0.004347,0.007703,0.008828,0.008197,0.005611,0.006254,0.005115,0.007154,0.006755,0.1854,0.7547,
0.8253,0.4112,0.004502,0.007684,0.008834,0.008201,0.005609,0.006308,0.005092,0.007153,0.006881,0.1852,0.7545,
0.8282,0.4028,0.004718,0.007678,0.008838,0.008197,0.005602,0.006275,0.00509,0.007241,0.007274,0.1851,0.754,
0.8282,0.4028,0.004685,0.007675,0.008843,0.008228,0.005636,0.006259,0.005072,0.007241,0.007274,0.1851,0.754,
0.827,0.3966,0.00451,0.007665,0.00885,0.0082,0.005644,0.006264,0.005023,0.007268,0.007247,0.1851,0.7542,
0.8269,0.3974,0.004503,0.007667,0.008855,0.008187,0.005644,0.006264,0.005054,0.007236,0.007247,0.1851,0.7542,
0.8267,0.3827,0.00446,0.007671,0.008859,0.008187,0.005678,0.006271,0.005044,0.007238,0.007216,0.1851,0.7543,
0.8272,0.3944,0.004444,0.007665,0.008866,0.008252,0.006675,0.005292,0.00505,0.007432,0.007095,0.185,0.7542,
0.8269,0.3885,0.004439,0.007653,0.008883,0.008238,0.006679,0.005247,0.005046,0.007469,0.007058,0.185,0.7543,
0.8265,0.3904,0.004345,0.007644,0.008892,0.008236,0.006659,0.005217,0.005059,0.007649,0.00686,0.1852,0.7542,
0.8253,0.3888,0.004173,0.007624,0.008898,0.008185,0.006674,0.005222,0.005054,0.007634,0.00686,0.1852,0.7545,
0.8248,0.3934,0.004161,0.007606,0.008904,0.008179,0.006661,0.005195,0.005014,0.007635,0.00686,0.1852,0.7546,
0.8238,0.3883,0.004156,0.007603,0.008911,0.008152,0.006537,0.005206,0.004996,0.007715,0.006748,0.1852,0.7547,
0.8227,0.39,0.004145,0.007593,0.008921,0.008138,0.006343,0.005202,0.005035,0.007794,0.006603,0.1852,0.755,
0.8202,0.3936,0.004143,0.007578,0.008928,0.008125,0.005953,0.005225,0.004951,0.008164,0.00621,0.1852,0.7555,
0.8198,0.3973,0.004142,0.007575,0.008932,0.008125,0.005934,0.005221,0.004951,0.008382,0.005922,0.1853,0.7555,
0.8208,0.3939,0.00409,0.007564,0.008944,0.008117,0.00593,0.005202,0.004982,0.008559,0.006162,0.1849,0.7556,
0.8183,0.4068,0.00396,0.007555,0.008855,0.008111,0.005742,0.00606,0.004077,0.00867,0.006051,0.1849,0.756,
0.8204,0.4109,0.004061,0.007549,0.008863,0.008097,0.005766,0.006048,0.004093,0.008889,0.006304,0.1844,0.756,
0.8224,0.4152,0.004052,0.007524,0.008856,0.008078,0.005723,0.006041,0.005163,0.007849,0.00646,0.1851,0.7552,
0.8221,0.4165,0.004006,0.007503,0.008865,0.008093,0.005725,0.006035,0.005256,0.007911,0.006289,0.1851,0.7552,
0.8209,0.4268,0.004,0.00749,0.008874,0.008088,0.005511,0.006135,0.00519,0.007878,0.006289,0.1851,0.7555,
0.8202,0.4158,0.003994,0.007481,0.008844,0.008088,0.005442,0.006111,0.005167,0.007912,0.006255,0.1851,0.7556,
0.8215,0.4189,0.004062,0.007472,0.008858,0.0081,0.005423,0.006135,0.005151,0.008014,0.006463,0.1847,0.7556,
0.8211,0.4146,0.004002,0.007459,0.008868,0.008134,0.0054,0.00612,0.005166,0.0082,0.006263,0.1847,0.7557,
0.8225,0.4295,0.004037,0.007457,0.008789,0.008134,0.005385,0.006116,0.005235,0.008308,0.006576,0.1842,0.7557,
0.8233,0.4235,0.004109,0.007445,0.00875,0.008115,0.005404,0.006128,0.005205,0.008455,0.006656,0.184,0.7557,
0.8217,0.4637,0.004213,0.007419,0.008761,0.008102,0.008757,0.002697,0.005323,0.008422,0.00657,0.184,0.7557,
0.8211,0.4447,0.00421,0.007396,0.008772,0.008087,0.008704,0.002705,0.005312,0.009074,0.005919,0.184,0.7558,
0.8213,0.4037,0.004367,0.007383,0.008737,0.008077,0.008627,0.002723,0.005293,0.009074,0.00592,0.184,0.7558,
0.8194,0.3955,0.004019,0.007373,0.008748,0.00809,0.008613,0.002737,0.005315,0.009061,0.005874,0.184,0.7561,
0.821,0.3982,0.004064,0.007365,0.008746,0.008081,0.008562,0.002823,0.005193,0.009122,0.005996,0.1847,0.7553,
0.8197,0.3899,0.004045,0.007357,0.008712,0.008069,0.008514,0.00274,0.005167,0.009401,0.005717,0.1847,0.7556,
0.8175,0.3908,0.004036,0.007354,0.00872,0.008067,0.008102,0.00272,0.005198,0.009627,0.005381,0.1849,0.7559,
0.8151,0.3972,0.003992,0.007342,0.008732,0.008061,0.007666,0.002705,0.005215,0.009592,0.005381,0.1849,0.7564,
0.8131,0.3972,0.003885,0.007336,0.00874,0.008018,0.007497,0.002662,0.00524,0.0096,0.005296,0.1849,0.7568,
0.812,0.4132,0.003881,0.007327,0.008746,0.008013,0.007309,0.002653,0.005252,0.009582,0.005278,0.1849,0.7571,
0.8115,0.4129,0.003881,0.00732,0.008752,0.008006,0.007241,0.002638,0.005307,0.009682,0.005122,0.1849,0.7571,
0.8111,0.4186,0.003874,0.007315,0.008764,0.007999,0.007186,0.002642,0.005302,0.009716,0.005069,0.1849,0.7572,
0.8056,0.4209,0.003869,0.007291,0.008767,0.007998,0.006209,0.00257,0.005337,0.0097,0.004963,0.185,0.7583,
0.805,0.4122,0.003858,0.007276,0.00877,0.007984,0.006161,0.002555,0.005375,0.009704,0.004923,0.1849,0.7585,
0.8062,0.413,0.003916,0.007265,0.008782,0.007986,0.00611,0.002521,0.005393,0.009854,0.005131,0.1846,0.7585,
0.8051,0.43,0.003776,0.007264,0.008785,0.007962,0.006086,0.002502,0.00547,0.009848,0.005061,0.1846,0.7587,
0.8049,0.425,0.003689,0.007256,0.008786,0.007942,0.006084,0.002501,0.005468,0.00989,0.005013,0.1849,0.7585,
0.8056,0.4216,0.003793,0.007244,0.008732,0.007929,0.006123,0.0024,0.005486,0.009906,0.005249,0.1846,0.7585,
0.8045,0.4144,0.003658,0.007224,0.008696,0.007955,0.006054,0.00242,0.005491,0.009881,0.005249,0.1846,0.7588,
0.803,0.4125,0.003654,0.007222,0.008703,0.007955,0.006575,0.001808,0.005446,0.009916,0.00518,0.1846,0.7589,
0.8026,0.4074,0.003651,0.007217,0.008711,0.007955,0.006512,0.001808,0.005446,0.009946,0.00515,0.1846,0.759,
0.8021,0.4074,0.003651,0.007208,0.00872,0.007896,0.006451,0.001807,0.005515,0.009946,0.005082,0.1846,0.7591,
0.8019,0.4217,0.003644,0.007199,0.008725,0.007848,0.006449,0.001794,0.005524,0.009952,0.005046,0.1849,0.759,
0.8017,0.4042,0.003639,0.007198,0.008731,0.007848,0.006425,0.001808,0.005494,0.009998,0.004999,0.1849,0.759,
0.8012,0.4042,0.003621,0.007196,0.008737,0.007862,0.006368,0.001827,0.0055,0.01022,0.004728,0.1849,0.7591,
0.8011,0.4131,0.003617,0.007189,0.008746,0.007855,0.006396,0.001848,0.005467,0.01026,0.004666,0.1849,0.7591,
0.8001,0.4157,0.003611,0.007186,0.008755,0.007855,0.006237,0.001829,0.005574,0.01031,0.004507,0.1849,0.7593,
0.7993,0.4249,0.00361,0.007175,0.008768,0.007841,0.006097,0.001843,0.005556,0.01038,0.004435,0.1849,0.7594,
0.802,0.4079,0.003776,0.007159,0.008778,0.007826,0.006049,0.001874,0.00551,0.01046,0.004971,0.1843,0.7593,
0.8024,0.4252,0.003776,0.007151,0.008785,0.007799,0.006058,0.002416,0.005002,0.01045,0.004934,0.1843,0.7594,
0.8016,0.4214,0.003678,0.007145,0.008791,0.007774,0.006033,0.002458,0.004968,0.01046,0.004894,0.1843,0.7595,
0.801,0.433,0.003637,0.007151,0.008795,0.007806,0.006017,0.002402,0.004967,0.01048,0.004854,0.1843,0.7596,
0.8015,0.4167,0.003601,0.007145,0.008789,0.007822,0.006046,0.002392,0.004983,0.01044,0.004833,0.1848,0.7592,
0.801,0.4174,0.003597,0.007122,0.008777,0.007793,0.005991,0.002448,0.004963,0.01041,0.004833,0.1848,0.7593,
0.8006,0.4242,0.003548,0.007087,0.008765,0.007809,0.006005,0.002455,0.004994,0.01035,0.004832,0.1848,0.7594,
0.7997,0.4282,0.003456,0.00708,0.00877,0.007768,0.006013,0.002468,0.004993,0.01039,0.004733,0.1848,0.7595,
0.7994,0.4391,0.003351,0.007076,0.008778,0.00787,0.00603,0.002465,0.005022,0.01058,0.004502,0.1848,0.7595,
0.7998,0.4311,0.003388,0.007071,0.008785,0.007864,0.005889,0.002529,0.00498,0.01071,0.004612,0.1845,0.7596,
0.8002,0.435,0.003435,0.007063,0.008796,0.007886,0.005821,0.0025,0.004999,0.01073,0.004715,0.1844,0.7597,
0.8004,0.4288,0.003411,0.007052,0.008804,0.007894,0.005831,0.002499,0.004978,0.01072,0.004712,0.1847,0.7594,
0.7998,0.4313,0.003406,0.007039,0.008815,0.007872,0.005735,0.002514,0.004977,0.01076,0.00466,0.1847,0.7595,
0.8001,0.4275,0.00336,0.007031,0.008824,0.00786,0.005735,0.002539,0.004979,0.01076,0.004796,0.1846,0.7596,
0.8032,0.4266,0.003411,0.007028,0.00882,0.007841,0.005788,0.002551,0.00494,0.01071,0.00539,0.1846,0.7589,
0.8049,0.419,0.003462,0.007017,0.008828,0.007838,0.005734,0.002517,0.004938,0.01075,0.005761,0.1845,0.7586,
0.8045,0.4211,0.003457,0.007005,0.008845,0.007824,0.00571,0.00254,0.004954,0.01072,0.005709,0.1845,0.7587,
0.804,0.4186,0.003402,0.007001,0.008812,0.007811,0.005711,0.002583,0.00491,0.01086,0.005571,0.1845,0.7588,
0.8048,0.4222,0.003527,0.006993,0.008821,0.007794,0.006192,0.002097,0.004903,0.01103,0.005672,0.1842,0.7587,
0.8048,0.4111,0.003467,0.006982,0.008835,0.007835,0.006236,0.002086,0.005013,0.01094,0.005616,0.1842,0.7588,
0.8056,0.4145,0.003558,0.006976,0.008845,0.007835,0.006274,0.002072,0.005341,0.01064,0.005607,0.1842,0.7587,
0.805,0.4216,0.003557,0.006969,0.008851,0.007808,0.006174,0.002082,0.005391,0.01061,0.005575,0.1842,0.7588,
0.8053,0.402,0.003525,0.006967,0.008851,0.007833,0.006172,0.002081,0.005389,0.01064,0.005539,0.1845,0.7585,
0.8052,0.4026,0.003523,0.006959,0.00886,0.007833,0.006172,0.002081,0.005408,0.01071,0.005445,0.1845,0.7585,
0.8046,0.3997,0.003464,0.006951,0.008868,0.007808,0.006114,0.002081,0.005501,0.01062,0.005445,0.1845,0.7587,
0.8046,0.4185,0.003417,0.006934,0.008887,0.007795,0.005943,0.002101,0.005514,0.01058,0.005779,0.1842,0.7589,
0.8054,0.4194,0.003523,0.006927,0.008791,0.007826,0.005943,0.002121,0.005541,0.01081,0.005688,0.184,0.7589,
0.8046,0.4218,0.003467,0.006923,0.008797,0.007819,0.005899,0.002121,0.005559,0.01087,0.005543,0.184,0.759,
0.8046,0.4209,0.003321,0.006913,0.008801,0.007773,0.005905,0.002109,0.005579,0.01086,0.005644,0.1844,0.7587,
0.8044,0.4239,0.003321,0.006903,0.008811,0.007759,0.005887,0.002138,0.005546,0.01097,0.005534,0.1844,0.7587,
0.8073,0.4028,0.003648,0.006895,0.008821,0.007774,0.005803,0.002067,0.00556,0.01093,0.006116,0.1838,0.7586,
0.8068,0.4343,0.003648,0.006892,0.008824,0.00776,0.00576,0.002053,0.005574,0.01111,0.005922,0.1838,0.7586,
0.8077,0.4285,0.003736,0.006871,0.008836,0.007742,0.005698,0.00208,0.005534,0.01112,0.005993,0.1842,0.7582,
0.8073,0.4024,0.003644,0.006839,0.008831,0.007757,0.005696,0.002028,0.005561,0.01117,0.006079,0.184,0.7584,
0.8089,0.3906,0.003797,0.006832,0.00884,0.007736,0.005742,0.002064,0.005489,0.01119,0.006275,0.1838,0.7583,
0.809,0.3893,0.00373,0.006821,0.008856,0.007715,0.005681,0.00206,0.005521,0.01122,0.006471,0.1835,0.7584,
0.808,0.3905,0.003596,0.006803,0.008856,0.007699,0.005694,0.002044,0.005621,0.01113,0.006441,0.1835,0.7586,
0.8093,0.3906,0.003747,0.006788,0.008858,0.007654,0.005647,0.002042,0.005578,0.01122,0.006462,0.184,0.758,
0.8085,0.3902,0.003564,0.006782,0.008866,0.007658,0.005665,0.002067,0.005603,0.01115,0.006461,0.1841,0.7581,
0.8077,0.3862,0.003512,0.006773,0.008876,0.00763,0.005904,0.001825,0.005655,0.01117,0.006375,0.1841,0.7582,
0.8068,0.3881,0.003418,0.00677,0.008882,0.00763,0.005913,0.001771,0.005637,0.01117,0.006375,0.1841,0.7584,
0.8059,0.4079,0.003293,0.006763,0.008894,0.007616,0.005905,0.001783,0.005639,0.01115,0.006334,0.1841,0.7586,
0.8053,0.4118,0.003215,0.00673,0.008888,0.007607,0.005917,0.001804,0.005625,0.0112,0.006274,0.1841,0.7587,
0.8074,0.4121,0.003309,0.006722,0.008896,0.007639,0.005917,0.001826,0.005621,0.01128,0.006624,0.1836,0.7586,
0.8069,0.3882,0.003178,0.00671,0.008898,0.007623,0.005905,0.001788,0.005645,0.01125,0.00662,0.1841,0.7583,
0.8071,0.3861,0.003225,0.006703,0.008907,0.00761,0.005862,0.0019,0.005534,0.0114,0.006501,0.184,0.7583,
0.8072,0.3968,0.003173,0.006696,0.008797,0.007597,0.005836,0.001884,0.007185,0.01019,0.006184,0.1841,0.7584,
0.8068,0.4088,0.003163,0.006676,0.008784,0.007551,0.005854,0.001866,0.007231,0.01029,0.006044,0.1841,0.7585,
0.8069,0.4036,0.003223,0.006667,0.008792,0.007538,0.005889,0.001841,0.007198,0.01076,0.005673,0.184,0.7585,
0.8062,0.4023,0.00316,0.00666,0.008801,0.007511,0.005867,0.001845,0.007225,0.01092,0.005464,0.184,0.7586,
0.8067,0.4199,0.003156,0.006649,0.008816,0.007511,0.005872,0.001868,0.007193,0.01095,0.00558,0.1838,0.7586,
0.8074,0.3953,0.003293,0.006633,0.008799,0.007511,0.00585,0.001879,0.00724,0.01089,0.00564,0.1837,0.7585,
0.8074,0.411,0.003218,0.00663,0.0088,0.007563,0.005867,0.001853,0.007239,0.01087,0.005638,0.184,0.7583,
0.808,0.4141,0.003331,0.006626,0.008805,0.007563,0.005852,0.001849,0.007271,0.01085,0.005645,0.184,0.7582,
0.8077,0.4073,0.003327,0.006626,0.008809,0.007563,0.005809,0.001848,0.007293,0.01092,0.00554,0.184,0.7583,
0.8056,0.4637,0.003161,0.006626,0.008813,0.007597,0.005737,0.001867,0.0125,0.005695,0.005521,0.184,0.7585,
0.8066,0.4467,0.003239,0.006622,0.008819,0.007617,0.005775,0.001829,0.01252,0.005695,0.005643,0.1839,0.7584,
0.8077,0.4136,0.003282,0.006612,0.008825,0.007597,0.00572,0.001858,0.0125,0.005764,0.005856,0.1837,0.7583,
0.8079,0.4141,0.00328,0.006602,0.008826,0.00759,0.005754,0.001876,0.01246,0.005809,0.005788,0.1839,0.7581,
0.8098,0.4111,0.003471,0.006589,0.0088,0.007591,0.005697,0.001885,0.01247,0.005796,0.006169,0.1835,0.758,
0.8095,0.4144,0.003454,0.006586,0.008807,0.007589,0.005641,0.001885,0.01249,0.005778,0.006169,0.1835,0.7581,
0.8084,0.4156,0.003335,0.006572,0.008807,0.007572,0.00561,0.001868,0.01249,0.005809,0.006028,0.1839,0.758,
0.8083,0.4263,0.003334,0.006566,0.008815,0.007558,0.005628,0.001849,0.01251,0.005791,0.006028,0.1839,0.758,
0.8097,0.3915,0.003389,0.006558,0.008825,0.007532,0.005582,0.001826,0.01252,0.005803,0.006486,0.1834,0.7581,
0.8097,0.3934,0.003336,0.006548,0.008831,0.007548,0.005857,0.001586,0.01248,0.0058,0.006483,0.1838,0.7577,
0.8088,0.3833,0.003332,0.006541,0.008767,0.00752,0.005777,0.001596,0.01246,0.005818,0.006428,0.1839,0.7579,
0.8087,0.3852,0.003329,0.006535,0.008778,0.00752,0.005785,0.001598,0.01243,0.005879,0.006368,0.1838,0.758,
0.8081,0.3877,0.003232,0.006533,0.008784,0.00756,0.005743,0.001593,0.01245,0.006007,0.006222,0.1838,0.7581,
0.8084,0.413,0.003254,0.006534,0.008785,0.00756,0.005743,0.001593,0.01245,0.006043,0.006223,0.1838,0.758,
0.808,0.4194,0.003251,0.006527,0.008794,0.007546,0.005683,0.001607,0.01243,0.00623,0.006036,0.1838,0.7581,
0.8081,0.4027,0.003241,0.006521,0.008747,0.007518,0.005647,0.00166,0.01238,0.006315,0.006121,0.1837,0.7582,
0.8096,0.4108,0.003345,0.006515,0.008757,0.007503,0.005624,0.001685,0.01235,0.006443,0.006292,0.1834,0.7581,
0.8092,0.4057,0.003345,0.006498,0.00876,0.007503,0.005587,0.001706,0.01235,0.0065,0.006179,0.1834,0.7582,
0.8086,0.3926,0.00321,0.006495,0.008702,0.007499,0.005614,0.001676,0.01235,0.006648,0.006025,0.1838,0.758,
0.8083,0.3939,0.003208,0.006479,0.008705,0.0075,0.005647,0.00162,0.01238,0.006685,0.005952,0.1838,0.7581,
0.8082,0.3865,0.003208,0.006469,0.008713,0.007487,0.00561,0.001673,0.01235,0.006667,0.005952,0.1838,0.7581,
0.8082,0.3824,0.003202,0.006471,0.008718,0.007487,0.005631,0.001671,0.01236,0.006763,0.005827,0.1838,0.7581,
0.807,0.3726,0.003026,0.006464,0.008726,0.007484,0.00559,0.001703,0.01234,0.006986,0.005583,0.1838,0.7583,
0.8061,0.3644,0.0029,0.006434,0.008729,0.007484,0.005566,0.001749,0.01229,0.007127,0.005443,0.1838,0.7585,
0.8098,0.3604,0.003092,0.006432,0.008734,0.007479,0.005542,0.001748,0.01228,0.007145,0.006271,0.1829,0.7584,
0.8146,0.3835,0.003087,0.006416,0.008732,0.007472,0.005548,0.006513,0.007476,0.007373,0.005979,0.1836,0.7578,
0.8144,0.419,0.003085,0.006412,0.008738,0.007458,0.005529,0.006513,0.007457,0.007434,0.005918,0.1836,0.7578,
0.8152,0.3893,0.003246,0.006405,0.008742,0.007464,0.005495,0.006571,0.007372,0.007501,0.005913,0.1836,0.7577,
0.8134,0.3973,0.002917,0.006403,0.008747,0.007531,0.005479,0.006578,0.007378,0.007584,0.005786,0.1836,0.758,
0.8134,0.4133,0.002916,0.006397,0.008754,0.007531,0.005545,0.006523,0.007366,0.007625,0.005745,0.1836,0.758,
0.8128,0.4188,0.00282,0.006391,0.00876,0.007524,0.005556,0.006538,0.00737,0.007697,0.005637,0.1836,0.7581,
0.8167,0.4112,0.003127,0.00639,0.008758,0.0075,0.005495,0.006568,0.007348,0.007711,0.006236,0.1833,0.7576,
0.8167,0.4109,0.003107,0.00639,0.008762,0.007501,0.005541,0.006541,0.00733,0.007743,0.006204,0.1833,0.7576,
0.8165,0.41,0.003105,0.006389,0.008766,0.007501,0.005522,0.006537,0.007354,0.007767,0.006155,0.1833,0.7576,
0.8164,0.4096,0.003105,0.006384,0.008771,0.007486,0.005538,0.006556,0.007355,0.007916,0.005969,0.1833,0.7576,
0.8163,0.4082,0.003099,0.006381,0.008777,0.007485,0.005568,0.006542,0.007336,0.007994,0.005813,0.1836,0.7575,
0.8157,0.3968,0.00297,0.006373,0.008783,0.007473,0.005587,0.006584,0.0073,0.008013,0.005827,0.1834,0.7577,
0.8153,0.3957,0.002871,0.006368,0.00879,0.007497,0.00562,0.006588,0.007263,0.008057,0.005781,0.1835,0.7577,
0.8144,0.3928,0.002746,0.00636,0.008799,0.007515,0.005579,0.006588,0.007259,0.008116,0.005708,0.1835,0.7578,
0.8136,0.4123,0.00274,0.006344,0.008802,0.007479,0.005577,0.006602,0.007216,0.008309,0.005439,0.1836,0.7579,
0.8177,0.4036,0.002995,0.006332,0.008817,0.007479,0.005522,0.006546,0.007261,0.00834,0.006276,0.1827,0.7578,
0.8179,0.4158,0.002993,0.006324,0.008813,0.00746,0.005517,0.006559,0.007289,0.008427,0.006026,0.1834,0.7572,
0.8178,0.397,0.002992,0.006317,0.00882,0.007447,0.005517,0.006581,0.007267,0.008546,0.005906,0.1834,0.7572,
0.8178,0.3715,0.002971,0.006317,0.008826,0.007463,0.005517,0.006636,0.007212,0.008601,0.005851,0.1834,0.7572,
0.8177,0.3653,0.002866,0.006301,0.008788,0.007461,0.005536,0.006618,0.007269,0.008574,0.006024,0.1832,0.7573,
0.8183,0.3643,0.002914,0.006298,0.008797,0.007461,0.005554,0.00664,0.007263,0.00854,0.006136,0.1831,0.7573,
0.8183,0.3656,0.002859,0.006291,0.0088,0.007458,0.005582,0.006646,0.007242,0.008519,0.006134,0.1833,0.7571,
0.818,0.3721,0.002859,0.00628,0.008811,0.007417,0.005599,0.006627,0.007286,0.008696,0.005914,0.1833,0.7572,
0.8191,0.3703,0.002929,0.006262,0.008813,0.007403,0.005569,0.007037,0.006845,0.008726,0.006192,0.183,0.7572,
0.8188,0.377,0.002924,0.006262,0.008819,0.007376,0.005551,0.00705,0.006827,0.008726,0.006192,0.183,0.7572,
0.8208,0.3698,0.002979,0.006252,0.008745,0.007342,0.00546,0.007065,0.006815,0.008746,0.006674,0.1832,0.7567,
