entropy,entropyInd,RabA,RabB,RabC,RabD,RabE,RabF,RabG,RabH,RabI,xER,xPM,
0.8684,0.4196,0.0113,0.008895,0.009409,0.01005,0.007531,0.004842,0.003547,0.005856,0.008246,0.1865,0.7438,
0.8681,0.4089,0.01129,0.008872,0.009386,0.01004,0.007437,0.004835,0.003546,0.005854,0.008243,0.1868,0.7437,
0.8694,0.4046,0.01142,0.008872,0.009386,0.01004,0.007321,0.004832,0.003541,0.005854,0.008658,0.1864,0.7437,
0.8701,0.4012,0.01147,0.008872,0.009358,0.01004,0.007252,0.004827,0.003541,0.005854,0.008981,0.1861,0.7437,
0.8698,0.4039,0.01147,0.008872,0.009358,0.01004,0.007201,0.004827,0.003541,0.005854,0.008981,0.1861,0.7438,
0.87,0.3999,0.01146,0.008865,0.009349,0.01003,0.007126,0.004819,0.003538,0.00585,0.008974,0.1867,0.7433,
0.8697,0.3867,0.01152,0.008864,0.009346,0.01001,0.006932,0.004818,0.003538,0.005849,0.009082,0.1867,0.7434,
0.8705,0.3878,0.0116,0.008864,0.009346,0.009988,0.006931,0.004817,0.003537,0.005848,0.009249,0.1865,0.7433,
0.8707,0.3797,0.01165,0.008861,0.009342,0.009984,0.006763,0.004805,0.003536,0.005846,0.009439,0.1866,0.7432,
0.87,0.379,0.01165,0.00886,0.009343,0.009973,0.006622,0.004805,0.003536,0.005846,0.009439,0.1866,0.7433,
0.8695,0.3789,0.01165,0.00886,0.009343,0.00996,0.006536,0.004805,0.003536,0.005846,0.009439,0.1866,0.7434,
0.8685,0.3837,0.01123,0.008848,0.009325,0.00996,0.006416,0.004805,0.003536,0.005846,0.009916,0.1861,0.744,
0.8656,0.3586,0.01093,0.008831,0.009277,0.00996,0.006176,0.004786,0.003536,0.005834,0.009901,0.1861,0.7446,
0.8615,0.372,0.00996,0.008775,0.00927,0.009956,0.006158,0.00478,0.003529,0.005831,0.009897,0.1865,0.7453,
0.8612,0.3643,0.009838,0.008726,0.009199,0.009943,0.006141,0.004776,0.003525,0.005831,0.01021,0.1862,0.7456,
0.8585,0.3601,0.009285,0.008712,0.009199,0.00994,0.006108,0.004768,0.003525,0.00583,0.01021,0.1862,0.7462,
0.8569,0.3609,0.008922,0.008669,0.009194,0.009935,0.005936,0.004766,0.003523,0.005827,0.01038,0.1864,0.7464,
0.8557,0.3669,0.008763,0.008624,0.009191,0.009936,0.005886,0.004766,0.003523,0.005827,0.01038,0.1864,0.7467,
0.8547,0.3583,0.008516,0.008604,0.009191,0.009906,0.005856,0.004758,0.003513,0.005827,0.01056,0.1863,0.747,
0.8529,0.3636,0.00814,0.008586,0.00919,0.009906,0.005856,0.004758,0.003513,0.005827,0.01056,0.1863,0.7474,
0.8532,0.3581,0.00815,0.008542,0.009186,0.009906,0.005856,0.004758,0.003514,0.005827,0.01072,0.1861,0.7474,
0.8541,0.3553,0.008253,0.008525,0.009186,0.009892,0.005856,0.004758,0.003513,0.005827,0.01092,0.1859,0.7474,
0.8537,0.3523,0.008156,0.0085,0.009162,0.009864,0.005817,0.004755,0.003509,0.005827,0.01114,0.1857,0.7476,
0.8527,0.3564,0.008039,0.008484,0.009148,0.009835,0.005776,0.004755,0.003509,0.005827,0.01114,0.1857,0.7478,
0.853,0.3514,0.007999,0.008455,0.009094,0.009801,0.005753,0.004747,0.003506,0.005823,0.01124,0.1862,0.7474,
0.853,0.3516,0.008031,0.008447,0.00904,0.009801,0.005753,0.004747,0.003506,0.005818,0.01131,0.1862,0.7474,
0.8535,0.3503,0.008037,0.008446,0.008999,0.009785,0.005752,0.004746,0.003505,0.005817,0.01147,0.1861,0.7473,
0.8531,0.3518,0.007999,0.008431,0.008995,0.009761,0.005752,0.004746,0.003505,0.005817,0.01147,0.1862,0.7474,
0.8519,0.3509,0.00788,0.008417,0.008993,0.009746,0.005649,0.004741,0.003505,0.005817,0.01147,0.1862,0.7476,
0.8517,0.3485,0.007818,0.008413,0.008991,0.009731,0.005648,0.00474,0.003505,0.005817,0.01147,0.1863,0.7476,
0.8514,0.3535,0.00776,0.008399,0.008991,0.009731,0.005648,0.00474,0.003505,0.005817,0.01147,0.1863,0.7476,
0.8513,0.3666,0.007694,0.008395,0.008998,0.009707,0.005645,0.004741,0.004757,0.004734,0.01128,0.1863,0.7478,
0.8522,0.3677,0.007774,0.00839,0.009005,0.009698,0.005682,0.004723,0.004757,0.004904,0.01122,0.1862,0.7477,
0.8522,0.3715,0.007669,0.008359,0.009008,0.009763,0.005754,0.004648,0.004781,0.005259,0.01084,0.1862,0.7477,
0.8519,0.3713,0.007592,0.008377,0.009013,0.009805,0.005774,0.004607,0.004823,0.005414,0.01058,0.1862,0.7478,
0.8517,0.3763,0.007544,0.008384,0.008975,0.009805,0.005774,0.004607,0.004841,0.005556,0.01042,0.1862,0.7478,
0.8519,0.3765,0.007609,0.008379,0.00895,0.009794,0.005788,0.004624,0.004865,0.005509,0.01044,0.1862,0.7478,
0.8514,0.3978,0.007487,0.008359,0.008955,0.009778,0.008219,0.002222,0.004825,0.005574,0.01084,0.1862,0.7475,
0.8507,0.4034,0.007408,0.008363,0.008961,0.009779,0.008122,0.002219,0.004852,0.005724,0.01066,0.1862,0.7477,
0.8506,0.3823,0.0074,0.008359,0.008968,0.009732,0.00809,0.002246,0.004845,0.006072,0.01028,0.1862,0.7478,
0.8513,0.3901,0.007394,0.008361,0.008978,0.009767,0.008084,0.002651,0.004509,0.006052,0.01033,0.1861,0.7477,
0.8512,0.3956,0.007232,0.008368,0.008986,0.00982,0.008121,0.002602,0.004491,0.006236,0.01031,0.186,0.7479,
0.851,0.3949,0.007211,0.008367,0.008926,0.00982,0.008121,0.002633,0.004461,0.006414,0.01013,0.186,0.7479,
0.851,0.3905,0.007281,0.00835,0.008896,0.009777,0.008059,0.00261,0.00448,0.006656,0.01001,0.1858,0.748,
0.8492,0.3912,0.00706,0.008332,0.008863,0.009747,0.007976,0.002583,0.004518,0.006759,0.009863,0.1858,0.7484,
0.8442,0.3945,0.007109,0.008339,0.008864,0.009723,0.006944,0.002515,0.004487,0.006879,0.009793,0.1858,0.7496,
0.8447,0.3919,0.007126,0.008321,0.008875,0.009658,0.006893,0.002514,0.004465,0.006945,0.009848,0.1862,0.7492,
0.8449,0.3954,0.007163,0.008321,0.008881,0.009645,0.006868,0.00251,0.004469,0.007049,0.009809,0.1861,0.7492,
0.8447,0.3982,0.006995,0.008309,0.008894,0.00975,0.006843,0.002513,0.004447,0.007397,0.00953,0.186,0.7493,
0.8445,0.394,0.006974,0.008313,0.008892,0.00972,0.006819,0.002519,0.004428,0.007494,0.009422,0.1862,0.7492,
0.8436,0.412,0.00697,0.008313,0.008896,0.009677,0.006793,0.0025,0.004428,0.007559,0.009189,0.1864,0.7493,
0.8415,0.4199,0.006706,0.008304,0.008911,0.009669,0.00665,0.002472,0.004423,0.007725,0.009023,0.1864,0.7498,
0.8414,0.4022,0.006737,0.0083,0.008917,0.009624,0.006651,0.002449,0.004423,0.007957,0.008851,0.1862,0.7499,
0.8416,0.3939,0.006795,0.008296,0.008879,0.00962,0.006592,0.00243,0.004423,0.007957,0.009002,0.1861,0.7499,
0.8428,0.3762,0.006982,0.008291,0.008886,0.00962,0.006529,0.002468,0.004366,0.008051,0.009124,0.1859,0.7498,
0.8419,0.3789,0.0068,0.008294,0.008888,0.009638,0.006524,0.00245,0.004366,0.008147,0.009026,0.1859,0.75,
0.843,0.4001,0.006916,0.008293,0.008891,0.009607,0.006521,0.004751,0.002062,0.008385,0.008913,0.1861,0.7495,
0.842,0.3951,0.006759,0.008291,0.008896,0.009607,0.006521,0.004727,0.002062,0.008453,0.008807,0.1862,0.7497,
0.8428,0.3872,0.00689,0.008289,0.008904,0.009591,0.006483,0.004708,0.002076,0.008587,0.008788,0.1861,0.7495,
0.8421,0.3951,0.006869,0.008269,0.008869,0.00956,0.006466,0.004713,0.002038,0.008656,0.00872,0.1862,0.7497,
0.8417,0.4001,0.006848,0.008257,0.008833,0.00955,0.006465,0.004731,0.002046,0.009212,0.008135,0.1862,0.7498,
0.8407,0.3952,0.006704,0.00824,0.008792,0.009579,0.006442,0.004738,0.002027,0.009212,0.008136,0.1862,0.75,
0.8415,0.3935,0.006791,0.008235,0.008792,0.009573,0.006347,0.004727,0.002008,0.009341,0.00825,0.1861,0.7498,
0.841,0.3893,0.006767,0.008218,0.008802,0.009561,0.006281,0.004723,0.002007,0.009392,0.008199,0.1861,0.7499,
0.8399,0.3894,0.006683,0.008192,0.008806,0.009518,0.006258,0.004759,0.001933,0.009689,0.007902,0.1862,0.7501,
0.8407,0.3897,0.006788,0.008184,0.008811,0.009496,0.006212,0.004777,0.001942,0.009866,0.007899,0.186,0.7501,
0.8405,0.3907,0.006746,0.008176,0.008819,0.009464,0.006243,0.004782,0.001941,0.01004,0.007682,0.1861,0.75,
0.8414,0.3749,0.006872,0.008173,0.008828,0.009449,0.006777,0.004156,0.001969,0.01017,0.007836,0.1858,0.75,
0.841,0.3735,0.00687,0.008158,0.008844,0.009449,0.006766,0.004182,0.001923,0.01023,0.007741,0.1858,0.75,
0.8427,0.3698,0.006945,0.008129,0.008855,0.009442,0.006775,0.004149,0.001973,0.01023,0.008174,0.1853,0.75,
0.8439,0.3695,0.006972,0.008121,0.008858,0.009419,0.006747,0.004128,0.001971,0.01034,0.008197,0.186,0.7493,
0.8441,0.3874,0.007071,0.008117,0.008868,0.00942,0.007333,0.003426,0.001971,0.01044,0.008307,0.1858,0.7493,
0.8431,0.383,0.00697,0.008113,0.008852,0.00942,0.007281,0.003454,0.002009,0.01058,0.008043,0.1858,0.7495,
0.8418,0.3813,0.0068,0.008118,0.008858,0.009396,0.00718,0.00348,0.002016,0.01063,0.007956,0.1858,0.7498,
0.8409,0.3814,0.006777,0.008124,0.008863,0.009364,0.007095,0.003496,0.001996,0.01103,0.007503,0.1859,0.7499,
0.8421,0.3815,0.006862,0.008105,0.008874,0.009364,0.007048,0.003474,0.002043,0.01108,0.007763,0.1855,0.7499,
0.8428,0.3872,0.006976,0.008104,0.008881,0.009364,0.006967,0.003466,0.002069,0.01113,0.00786,0.1853,0.7499,
0.8427,0.3728,0.006896,0.0081,0.008883,0.009396,0.006869,0.003449,0.002136,0.01121,0.007696,0.1859,0.7495,
0.845,0.3731,0.007073,0.008105,0.008892,0.009396,0.006921,0.003434,0.002147,0.01131,0.007989,0.1854,0.7493,
0.8443,0.3738,0.007043,0.008066,0.008896,0.009402,0.006824,0.003434,0.002176,0.01141,0.007862,0.1854,0.7495,
0.8431,0.3773,0.006968,0.008046,0.008854,0.009402,0.006694,0.003465,0.002154,0.01143,0.007858,0.1854,0.7497,
0.8428,0.3835,0.006849,0.008039,0.008849,0.009471,0.007392,0.002718,0.002186,0.01149,0.008045,0.1851,0.7499,
0.8397,0.381,0.006478,0.008024,0.008854,0.009442,0.007135,0.002729,0.00222,0.01149,0.007989,0.1851,0.7505,
0.8356,0.3773,0.006296,0.007972,0.00886,0.009434,0.006635,0.002643,0.002248,0.01153,0.007879,0.1851,0.7514,
0.8373,0.3714,0.006405,0.007951,0.008861,0.00944,0.006685,0.002616,0.002243,0.01161,0.007924,0.1856,0.7507,
0.8355,0.3833,0.006161,0.007939,0.008867,0.009423,0.0067,0.002601,0.002243,0.01205,0.007373,0.1857,0.7509,
0.8325,0.3799,0.00615,0.007946,0.008871,0.009408,0.006116,0.002618,0.002272,0.01233,0.007039,0.1857,0.7515,
0.8322,0.3983,0.006145,0.007942,0.008877,0.009396,0.006097,0.002614,0.00229,0.01257,0.00678,0.1857,0.7516,
0.8319,0.3888,0.006059,0.00794,0.008888,0.009467,0.006012,0.002603,0.002305,0.01284,0.006601,0.1856,0.7517,
0.8303,0.3856,0.005986,0.007937,0.008786,0.009494,0.005873,0.002581,0.002344,0.01284,0.006522,0.1856,0.752,
0.8291,0.3827,0.00586,0.007939,0.008792,0.009494,0.005818,0.002567,0.002344,0.01293,0.006384,0.1857,0.7522,
0.8295,0.38,0.005997,0.007931,0.008803,0.009461,0.005744,0.00257,0.002326,0.01302,0.006375,0.1857,0.7521,
0.8293,0.3836,0.005992,0.007934,0.008806,0.009445,0.00574,0.002569,0.002341,0.01307,0.006286,0.1857,0.7521,
0.8287,0.3846,0.005986,0.007932,0.008809,0.009422,0.005658,0.002535,0.002386,0.01304,0.006268,0.1857,0.7523,
0.8278,0.4063,0.005984,0.007927,0.008755,0.009422,0.005552,0.002549,0.002368,0.01308,0.006235,0.1857,0.7524,
0.8269,0.3828,0.005965,0.007923,0.008711,0.009411,0.00545,0.002557,0.002401,0.01322,0.006039,0.1858,0.7526,
0.8259,0.375,0.00584,0.007897,0.008664,0.009398,0.005381,0.002591,0.002396,0.01323,0.006091,0.1857,0.7528,
0.8259,0.3852,0.005715,0.007894,0.008674,0.009415,0.005404,0.002545,0.002444,0.01321,0.006211,0.1855,0.753,
0.8259,0.383,0.005713,0.007886,0.008685,0.009415,0.005404,0.002557,0.002475,0.01327,0.00611,0.1855,0.753,
0.8244,0.3875,0.005693,0.007872,0.008696,0.009395,0.005235,0.002558,0.00248,0.01365,0.005709,0.1855,0.7532,
0.8235,0.3744,0.005563,0.007875,0.008701,0.009426,0.005246,0.003019,0.001985,0.01393,0.005431,0.1855,0.7533,
0.8233,0.3795,0.00556,0.007864,0.008709,0.009387,0.005246,0.003019,0.00204,0.01393,0.005375,0.1855,0.7533,
0.8215,0.3783,0.005286,0.007853,0.008719,0.009374,0.005184,0.003088,0.001971,0.01398,0.005319,0.1855,0.7537,
0.8212,0.3806,0.005278,0.007849,0.008726,0.009351,0.005131,0.00312,0.001994,0.01392,0.005314,0.1856,0.7538,
0.8227,0.3771,0.00533,0.007844,0.008728,0.009333,0.005198,0.003076,0.00197,0.01398,0.005575,0.1854,0.7535,
0.8239,0.3778,0.005448,0.00783,0.008742,0.00932,0.005174,0.003098,0.001977,0.01395,0.005801,0.1852,0.7534,
0.8268,0.3763,0.005489,0.007809,0.008743,0.00926,0.005141,0.003091,0.00196,0.01398,0.006367,0.1856,0.7526,
0.8264,0.3765,0.005457,0.007806,0.008749,0.009289,0.005156,0.003076,0.001979,0.01413,0.006113,0.1856,0.7526,
0.8255,0.3867,0.005322,0.00781,0.008753,0.009277,0.00513,0.003093,0.00196,0.01411,0.006113,0.1857,0.7528,
0.827,0.3771,0.005406,0.00781,0.008725,0.009277,0.00513,0.003108,0.001964,0.01446,0.00618,0.1852,0.7527,
0.8266,0.3851,0.005404,0.007787,0.008716,0.009269,0.00515,0.003178,0.001929,0.01451,0.006021,0.1853,0.7528,
0.8265,0.3801,0.005363,0.007772,0.00873,0.00928,0.00515,0.003223,0.001961,0.0145,0.005957,0.1853,0.7528,
0.8254,0.3666,0.005287,0.007763,0.008692,0.009251,0.005104,0.003235,0.001977,0.01466,0.005774,0.1853,0.753,
0.8249,0.3723,0.005275,0.007734,0.00868,0.009225,0.005073,0.003247,0.00202,0.01475,0.005615,0.1853,0.7531,
0.8267,0.3688,0.005402,0.007727,0.008692,0.009197,0.005073,0.003247,0.002047,0.01473,0.005978,0.1849,0.753,
0.8277,0.3697,0.005468,0.007713,0.008654,0.009175,0.005069,0.003244,0.002064,0.01487,0.005898,0.1855,0.7524,
0.8268,0.3705,0.005338,0.007716,0.008609,0.00915,0.005069,0.003266,0.002061,0.01485,0.005898,0.1855,0.7526,
0.8263,0.3679,0.005331,0.007712,0.008619,0.009121,0.00501,0.003289,0.002056,0.01491,0.00582,0.1855,0.7527,
0.826,0.3665,0.005193,0.007712,0.008622,0.009174,0.004972,0.00329,0.002056,0.01499,0.005863,0.1854,0.7528,
0.8254,0.3731,0.005186,0.007707,0.008632,0.009146,0.004883,0.003324,0.002131,0.01501,0.005701,0.1854,0.7529,
0.8242,0.3796,0.005168,0.007702,0.008638,0.009131,0.006376,0.001845,0.002161,0.01501,0.005654,0.1855,0.7529,
0.8286,0.335,0.005517,0.007698,0.008619,0.009115,0.006389,0.00183,0.002194,0.015,0.006367,0.1849,0.7524,
0.8297,0.3338,0.005671,0.007695,0.008626,0.009086,0.006366,0.001866,0.002265,0.01498,0.00641,0.1848,0.7523,
0.8292,0.3462,0.005648,0.007688,0.008625,0.00904,0.006211,0.001899,0.002274,0.01499,0.006307,0.1854,0.752,
0.8287,0.3417,0.005563,0.007685,0.008642,0.009015,0.006241,0.001887,0.002293,0.01499,0.006274,0.1854,0.7521,
0.8279,0.3487,0.005378,0.00767,0.008658,0.009036,0.00628,0.001897,0.002299,0.01498,0.006226,0.1853,0.7522,
0.8247,0.3432,0.005349,0.00766,0.00865,0.00905,0.005715,0.001871,0.002315,0.01502,0.006146,0.1853,0.7529,
0.8235,0.3456,0.005329,0.007661,0.008654,0.009066,0.005478,0.001852,0.002352,0.01506,0.006072,0.1853,0.7531,
0.8228,0.3492,0.00533,0.007656,0.008666,0.00912,0.005051,0.001836,0.002384,0.01508,0.006391,0.185,0.7535,
0.8224,0.3535,0.005324,0.007647,0.008681,0.009092,0.004998,0.001923,0.002325,0.01508,0.006358,0.185,0.7536,
0.8255,0.3645,0.005613,0.007647,0.008678,0.009032,0.004995,0.001903,0.002336,0.01516,0.006901,0.1843,0.7534,
0.8244,0.3515,0.005496,0.00764,0.008686,0.009049,0.004953,0.00185,0.002368,0.01533,0.006691,0.1843,0.7536,
0.8238,0.3549,0.005444,0.007633,0.008698,0.009021,0.004694,0.001831,0.002467,0.01536,0.006926,0.184,0.7539,
0.8232,0.3548,0.005373,0.007628,0.008704,0.009007,0.00464,0.001831,0.002504,0.01538,0.00686,0.184,0.7541,
0.8236,0.3569,0.005227,0.007621,0.008695,0.00898,0.004633,0.001858,0.002489,0.01543,0.006767,0.1851,0.7532,
0.8241,0.3504,0.005238,0.007583,0.008681,0.008953,0.004604,0.001851,0.002521,0.01553,0.006959,0.1848,0.7533,
0.824,0.3507,0.005235,0.007574,0.008692,0.008938,0.004603,0.001869,0.002502,0.01567,0.006818,0.1848,0.7533,
0.8234,0.3585,0.005065,0.007571,0.008699,0.009017,0.004603,0.001899,0.002473,0.01574,0.006754,0.1848,0.7534,
0.8243,0.3488,0.005111,0.007562,0.008706,0.009008,0.004618,0.001899,0.002543,0.01569,0.00689,0.1846,0.7534,
0.8245,0.3439,0.005105,0.007549,0.008713,0.00899,0.004674,0.00184,0.002523,0.01574,0.006831,0.185,0.753,
0.8241,0.3468,0.005073,0.007547,0.008713,0.008988,0.004735,0.001813,0.002488,0.01596,0.00661,0.185,0.753,
0.8235,0.3495,0.005006,0.007539,0.008727,0.008947,0.004735,0.001813,0.002517,0.01593,0.006572,0.1851,0.7532,
0.8226,0.3472,0.004824,0.007526,0.00873,0.008909,0.00477,0.001778,0.002564,0.01592,0.006589,0.185,0.7534,
0.8225,0.3462,0.004817,0.007519,0.008743,0.008908,0.004817,0.001742,0.002604,0.01587,0.00655,0.1851,0.7533,
0.8231,0.3498,0.004783,0.007504,0.008759,0.008907,0.004842,0.00191,0.00244,0.01583,0.006704,0.185,0.7533,
0.8227,0.3455,0.004718,0.007493,0.008744,0.008912,0.004875,0.00194,0.002396,0.01582,0.006705,0.185,0.7534,
0.8223,0.348,0.004619,0.007454,0.008762,0.008912,0.004876,0.002031,0.002388,0.01573,0.006704,0.1851,0.7535,
0.8236,0.3488,0.004567,0.007438,0.008764,0.008901,0.004818,0.002108,0.002655,0.01551,0.006907,0.185,0.7533,
0.8234,0.3513,0.004536,0.007423,0.008778,0.008918,0.004788,0.002133,0.002718,0.01545,0.00687,0.185,0.7534,
0.8226,0.3599,0.004425,0.007363,0.008743,0.008925,0.0048,0.002139,0.002833,0.01537,0.006813,0.185,0.7536,
0.8215,0.3664,0.004305,0.007351,0.008758,0.008882,0.005119,0.001845,0.002858,0.01535,0.006757,0.185,0.7538,
0.8221,0.3635,0.004343,0.007364,0.00876,0.008882,0.005092,0.001883,0.002847,0.01531,0.006886,0.1849,0.7538,
0.8235,0.3556,0.004503,0.007358,0.008762,0.00885,0.00509,0.001909,0.002861,0.01573,0.006642,0.185,0.7533,
0.8227,0.3708,0.004382,0.007364,0.008766,0.00885,0.00513,0.001869,0.002898,0.01574,0.006535,0.185,0.7535,
0.8232,0.3584,0.00442,0.007346,0.00877,0.008851,0.005295,0.001762,0.002855,0.01599,0.006475,0.1848,0.7534,
0.8224,0.3716,0.00429,0.00734,0.008744,0.00884,0.005295,0.001783,0.002883,0.01602,0.006393,0.1848,0.7536,
0.8219,0.382,0.004215,0.007336,0.008749,0.008811,0.005312,0.001765,0.002907,0.01612,0.006274,0.1849,0.7536,
0.8217,0.3594,0.004214,0.007323,0.008714,0.008811,0.005312,0.001784,0.002907,0.01613,0.006238,0.1849,0.7536,
0.8215,0.3586,0.00421,0.007318,0.008721,0.008785,0.005288,0.001817,0.002925,0.01616,0.006159,0.185,0.7537,
0.8213,0.3688,0.004234,0.00731,0.008724,0.008753,0.005222,0.001831,0.002892,0.01622,0.006164,0.1849,0.7537,
0.8227,0.3714,0.004378,0.007303,0.008696,0.008739,0.005297,0.001688,0.002873,0.0164,0.006458,0.1845,0.7537,
0.8227,0.3727,0.004345,0.007294,0.008714,0.008751,0.005274,0.001678,0.002891,0.01638,0.006408,0.1849,0.7534,
0.8224,0.3837,0.00426,0.007289,0.00872,0.008793,0.00523,0.001942,0.002602,0.01643,0.006436,0.1848,0.7535,
0.8252,0.3821,0.00444,0.007276,0.008727,0.008791,0.005242,0.001954,0.00264,0.01647,0.006888,0.1842,0.7534,
0.8265,0.3687,0.004514,0.007265,0.008741,0.008779,0.005196,0.001935,0.00264,0.01649,0.00729,0.1838,0.7534,
0.8267,0.3584,0.004505,0.007251,0.008741,0.008755,0.005116,0.001949,0.002609,0.01673,0.007015,0.1847,0.7526,
0.8275,0.3773,0.004598,0.007248,0.008737,0.008741,0.005125,0.002173,0.002394,0.01707,0.006855,0.1845,0.7526,
0.8276,0.3656,0.004589,0.007233,0.008742,0.00874,0.005124,0.002202,0.002364,0.01712,0.006804,0.1847,0.7524,
0.8271,0.3704,0.004547,0.007234,0.008747,0.008762,0.005152,0.002175,0.002382,0.01729,0.006548,0.1847,0.7524,
0.8269,0.3806,0.004542,0.007232,0.008754,0.008718,0.005167,0.002183,0.002377,0.01734,0.006479,0.1847,0.7525,
0.8256,0.3695,0.004503,0.007225,0.008698,0.008679,0.005118,0.002176,0.002364,0.01748,0.006323,0.1847,0.7527,
0.8247,0.3493,0.004334,0.007222,0.008698,0.008671,0.005139,0.002191,0.002384,0.01746,0.006288,0.1847,0.7529,
0.824,0.3516,0.004332,0.007218,0.008704,0.008671,0.00507,0.002185,0.002382,0.01766,0.006053,0.1847,0.753,
0.8243,0.362,0.00439,0.007221,0.008707,0.008657,0.00511,0.002181,0.002394,0.0178,0.005937,0.1846,0.753,
0.8242,0.3643,0.004348,0.007212,0.008708,0.008656,0.005109,0.002255,0.002411,0.01773,0.005911,0.1846,0.753,
0.8227,0.3684,0.004187,0.00718,0.008694,0.008669,0.005078,0.002221,0.002442,0.01792,0.005689,0.1846,0.7533,
0.8222,0.3615,0.004185,0.00717,0.008707,0.008669,0.004955,0.00224,0.0025,0.01788,0.005655,0.1846,0.7534,
0.8212,0.3641,0.003997,0.007155,0.008711,0.008712,0.004911,0.002315,0.002463,0.01785,0.005637,0.1847,0.7536,
0.8218,0.3703,0.004074,0.007144,0.008724,0.008698,0.004888,0.002315,0.002526,0.01782,0.005671,0.1846,0.7535,
0.8216,0.3778,0.004073,0.007133,0.008735,0.008668,0.004884,0.002299,0.002536,0.01786,0.005616,0.1847,0.7535,
0.8217,0.3707,0.003978,0.007109,0.008743,0.008629,0.004885,0.002328,0.002592,0.01777,0.005826,0.1845,0.7536,
0.8217,0.4028,0.00392,0.007106,0.008746,0.008667,0.004857,0.002354,0.002584,0.01775,0.005825,0.1847,0.7535,
0.8214,0.3819,0.003916,0.007103,0.008752,0.008653,0.004878,0.002347,0.002569,0.0178,0.005713,0.1847,0.7535,
0.8232,0.3637,0.004004,0.007098,0.008758,0.008638,0.004868,0.00232,0.002636,0.01776,0.006131,0.1843,0.7535,
0.824,0.3628,0.004035,0.007085,0.008759,0.008633,0.004884,0.00228,0.002665,0.01782,0.006146,0.1846,0.7531,
0.8241,0.3631,0.004091,0.007081,0.008763,0.008633,0.004844,0.002292,0.002685,0.01782,0.006128,0.1846,0.7531,
0.8238,0.3906,0.004057,0.007063,0.008731,0.008633,0.004844,0.002346,0.002665,0.01779,0.006128,0.1846,0.7532,
0.8235,0.3824,0.004052,0.007062,0.008737,0.008619,0.004844,0.002346,0.002689,0.0178,0.006015,0.1846,0.7532,
0.8232,0.3781,0.004039,0.007063,0.008737,0.008604,0.004845,0.002355,0.002655,0.0178,0.006014,0.1846,0.7533,
0.8247,0.3568,0.004148,0.007054,0.008731,0.008599,0.004844,0.002355,0.002654,0.0178,0.006252,0.1846,0.753,
0.8242,0.353,0.004139,0.007041,0.008742,0.008554,0.00486,0.002338,0.002654,0.0178,0.006172,0.1847,0.753,
0.8269,0.3523,0.004353,0.007037,0.008744,0.008494,0.004817,0.002351,0.002637,0.01789,0.006589,0.1845,0.7526,
0.8275,0.3516,0.004397,0.007033,0.008756,0.008451,0.004817,0.002399,0.002627,0.01816,0.006491,0.1843,0.7526,
0.8273,0.3527,0.004393,0.007028,0.008764,0.008451,0.004866,0.00235,0.002682,0.01829,0.006307,0.1843,0.7526,
0.8259,0.3604,0.004171,0.007026,0.008764,0.008421,0.004851,0.002359,0.002801,0.01844,0.005967,0.1845,0.7527,
0.8262,0.3654,0.004094,0.007021,0.008722,0.00845,0.004892,0.002337,0.002782,0.01847,0.006198,0.1842,0.7528,
0.8267,0.3905,0.004173,0.007002,0.008594,0.008398,0.004913,0.002316,0.002782,0.01848,0.006467,0.184,0.7529,
0.8276,0.3527,0.004248,0.006993,0.008607,0.008369,0.004939,0.002304,0.002767,0.01871,0.006501,0.1837,0.7528,
0.829,0.3553,0.004272,0.006993,0.008604,0.00832,0.004935,0.002323,0.002744,0.01881,0.006628,0.1841,0.7522,
0.8286,0.3539,0.004267,0.006992,0.00861,0.00832,0.004935,0.002359,0.002707,0.01916,0.006276,0.1841,0.7522,
0.8285,0.3524,0.00415,0.006987,0.008617,0.008336,0.004978,0.002316,0.002707,0.01925,0.006349,0.184,0.7523,
0.8287,0.3531,0.004192,0.006988,0.008622,0.008321,0.004978,0.002336,0.002688,0.01929,0.006341,0.1839,0.7523,
0.8266,0.3518,0.003861,0.006988,0.008631,0.008338,0.004916,0.002383,0.002644,0.01946,0.006155,0.1839,0.7527,
0.8258,0.3676,0.003828,0.006988,0.008636,0.008338,0.004793,0.002393,0.002735,0.01935,0.006111,0.184,0.7528,
0.8257,0.3463,0.003814,0.006964,0.008615,0.008308,0.004753,0.00244,0.002711,0.01932,0.006109,0.1843,0.7526,
0.8262,0.3463,0.003893,0.006953,0.008622,0.008301,0.004751,0.002433,0.002711,0.01934,0.006155,0.1842,0.7526,
0.8261,0.3489,0.003889,0.006951,0.008627,0.008274,0.004789,0.002477,0.002693,0.01933,0.006102,0.1843,0.7526,
0.8271,0.3608,0.004056,0.00694,0.00858,0.008299,0.004753,0.002507,0.002663,0.01937,0.006189,0.1842,0.7525,
0.8269,0.3575,0.004033,0.006938,0.008585,0.008301,0.004705,0.002511,0.002694,0.01931,0.006188,0.1843,0.7524,
0.8279,0.3523,0.004101,0.006931,0.008593,0.008301,0.004705,0.002529,0.002694,0.01929,0.006355,0.1841,0.7524,
0.8283,0.341,0.003924,0.006923,0.008606,0.008381,0.004734,0.002514,0.002697,0.01938,0.006521,0.184,0.7523,
0.8284,0.3535,0.00392,0.00692,0.008607,0.008379,0.004761,0.0025,0.002718,0.0195,0.006352,0.1842,0.7521,
0.8272,0.342,0.003902,0.006903,0.008559,0.008348,0.00468,0.002491,0.002687,0.0195,0.006343,0.1842,0.7524,
0.8264,0.334,0.003782,0.006903,0.008556,0.008337,0.004695,0.002506,0.002641,0.01951,0.00632,0.1842,0.7525,
0.8275,0.328,0.003942,0.006893,0.008559,0.008306,0.004671,0.002496,0.002613,0.01948,0.006547,0.1841,0.7524,
0.8267,0.3335,0.003834,0.006888,0.008569,0.008291,0.004671,0.002537,0.002572,0.01955,0.00644,0.1841,0.7525,
0.8283,0.3277,0.003964,0.006884,0.008569,0.008289,0.004688,0.002575,0.002588,0.01957,0.006548,0.1841,0.7522,
0.8276,0.33,0.003915,0.00687,0.008577,0.008282,0.0047,0.002596,0.002555,0.01969,0.00637,0.1842,0.7523,
0.8268,0.3378,0.003832,0.006862,0.008535,0.00829,0.0047,0.003053,0.002097,0.01975,0.006312,0.1842,0.7524,
0.8255,0.3867,0.00364,0.006864,0.008537,0.008261,0.0047,0.003053,0.002159,0.01982,0.006117,0.1843,0.7526,
0.8269,0.3464,0.003635,0.006863,0.008509,0.008249,0.004712,0.003065,0.002159,0.01979,0.006581,0.1838,0.7526,
0.8259,0.3396,0.003427,0.006859,0.008491,0.008234,0.004756,0.003071,0.002445,0.01972,0.006306,0.1838,0.7529,
0.8287,0.3366,0.003513,0.00685,0.008496,0.008243,0.004752,0.003068,0.002443,0.01979,0.006662,0.1841,0.7521,
0.8284,0.3335,0.003508,0.006849,0.008498,0.008232,0.004746,0.003079,0.002413,0.01983,0.006619,0.1841,0.7522,
0.8281,0.332,0.003506,0.006834,0.008514,0.008221,0.004734,0.003076,0.002409,0.01997,0.006474,0.1841,0.7522,
0.8277,0.3342,0.003498,0.006837,0.008515,0.008196,0.00476,0.003069,0.002408,0.0201,0.006294,0.1841,0.7522,
0.8272,0.3386,0.003444,0.006813,0.008521,0.008224,0.004757,0.003065,0.002408,0.02022,0.00616,0.1841,0.7523,
0.8301,0.3323,0.00361,0.006814,0.008526,0.008211,0.004747,0.003062,0.002419,0.02026,0.006742,0.1835,0.7521,
0.8307,0.3336,0.003601,0.00681,0.008527,0.008206,0.004744,0.003075,0.002422,0.02023,0.006738,0.184,0.7517,
0.8314,0.3346,0.003659,0.006802,0.008535,0.008192,0.004786,0.003032,0.002474,0.02029,0.006798,0.1838,0.7516,
0.8314,0.3447,0.003657,0.006789,0.008541,0.008183,0.004802,0.003037,0.002452,0.0203,0.00674,0.184,0.7515,
0.8328,0.3286,0.003756,0.006792,0.008548,0.008183,0.004825,0.00301,0.002476,0.0203,0.007008,0.1837,0.7514,
0.8313,0.3329,0.00344,0.006791,0.008556,0.008183,0.004853,0.002982,0.002554,0.02027,0.006961,0.1837,0.7517,
0.8312,0.3332,0.003484,0.006783,0.00856,0.008172,0.004821,0.002965,0.002584,0.02032,0.006823,0.1839,0.7516,
0.8315,0.3431,0.003485,0.006756,0.00846,0.008169,0.004865,0.002961,0.002597,0.02034,0.007013,0.1836,0.7517,
0.8314,0.3331,0.003481,0.006731,0.008445,0.008159,0.004908,0.003039,0.00255,0.02027,0.007013,0.1836,0.7518,
0.8314,0.3404,0.003476,0.006731,0.008446,0.008149,0.004941,0.003059,0.002557,0.02026,0.006958,0.1836,0.7518,
0.8308,0.3388,0.003469,0.00671,0.008437,0.008149,0.004998,0.002998,0.002538,0.02033,0.006852,0.1837,0.7518,
0.8304,0.3434,0.003374,0.006707,0.008443,0.008147,0.004996,0.003034,0.002501,0.0204,0.006777,0.1839,0.7518,
0.832,0.3397,0.003461,0.006692,0.008453,0.008157,0.00498,0.003048,0.002529,0.02043,0.006943,0.1838,0.7515,
0.8338,0.3437,0.003423,0.006686,0.00846,0.00813,0.00498,0.00307,0.002617,0.02032,0.00753,0.1833,0.7515,
0.8336,0.3333,0.0034,0.006677,0.008423,0.00813,0.005017,0.003052,0.002616,0.0204,0.007521,0.1832,0.7516,
0.8356,0.3293,0.003496,0.006656,0.008424,0.008125,0.005027,0.003049,0.002759,0.02021,0.007753,0.1835,0.751,
0.8343,0.3396,0.00326,0.006657,0.008426,0.008109,0.005041,0.003069,0.00276,0.02028,0.007586,0.1837,0.7511,
0.8338,0.3251,0.003257,0.006618,0.008417,0.008035,0.005069,0.003059,0.002766,0.02025,0.007586,0.1837,0.7513,
0.8337,0.3293,0.003244,0.006615,0.008425,0.008033,0.005087,0.003112,0.002761,0.02029,0.007481,0.1837,0.7513,
0.8344,0.3259,0.003238,0.006593,0.008426,0.00802,0.005123,0.003075,0.002852,0.02044,0.007538,0.1834,0.7513,
0.8343,0.3253,0.003204,0.006583,0.00844,0.008021,0.005138,0.003072,0.002877,0.0204,0.007538,0.1834,0.7513,
0.8339,0.3301,0.0032,0.006577,0.00845,0.008008,0.005128,0.003042,0.00292,0.02052,0.007378,0.1834,0.7514,
0.8338,0.336,0.003194,0.006575,0.008458,0.007994,0.005144,0.003059,0.002961,0.0206,0.007224,0.1834,0.7514,
0.835,0.3258,0.00325,0.006574,0.008466,0.007994,0.005094,0.003056,0.003141,0.02041,0.007464,0.1832,0.7514,
0.8345,0.3202,0.003088,0.00657,0.008469,0.007962,0.005091,0.003069,0.003142,0.02042,0.007417,0.1836,0.7512,
0.8354,0.3212,0.003184,0.006564,0.008475,0.007959,0.00511,0.00308,0.003183,0.02046,0.007427,0.1835,0.7511,
0.8345,0.3227,0.003099,0.006541,0.008471,0.00793,0.005087,0.00308,0.003201,0.02055,0.007313,0.1835,0.7512,
0.8344,0.3252,0.003095,0.006535,0.008479,0.0079,0.005127,0.003065,0.003208,0.02053,0.007278,0.1836,0.7512,
0.835,0.345,0.003237,0.006534,0.008482,0.007871,0.006334,0.001886,0.003252,0.0205,0.007522,0.1833,0.7511,
0.8349,0.3274,0.003164,0.00653,0.008482,0.007911,0.006292,0.0019,0.003255,0.02056,0.007439,0.1836,0.7509,
0.8367,0.3452,0.003249,0.006524,0.008485,0.007893,0.006289,0.001914,0.003275,0.02076,0.007584,0.1835,0.7505,
0.8362,0.3241,0.003244,0.006521,0.008494,0.007863,0.006191,0.002522,0.002667,0.02075,0.007584,0.1835,0.7507,
0.8354,0.3225,0.003116,0.006515,0.008502,0.007833,0.006237,0.002476,0.002704,0.02073,0.007566,0.1835,0.7508,
0.843,0.3451,0.003114,0.006499,0.008517,0.007808,0.006251,0.002462,0.0124,0.01125,0.007347,0.1835,0.7508,
0.8424,0.3346,0.00309,0.006499,0.008522,0.0078,0.006167,0.002479,0.0124,0.01139,0.007193,0.1835,0.7509,
0.8416,0.333,0.003084,0.006498,0.008525,0.007776,0.006047,0.002489,0.01245,0.01143,0.007052,0.1836,0.7511,
0.8431,0.3307,0.003124,0.006485,0.00852,0.007732,0.006528,0.001976,0.0124,0.01157,0.0075,0.1834,0.7507,
0.8436,0.323,0.003189,0.006472,0.00853,0.007698,0.006372,0.002016,0.0124,0.01161,0.007756,0.1831,0.7509,
0.8435,0.3283,0.003183,0.006471,0.008534,0.007671,0.006372,0.002016,0.01242,0.01167,0.007674,0.1831,0.7509,
0.8419,0.3171,0.003009,0.006461,0.008535,0.007653,0.006638,0.001635,0.01244,0.01175,0.007647,0.1833,0.7509,
0.843,0.3124,0.00297,0.006448,0.008539,0.007593,0.00662,0.00163,0.01247,0.01184,0.00792,0.1833,0.7507,
0.8437,0.3054,0.003039,0.00644,0.008548,0.007593,0.006559,0.001648,0.01244,0.01189,0.00806,0.1831,0.7507,
0.8428,0.2991,0.00292,0.006432,0.008552,0.007584,0.006571,0.001649,0.01242,0.012,0.007931,0.1831,0.7508,
0.8424,0.298,0.002811,0.006422,0.008559,0.007569,0.006579,0.001673,0.01244,0.01197,0.007898,0.1833,0.7508,
0.8421,0.3031,0.00292,0.006408,0.00857,0.007549,0.00637,0.00172,0.01243,0.01218,0.00772,0.1832,0.7509,
0.8419,0.3115,0.00292,0.006396,0.008582,0.007549,0.006368,0.001778,0.01239,0.01244,0.007423,0.1832,0.7509,
0.8427,0.3281,0.00287,0.006388,0.008594,0.007549,0.006286,0.001797,0.01244,0.01252,0.007716,0.1828,0.7511,
0.8426,0.318,0.002866,0.006371,0.008605,0.007532,0.006242,0.001806,0.01245,0.01275,0.007414,0.1832,0.7508,
0.8442,0.3179,0.002957,0.006366,0.008614,0.007532,0.006254,0.001794,0.01247,0.01281,0.007717,0.1828,0.7507,
0.8439,0.3158,0.002919,0.006356,0.008627,0.007568,0.0062,0.001812,0.0125,0.01288,0.007602,0.1828,0.7507,
0.844,0.3152,0.002911,0.006348,0.008631,0.007531,0.006223,0.001786,0.01249,0.01295,0.007524,0.1831,0.7505,
0.8436,0.3066,0.002868,0.00634,0.008601,0.007573,0.0062,0.001786,0.01254,0.01304,0.007389,0.1831,0.7505,
0.8445,0.3048,0.00295,0.006334,0.008604,0.007546,0.006211,0.001803,0.01254,0.013,0.007516,0.1831,0.7504,
0.8462,0.3117,0.003204,0.006327,0.008559,0.007488,0.006179,0.001786,0.01252,0.01306,0.007817,0.1828,0.7503,
0.8481,0.3181,0.003249,0.00632,0.00856,0.00747,0.006209,0.001769,0.01253,0.01323,0.008012,0.1828,0.7498,
0.8485,0.3038,0.003306,0.006314,0.008563,0.007454,0.006248,0.001743,0.01251,0.01335,0.007924,0.183,0.7496,
0.8496,0.3486,0.003442,0.006305,0.008572,0.007454,0.006209,0.001767,0.01251,0.01362,0.007852,0.1828,0.7495,
0.8495,0.327,0.003372,0.006293,0.008581,0.007508,0.006145,0.001811,0.01246,0.01362,0.00785,0.183,0.7494,
0.8483,0.3275,0.003356,0.006283,0.008477,0.007495,0.006078,0.001811,0.01246,0.01362,0.007781,0.183,0.7496,
0.8515,0.3297,0.003303,0.006255,0.008477,0.00746,0.006064,0.003555,0.01071,0.01369,0.00814,0.1826,0.7497,
0.8511,0.3214,0.003295,0.006242,0.008476,0.007458,0.006048,0.003477,0.01068,0.01371,0.008094,0.1829,0.7496,
0.8504,0.3275,0.003199,0.00623,0.008488,0.007444,0.00601,0.003568,0.01062,0.01373,0.008046,0.1829,0.7497,
0.8498,0.3178,0.003197,0.006225,0.008495,0.007403,0.005977,0.003568,0.01061,0.01406,0.007694,0.1829,0.7498,
0.8507,0.3129,0.003231,0.006222,0.008464,0.007403,0.005977,0.003605,0.01063,0.01405,0.007933,0.1826,0.7498,
0.8506,0.3319,0.003227,0.006218,0.008471,0.007391,0.005976,0.003641,0.01062,0.01413,0.007829,0.1826,0.7499,
0.8496,0.3169,0.003098,0.006215,0.008474,0.007378,0.005943,0.003669,0.01057,0.01422,0.007743,0.1826,0.75,
0.8494,0.3232,0.003002,0.006207,0.008483,0.007378,0.005943,0.003688,0.01056,0.01436,0.007706,0.1825,0.7501,
0.8492,0.3257,0.002941,0.006195,0.008492,0.007375,0.005902,0.003737,0.0105,0.01446,0.007604,0.1829,0.7499,
0.8483,0.3274,0.002851,0.006188,0.0085,0.007368,0.005879,0.003737,0.01052,0.01448,0.007494,0.1829,0.7501,
0.8487,0.3469,0.002874,0.006186,0.008503,0.007368,0.005879,0.003751,0.01052,0.01446,0.007567,0.1829,0.75,
0.8481,0.3446,0.002872,0.006164,0.008432,0.007354,0.00589,0.00377,0.01052,0.01445,0.007493,0.1829,0.7501,
0.8479,0.3389,0.002871,0.006156,0.008442,0.007354,0.005872,0.003783,0.01052,0.01447,0.007452,0.1829,0.7502,
0.8472,0.3242,0.002928,0.006146,0.008453,0.007354,0.005701,0.003769,0.0105,0.01453,0.007393,0.1829,0.7503,
0.8451,0.354,0.002597,0.006141,0.008459,0.00734,0.005737,0.003732,0.01052,0.01479,0.00712,0.1829,0.7507,
