entropy,entropyInd,RabA,RabB,RabC,RabD,RabE,RabF,RabG,RabH,RabI,xER,xPM,
0.8684,0.4196,0.0113,0.008895,0.009409,0.01005,0.007531,0.004842,0.003547,0.005856,0.008246,0.1865,0.7438,
0.8706,0.4057,0.0115,0.008871,0.009402,0.01004,0.007424,0.004839,0.003545,0.005854,0.008702,0.1865,0.7433,
0.8718,0.4048,0.01149,0.008867,0.009398,0.01001,0.00737,0.004838,0.003544,0.005852,0.00915,0.1863,0.7432,
0.8715,0.4039,0.01148,0.008863,0.009397,0.009997,0.007343,0.004831,0.003535,0.005847,0.00915,0.1863,0.7433,
0.871,0.3974,0.01148,0.008863,0.009397,0.009997,0.007246,0.004831,0.003535,0.005847,0.00915,0.1863,0.7434,
0.8701,0.3973,0.01148,0.008861,0.009354,0.009965,0.007114,0.004827,0.003535,0.005847,0.009148,0.1863,0.7436,
0.869,0.4034,0.01148,0.008861,0.009354,0.009951,0.0069,0.004823,0.00353,0.005847,0.009148,0.1863,0.7438,
0.8687,0.3979,0.01148,0.008861,0.009354,0.009884,0.006895,0.004822,0.00353,0.005846,0.009148,0.1863,0.7439,
0.8683,0.4022,0.01148,0.00886,0.009354,0.009859,0.006861,0.004814,0.003525,0.005846,0.009148,0.1863,0.7439,
0.8692,0.3952,0.01163,0.00886,0.009316,0.009843,0.006861,0.004814,0.003525,0.005846,0.00929,0.1862,0.7438,
0.8699,0.3936,0.01178,0.008855,0.009309,0.009829,0.006764,0.004811,0.003523,0.005843,0.009318,0.1866,0.7433,
0.8691,0.3918,0.01183,0.008855,0.009309,0.009816,0.006456,0.004811,0.003523,0.005843,0.009483,0.1865,0.7436,
0.8692,0.3901,0.01183,0.008842,0.009305,0.009802,0.006455,0.00481,0.003522,0.005842,0.009481,0.1866,0.7435,
0.8716,0.3978,0.01203,0.008842,0.009305,0.009802,0.00644,0.004807,0.003518,0.005842,0.01006,0.1861,0.7433,
0.8707,0.3948,0.01203,0.008842,0.009305,0.009788,0.006261,0.004806,0.003518,0.005842,0.01006,0.1861,0.7435,
0.871,0.3873,0.01219,0.008841,0.009302,0.009753,0.006122,0.004806,0.003517,0.005841,0.01025,0.1859,0.7435,
0.8712,0.3827,0.01217,0.008834,0.009295,0.009734,0.006029,0.004802,0.003514,0.005837,0.01024,0.1865,0.743,
0.8702,0.383,0.01217,0.008829,0.009292,0.009716,0.005859,0.00479,0.003515,0.005837,0.01024,0.1865,0.7432,
0.8683,0.391,0.01217,0.008829,0.009285,0.009681,0.005585,0.004762,0.003502,0.005816,0.01022,0.1865,0.7436,
0.868,0.3865,0.01217,0.008829,0.00924,0.009681,0.00557,0.004759,0.003498,0.005816,0.01022,0.1865,0.7437,
0.8672,0.3825,0.01216,0.008825,0.009234,0.009674,0.005466,0.004746,0.003488,0.00581,0.01022,0.1865,0.7438,
0.8644,0.3605,0.01168,0.008779,0.009168,0.009661,0.005423,0.004746,0.003488,0.00581,0.01021,0.1865,0.7445,
0.8618,0.3562,0.01117,0.008759,0.009134,0.009616,0.005408,0.004743,0.003484,0.00581,0.01022,0.1866,0.7451,
0.8597,0.356,0.01074,0.00874,0.009134,0.009616,0.005389,0.004738,0.003484,0.00581,0.01022,0.1866,0.7456,
0.8573,0.3694,0.01049,0.008712,0.009123,0.0096,0.005172,0.004732,0.003478,0.00581,0.01022,0.1866,0.7461,
0.8558,0.3643,0.0102,0.008705,0.009119,0.009587,0.005133,0.004731,0.003478,0.00581,0.01022,0.1866,0.7465,
0.8539,0.365,0.009787,0.008675,0.009117,0.009586,0.005132,0.004731,0.003478,0.00581,0.01022,0.1866,0.7469,
0.8524,0.3625,0.00947,0.008654,0.009114,0.009586,0.005132,0.004731,0.003478,0.00581,0.01022,0.1866,0.7472,
0.8521,0.361,0.009424,0.008644,0.009113,0.009575,0.005132,0.004731,0.003478,0.00581,0.01021,0.1866,0.7473,
0.8537,0.3626,0.009558,0.008644,0.009113,0.009575,0.005101,0.004727,0.003473,0.00581,0.01065,0.1861,0.7472,
0.853,0.3624,0.009363,0.008636,0.00911,0.009562,0.005053,0.004725,0.00349,0.005789,0.01064,0.1865,0.7471,
0.8518,0.3623,0.009092,0.008636,0.009118,0.009529,0.005048,0.00473,0.003467,0.005929,0.01056,0.1865,0.7474,
0.8521,0.3645,0.009123,0.00863,0.00913,0.009453,0.005067,0.00473,0.003449,0.006214,0.01038,0.1864,0.7475,
0.851,0.3832,0.008884,0.008587,0.009122,0.009582,0.005086,0.004731,0.003445,0.006826,0.009549,0.1865,0.7476,
0.8491,0.37,0.008627,0.008585,0.00908,0.009567,0.006679,0.003156,0.003427,0.007077,0.009299,0.1865,0.748,
0.85,0.3873,0.008751,0.008573,0.009087,0.009518,0.006725,0.003129,0.003408,0.007232,0.009345,0.1864,0.7479,
0.8498,0.3766,0.008654,0.00859,0.009094,0.009502,0.006726,0.003129,0.003464,0.00744,0.009082,0.1864,0.7479,
0.8489,0.381,0.008452,0.008586,0.00909,0.009503,0.006781,0.003109,0.003464,0.007649,0.008762,0.1866,0.748,
0.8473,0.4032,0.008443,0.008585,0.009055,0.009429,0.00779,0.00212,0.003464,0.007813,0.00858,0.1866,0.7481,
0.8468,0.4381,0.008389,0.00856,0.009064,0.009429,0.007765,0.002101,0.008016,0.003544,0.008297,0.1866,0.7483,
0.8438,0.4193,0.008371,0.008555,0.009072,0.009377,0.007184,0.002065,0.007998,0.003794,0.008047,0.1866,0.7489,
0.8445,0.4103,0.008394,0.00855,0.009078,0.009323,0.007036,0.002046,0.007998,0.003834,0.008528,0.1861,0.7491,
0.8452,0.4122,0.008383,0.008541,0.00909,0.009316,0.007027,0.002009,0.007998,0.004019,0.00861,0.1858,0.7492,
0.8442,0.3929,0.008212,0.008533,0.009076,0.009313,0.007058,0.001978,0.008064,0.003953,0.00861,0.1858,0.7494,
0.8413,0.4015,0.008323,0.008542,0.009073,0.009284,0.006258,0.001978,0.008052,0.004256,0.008433,0.1857,0.7501,
0.8421,0.3924,0.008254,0.008546,0.009071,0.009288,0.006287,0.001941,0.008044,0.00445,0.008228,0.1864,0.7494,
0.8417,0.398,0.008212,0.008573,0.00908,0.009176,0.006283,0.001922,0.008045,0.00475,0.007928,0.1865,0.7496,
0.841,0.3991,0.008162,0.008569,0.009094,0.009186,0.006218,0.001898,0.008038,0.004742,0.007903,0.1865,0.7496,
0.8398,0.3776,0.008083,0.00857,0.00911,0.009192,0.006102,0.001882,0.008035,0.004888,0.007673,0.1866,0.7498,
0.8391,0.3785,0.008007,0.008525,0.009109,0.009225,0.006096,0.001842,0.008035,0.00509,0.007407,0.1867,0.75,
0.8382,0.3771,0.007946,0.008524,0.009126,0.009227,0.005998,0.001831,0.008037,0.005188,0.007312,0.1865,0.7503,
0.8392,0.4074,0.007963,0.008507,0.009135,0.009294,0.005998,0.001831,0.008037,0.005579,0.007108,0.1864,0.7502,
0.8401,0.3827,0.007999,0.008505,0.009147,0.009333,0.00595,0.001849,0.008016,0.005844,0.006931,0.1865,0.7499,
0.8401,0.3843,0.00797,0.008499,0.009155,0.009383,0.005884,0.001849,0.008016,0.006006,0.006845,0.1864,0.75,
0.8409,0.3815,0.007978,0.008518,0.009163,0.009367,0.005868,0.001843,0.00802,0.006215,0.006793,0.1864,0.7498,
0.8406,0.3852,0.007948,0.008519,0.009139,0.009372,0.005887,0.001861,0.007983,0.006377,0.006592,0.1865,0.7498,
0.8429,0.3798,0.008152,0.008528,0.009102,0.009308,0.005797,0.001851,0.007982,0.006437,0.007248,0.1857,0.7499,
0.8424,0.3811,0.008085,0.008514,0.009105,0.00933,0.005652,0.001789,0.008011,0.006398,0.007243,0.1863,0.7495,
0.8433,0.3813,0.008162,0.008508,0.009118,0.009314,0.005575,0.001803,0.008015,0.006444,0.007479,0.186,0.7495,
0.8432,0.3845,0.00816,0.008506,0.009122,0.009314,0.00559,0.001788,0.008116,0.006343,0.007479,0.186,0.7495,
0.843,0.3832,0.008149,0.008512,0.009126,0.009314,0.005556,0.001794,0.008097,0.006343,0.007479,0.186,0.7496,
0.8439,0.3861,0.00823,0.008509,0.009137,0.009279,0.005556,0.001841,0.00805,0.006413,0.007564,0.1859,0.7495,
0.8436,0.3953,0.008158,0.008524,0.00914,0.009263,0.005571,0.001844,0.008031,0.006753,0.007222,0.1859,0.7496,
0.8434,0.3873,0.008154,0.00852,0.009148,0.009247,0.005534,0.001909,0.007957,0.006818,0.007158,0.1859,0.7496,
0.8438,0.3935,0.008022,0.008481,0.00914,0.009229,0.005491,0.002827,0.007163,0.006901,0.006939,0.1863,0.7495,
0.8431,0.3961,0.007902,0.008436,0.009144,0.009255,0.00547,0.002841,0.007188,0.007406,0.00639,0.1863,0.7497,
0.8429,0.4098,0.007803,0.008433,0.009159,0.009219,0.005412,0.003795,0.006305,0.007444,0.00627,0.1863,0.7499,
0.8427,0.4036,0.007784,0.008437,0.009169,0.009209,0.005397,0.003828,0.006263,0.007558,0.006156,0.1863,0.7499,
0.8421,0.4045,0.00777,0.008435,0.009171,0.009193,0.005308,0.003866,0.006255,0.007801,0.005885,0.1863,0.75,
0.8417,0.4084,0.007723,0.008422,0.009183,0.009174,0.005308,0.003866,0.006255,0.007962,0.005723,0.1863,0.7501,
0.8435,0.4055,0.007861,0.008431,0.009191,0.009256,0.00591,0.003301,0.006251,0.00803,0.005896,0.186,0.7498,
0.8444,0.4034,0.007876,0.008412,0.009196,0.009225,0.005908,0.003445,0.006105,0.008047,0.006088,0.1861,0.7496,
0.8439,0.4062,0.007752,0.008411,0.0092,0.009229,0.005933,0.003458,0.006117,0.008097,0.005988,0.1861,0.7498,
0.8434,0.4164,0.00763,0.008402,0.009204,0.009284,0.005924,0.003448,0.006093,0.008097,0.005988,0.1861,0.7499,
0.8443,0.4139,0.007663,0.008392,0.009205,0.009172,0.005906,0.003443,0.006118,0.008301,0.006181,0.1857,0.75,
0.8439,0.4161,0.007641,0.008373,0.009206,0.009168,0.005902,0.003442,0.006099,0.008403,0.006079,0.1857,0.75,
0.8445,0.4138,0.007671,0.008359,0.009172,0.009116,0.00586,0.003461,0.006099,0.008384,0.006398,0.1854,0.7501,
0.845,0.4148,0.007656,0.008348,0.009176,0.009108,0.00587,0.003461,0.006094,0.008377,0.006306,0.1861,0.7495,
0.8445,0.4193,0.007569,0.00834,0.009184,0.009096,0.005868,0.003451,0.006105,0.008349,0.006294,0.1862,0.7496,
0.8465,0.4118,0.007768,0.008335,0.009156,0.009103,0.005841,0.003481,0.006056,0.008386,0.006702,0.1857,0.7494,
0.8453,0.4405,0.007635,0.00831,0.009165,0.009061,0.005767,0.003488,0.008252,0.006365,0.006507,0.1858,0.7497,
0.8446,0.4343,0.007481,0.008304,0.009175,0.00904,0.005617,0.003488,0.008252,0.006539,0.006568,0.1855,0.75,
0.8473,0.4559,0.007443,0.008291,0.009174,0.009016,0.005568,0.006702,0.005016,0.007247,0.006266,0.186,0.7493,
0.8509,0.4502,0.007654,0.008281,0.009103,0.009101,0.005543,0.006724,0.004978,0.007323,0.007038,0.1851,0.7491,
0.85,0.4543,0.00764,0.008283,0.008979,0.009101,0.005528,0.006739,0.004957,0.007338,0.006964,0.1852,0.7493,
0.8507,0.4699,0.007778,0.008281,0.008985,0.009088,0.005488,0.007469,0.004227,0.007338,0.007141,0.185,0.7492,
0.8511,0.472,0.007718,0.008262,0.008985,0.009091,0.005439,0.007462,0.004223,0.00742,0.007046,0.1858,0.7485,
0.8509,0.4668,0.007682,0.008263,0.008991,0.009079,0.005439,0.007462,0.004223,0.007493,0.006973,0.1858,0.7486,
0.8519,0.4847,0.007717,0.00827,0.008994,0.009063,0.005453,0.007446,0.004222,0.007491,0.007169,0.1858,0.7484,
0.853,0.3912,0.007815,0.008269,0.008996,0.009036,0.005434,0.007441,0.004249,0.007483,0.007422,0.1855,0.7483,
0.853,0.3863,0.007798,0.008268,0.009007,0.00899,0.005448,0.007455,0.004267,0.007552,0.007299,0.1858,0.7482,
0.8539,0.3843,0.007824,0.008274,0.009013,0.008979,0.005421,0.007459,0.004248,0.007778,0.007382,0.1854,0.7482,
0.8545,0.3695,0.007892,0.008281,0.009019,0.008955,0.005401,0.00743,0.004236,0.007778,0.007576,0.1853,0.7482,
0.8542,0.3709,0.007838,0.008288,0.009024,0.00897,0.005392,0.007395,0.004246,0.007763,0.007576,0.1853,0.7482,
0.8526,0.3862,0.007538,0.008269,0.009023,0.008945,0.005437,0.007408,0.004208,0.007745,0.007576,0.1853,0.7486,
0.8555,0.3938,0.007648,0.008261,0.00898,0.009062,0.005452,0.007426,0.004238,0.007793,0.008105,0.1846,0.7484,
0.8543,0.3893,0.00751,0.008246,0.008922,0.009009,0.00548,0.007443,0.00423,0.007755,0.008106,0.1847,0.7487,
0.8551,0.3874,0.007521,0.008235,0.008915,0.00897,0.005449,0.007438,0.004207,0.007747,0.008097,0.1856,0.7478,
0.8573,0.3907,0.007616,0.008231,0.008912,0.008917,0.005444,0.007434,0.004205,0.008022,0.008316,0.1855,0.7474,
0.86,0.3855,0.007869,0.008226,0.008922,0.00888,0.00542,0.007466,0.004158,0.008254,0.008699,0.1849,0.7472,
0.8596,0.3641,0.007772,0.008219,0.008932,0.00888,0.00543,0.007475,0.004155,0.008364,0.008574,0.1849,0.7473,
0.859,0.3654,0.007565,0.008208,0.00893,0.008837,0.005471,0.007445,0.004154,0.008419,0.008487,0.1854,0.7471,
0.8586,0.3627,0.007522,0.008195,0.008942,0.008812,0.005375,0.00746,0.004153,0.008444,0.008565,0.1853,0.7472,
0.8583,0.3665,0.007518,0.008188,0.008914,0.008784,0.00539,0.007464,0.004134,0.008496,0.008512,0.1853,0.7473,
0.8605,0.3518,0.007599,0.008185,0.008922,0.008784,0.00544,0.007433,0.004134,0.008496,0.009061,0.1847,0.7472,
0.8592,0.3425,0.007339,0.008186,0.00889,0.008799,0.005495,0.007378,0.004152,0.008478,0.009061,0.1847,0.7475,
0.8601,0.3596,0.007344,0.008169,0.008898,0.00878,0.009688,0.003194,0.004168,0.008593,0.009493,0.1847,0.747,
0.8598,0.3514,0.007331,0.008173,0.008907,0.00878,0.009762,0.003157,0.004146,0.008723,0.009277,0.1848,0.747,
0.8601,0.3478,0.007323,0.008164,0.008911,0.008776,0.009757,0.003132,0.004213,0.008649,0.009272,0.1852,0.7466,
0.8624,0.3567,0.007362,0.008165,0.008916,0.008813,0.009794,0.003108,0.004199,0.008649,0.009904,0.1846,0.7465,
0.862,0.3423,0.007248,0.008159,0.008919,0.008781,0.009746,0.003107,0.004172,0.008707,0.009834,0.1851,0.7462,
0.8554,0.3445,0.007122,0.008168,0.00885,0.008804,0.008482,0.003099,0.004132,0.008751,0.009772,0.1851,0.7477,
0.852,0.3479,0.006808,0.008167,0.008799,0.008794,0.0082,0.003099,0.004109,0.00877,0.009665,0.1852,0.7484,
0.8505,0.3519,0.006777,0.008145,0.008783,0.008824,0.007944,0.003084,0.004091,0.009184,0.009251,0.1852,0.7487,
0.8496,0.3621,0.006636,0.008146,0.008793,0.008825,0.00789,0.003047,0.004496,0.008903,0.009129,0.1851,0.749,
0.85,0.3537,0.006635,0.00813,0.00881,0.008794,0.007869,0.003056,0.004449,0.009026,0.009187,0.1851,0.7489,
0.8487,0.3584,0.006539,0.008137,0.008813,0.00878,0.007726,0.003033,0.004479,0.008996,0.009186,0.1851,0.7492,
0.8496,0.3697,0.006606,0.00814,0.008821,0.008839,0.007624,0.003007,0.004451,0.00904,0.009383,0.1851,0.749,
0.8503,0.3579,0.006723,0.008133,0.008833,0.008811,0.007624,0.00304,0.004442,0.009016,0.009449,0.185,0.7489,
0.8513,0.3534,0.006886,0.008132,0.00884,0.008796,0.007504,0.003021,0.004442,0.009035,0.00975,0.1847,0.7489,
0.8504,0.3694,0.006748,0.008115,0.008855,0.008801,0.007497,0.002984,0.004424,0.009216,0.009568,0.1847,0.7491,
0.8509,0.351,0.006808,0.008101,0.008863,0.008769,0.007545,0.002934,0.004423,0.009322,0.00961,0.1846,0.7491,
0.8507,0.3523,0.006679,0.008097,0.008871,0.008825,0.007508,0.002915,0.004456,0.009397,0.009628,0.1844,0.7492,
0.8506,0.352,0.006675,0.008091,0.008882,0.00881,0.007526,0.002915,0.004466,0.009483,0.009514,0.1844,0.7492,
0.8502,0.3564,0.006507,0.008084,0.008888,0.008819,0.007522,0.002909,0.004444,0.009477,0.009464,0.185,0.7489,
0.8512,0.3522,0.006488,0.008092,0.008892,0.00883,0.007522,0.002862,0.004469,0.009625,0.009586,0.1849,0.7487,
0.8519,0.3531,0.006504,0.008082,0.008898,0.00884,0.00756,0.002807,0.004451,0.009861,0.009633,0.1847,0.7487,
0.851,0.3521,0.006395,0.008073,0.008908,0.008826,0.00753,0.002765,0.004451,0.009896,0.009597,0.1847,0.7489,
0.8534,0.3535,0.006458,0.008064,0.008917,0.008813,0.007558,0.002794,0.004437,0.009927,0.009983,0.1848,0.7482,
0.8529,0.3629,0.00645,0.008039,0.008919,0.008801,0.007552,0.002762,0.004466,0.01008,0.009758,0.1848,0.7483,
0.8522,0.3677,0.006401,0.008018,0.008921,0.008802,0.007622,0.002669,0.004467,0.01017,0.009614,0.1849,0.7484,
0.8517,0.3744,0.00638,0.008002,0.008934,0.008786,0.008408,0.001837,0.00446,0.01083,0.009203,0.1848,0.7484,
0.8511,0.3699,0.006372,0.007993,0.008935,0.008758,0.008331,0.001837,0.004478,0.01088,0.009135,0.1848,0.7485,
0.8526,0.3667,0.006651,0.007981,0.008941,0.008684,0.008332,0.001837,0.004479,0.01115,0.009051,0.1847,0.7482,
0.8524,0.3781,0.006509,0.00796,0.008947,0.008711,0.008282,0.00368,0.002647,0.01131,0.008867,0.1848,0.7483,
0.8518,0.3748,0.006447,0.007936,0.008965,0.008659,0.008274,0.003685,0.002647,0.01129,0.008867,0.1848,0.7484,
0.8529,0.3812,0.006607,0.007944,0.008968,0.008652,0.008284,0.003651,0.002646,0.01176,0.008596,0.1846,0.7483,
0.8547,0.378,0.006782,0.007943,0.008976,0.008639,0.008302,0.003632,0.00267,0.01187,0.008812,0.1843,0.7481,
0.8566,0.4001,0.006914,0.007935,0.00898,0.008605,0.008222,0.003629,0.002629,0.01191,0.009201,0.1844,0.7476,
0.8561,0.396,0.006851,0.007918,0.00899,0.008605,0.008247,0.003619,0.002614,0.01231,0.008802,0.1844,0.7477,
0.8561,0.3895,0.006848,0.007902,0.009009,0.008605,0.008281,0.0036,0.002599,0.01242,0.008692,0.1844,0.7477,
0.8547,0.3943,0.006776,0.00789,0.009019,0.008577,0.008168,0.003575,0.00256,0.01286,0.008204,0.1847,0.7477,
0.854,0.3647,0.006772,0.007886,0.009024,0.008569,0.008118,0.003535,0.002537,0.01298,0.008078,0.1847,0.7478,
0.8556,0.3612,0.006884,0.007875,0.009039,0.008589,0.008052,0.003553,0.002533,0.01315,0.008304,0.1843,0.7478,
0.8534,0.3704,0.006421,0.007871,0.009049,0.00858,0.008051,0.003573,0.002562,0.01316,0.008244,0.1843,0.7482,
0.8531,0.3929,0.006317,0.007866,0.009016,0.008675,0.008032,0.003587,0.002544,0.01321,0.008201,0.1843,0.7483,
0.8526,0.3683,0.006301,0.007854,0.009034,0.008687,0.007982,0.003572,0.002597,0.01322,0.008067,0.1843,0.7484,
0.853,0.3619,0.006263,0.007857,0.009035,0.008651,0.007963,0.003568,0.002612,0.01319,0.008347,0.1841,0.7485,
0.8526,0.3605,0.006229,0.007853,0.009025,0.008651,0.007997,0.003554,0.002582,0.01325,0.00827,0.1841,0.7485,
0.8543,0.3614,0.006259,0.007848,0.009021,0.008652,0.008045,0.003495,0.002593,0.0134,0.008352,0.1845,0.7478,
0.8546,0.3655,0.006232,0.007841,0.009031,0.008642,0.007985,0.003543,0.002539,0.01348,0.00854,0.1843,0.7479,
0.8553,0.3691,0.006288,0.007838,0.009032,0.00861,0.007979,0.00354,0.002519,0.01353,0.008596,0.1845,0.7476,
0.8539,0.3907,0.006112,0.00783,0.009023,0.008633,0.007887,0.00353,0.0025,0.01367,0.008452,0.1845,0.7479,
0.8544,0.3624,0.006082,0.007823,0.009026,0.008696,0.007866,0.003524,0.002499,0.01369,0.008619,0.1843,0.7479,
0.8538,0.3617,0.006065,0.007785,0.009003,0.008695,0.007836,0.00354,0.002461,0.01369,0.00858,0.1845,0.7479,
0.8527,0.3772,0.005893,0.007781,0.009002,0.008679,0.007778,0.004025,0.001975,0.01388,0.008518,0.1843,0.7481,
0.8517,0.3746,0.005881,0.007772,0.00897,0.008676,0.00762,0.003999,0.001989,0.01392,0.008465,0.1844,0.7483,
0.849,0.3881,0.005716,0.007761,0.008972,0.008691,0.008945,0.002574,0.001963,0.01399,0.008388,0.1845,0.7485,
0.8494,0.3894,0.005738,0.007767,0.008974,0.008675,0.008867,0.002595,0.001974,0.014,0.008504,0.1844,0.7485,
0.8526,0.3584,0.006038,0.007761,0.008961,0.008661,0.00878,0.002595,0.002001,0.01409,0.009159,0.1837,0.7483,
0.852,0.3638,0.00594,0.007752,0.008874,0.008641,0.008686,0.002574,0.001994,0.01419,0.009082,0.1842,0.748,
0.8524,0.3657,0.006034,0.007755,0.008807,0.008611,0.00865,0.002538,0.001996,0.01428,0.00928,0.1839,0.7481,
0.8519,0.3749,0.006025,0.00774,0.008821,0.008569,0.008655,0.002485,0.002012,0.01448,0.009065,0.1839,0.7482,
0.8518,0.3648,0.00609,0.007718,0.008823,0.008542,0.008519,0.002445,0.002007,0.01453,0.009079,0.1842,0.748,
0.8484,0.3743,0.006086,0.007713,0.008828,0.008493,0.007917,0.002409,0.002025,0.01456,0.008966,0.1842,0.7488,
0.8471,0.3777,0.00596,0.007689,0.008815,0.008514,0.007872,0.002332,0.002043,0.01454,0.008966,0.1843,0.749,
0.8466,0.3793,0.005948,0.007676,0.008821,0.008457,0.007721,0.002358,0.002027,0.01467,0.009021,0.1841,0.7492,
0.8488,0.4622,0.005921,0.007677,0.008828,0.008392,0.00751,0.00235,0.01224,0.004986,0.008426,0.1841,0.7495,
0.8481,0.4638,0.005806,0.007673,0.008838,0.008409,0.007484,0.002323,0.01224,0.005089,0.008322,0.1841,0.7497,
0.8482,0.4603,0.005817,0.007674,0.008834,0.008369,0.007444,0.002318,0.01223,0.00518,0.008293,0.1843,0.7496,
0.8468,0.4634,0.005812,0.007666,0.00884,0.008363,0.007187,0.002313,0.01226,0.005185,0.008225,0.1843,0.7499,
0.8468,0.4732,0.005713,0.00766,0.008846,0.008409,0.007133,0.002283,0.01226,0.005413,0.008185,0.1841,0.75,
0.8501,0.4688,0.005987,0.00765,0.008846,0.008383,0.007124,0.002227,0.01223,0.005444,0.008813,0.1838,0.7495,
0.8497,0.4577,0.006128,0.007652,0.008848,0.008383,0.007773,0.001375,0.01221,0.005473,0.009173,0.1834,0.7496,
0.8487,0.435,0.00609,0.007603,0.008771,0.008399,0.007709,0.00137,0.01229,0.005463,0.009108,0.1834,0.7498,
0.8494,0.3538,0.006064,0.007587,0.008779,0.008409,0.007718,0.001354,0.01228,0.005629,0.008931,0.1841,0.7492,
0.8493,0.3521,0.005997,0.007575,0.008793,0.00846,0.007729,0.00132,0.01228,0.005806,0.008753,0.1841,0.7492,
0.8489,0.349,0.005972,0.007568,0.008792,0.008451,0.007692,0.001316,0.01228,0.005805,0.008753,0.1841,0.7493,
0.8475,0.3603,0.005947,0.007573,0.0088,0.008449,0.007394,0.001341,0.01226,0.005847,0.008697,0.1841,0.7496,
0.8464,0.3595,0.00587,0.007542,0.008809,0.008467,0.00727,0.001327,0.01235,0.005923,0.008528,0.1841,0.7498,
0.8448,0.348,0.005756,0.007517,0.008766,0.00848,0.007102,0.001326,0.01238,0.006034,0.008386,0.1841,0.7502,
0.8437,0.354,0.005656,0.0075,0.00878,0.00846,0.006986,0.00135,0.01239,0.006075,0.008299,0.1841,0.7504,
0.8435,0.3466,0.005656,0.007497,0.008779,0.00844,0.007062,0.001304,0.01236,0.006074,0.008296,0.1841,0.7504,
0.8421,0.3433,0.005472,0.007489,0.008786,0.00841,0.007001,0.0013,0.01234,0.006172,0.008199,0.1841,0.7507,
0.8422,0.3465,0.005446,0.007489,0.008795,0.008395,0.006955,0.001322,0.01237,0.006368,0.008026,0.1841,0.7507,
0.8422,0.3442,0.00544,0.007487,0.008804,0.008395,0.006973,0.001361,0.01234,0.006359,0.008007,0.1841,0.7507,
0.8417,0.3516,0.005439,0.007482,0.008736,0.008375,0.006942,0.00136,0.01234,0.006425,0.007939,0.1841,0.7509,
0.8407,0.3386,0.005464,0.00747,0.008746,0.008371,0.006742,0.001342,0.01238,0.006469,0.007835,0.1842,0.751,
0.8401,0.3303,0.005454,0.007476,0.008751,0.008345,0.006654,0.001342,0.01242,0.00647,0.007801,0.1841,0.7512,
0.8391,0.3347,0.005317,0.00747,0.008759,0.008306,0.006634,0.001348,0.01238,0.006799,0.007473,0.1841,0.7514,
0.8388,0.3355,0.005309,0.00747,0.008767,0.008306,0.006588,0.001352,0.01235,0.006817,0.007454,0.1841,0.7515,
0.8405,0.3343,0.005576,0.007471,0.008766,0.008298,0.00657,0.001384,0.01232,0.006848,0.007561,0.184,0.7512,
0.8401,0.3358,0.005486,0.007449,0.008766,0.008297,0.00655,0.001432,0.01226,0.007107,0.0073,0.1841,0.7512,
0.8393,0.339,0.005384,0.007438,0.008782,0.008314,0.006528,0.001417,0.01229,0.007159,0.007181,0.1841,0.7514,
0.8389,0.3396,0.005344,0.007441,0.008788,0.008302,0.006457,0.001453,0.01225,0.007197,0.007142,0.1841,0.7515,
0.8381,0.346,0.00533,0.00745,0.008753,0.008257,0.00637,0.001489,0.01226,0.007248,0.007038,0.1841,0.7517,
0.8384,0.3463,0.00538,0.007446,0.008758,0.008214,0.006319,0.00154,0.0122,0.007351,0.007085,0.184,0.7517,
0.8382,0.3515,0.005365,0.007431,0.008769,0.008213,0.006287,0.001539,0.01217,0.007433,0.006983,0.1841,0.7517,
0.8382,0.3567,0.005298,0.007418,0.00876,0.008253,0.006236,0.001556,0.01216,0.007643,0.006881,0.1841,0.7517,
0.8426,0.4317,0.005294,0.007414,0.008768,0.008253,0.006213,0.007522,0.006195,0.007814,0.00671,0.1841,0.7517,
0.8432,0.3597,0.005401,0.007416,0.008774,0.00824,0.00619,0.007518,0.006203,0.008019,0.006561,0.184,0.7517,
0.8418,0.3542,0.005193,0.00741,0.008786,0.008243,0.006267,0.007386,0.00617,0.008062,0.006518,0.184,0.752,
0.8442,0.3504,0.005381,0.007412,0.008795,0.008231,0.006242,0.007428,0.006113,0.00835,0.006759,0.1835,0.7518,
0.8439,0.3641,0.005372,0.007413,0.008804,0.008231,0.006242,0.007447,0.006121,0.008454,0.006538,0.1836,0.7518,
0.8432,0.351,0.00524,0.007408,0.00881,0.008217,0.006251,0.007437,0.006148,0.008475,0.00649,0.1836,0.7519,
0.8432,0.355,0.005231,0.007394,0.008809,0.008201,0.006297,0.007408,0.006161,0.008499,0.006354,0.184,0.7516,
0.8445,0.3485,0.005209,0.007393,0.008817,0.008254,0.006297,0.007435,0.006135,0.008718,0.006493,0.1837,0.7516,
0.8444,0.3493,0.005344,0.007385,0.008777,0.008241,0.006171,0.007468,0.006108,0.008771,0.006471,0.1836,0.7516,
0.8444,0.3481,0.005332,0.00739,0.008784,0.008241,0.006189,0.00745,0.006108,0.008828,0.006414,0.1836,0.7516,
0.8441,0.3466,0.005261,0.007385,0.008792,0.008296,0.006207,0.007469,0.006088,0.008895,0.006282,0.1837,0.7517,
0.8434,0.3593,0.005171,0.007377,0.008801,0.008371,0.006164,0.007472,0.006066,0.009024,0.006082,0.1837,0.7517,
0.8425,0.3457,0.005071,0.007367,0.008809,0.008336,0.00616,0.007491,0.006048,0.009083,0.005953,0.1838,0.7519,
0.842,0.3711,0.004948,0.007358,0.008821,0.008334,0.006159,0.007507,0.006028,0.009152,0.005881,0.184,0.7518,
0.842,0.3688,0.004942,0.007352,0.008833,0.008334,0.006168,0.007513,0.00604,0.00916,0.005846,0.184,0.7518,
0.8411,0.4168,0.004936,0.007339,0.008852,0.008323,0.008461,0.005201,0.005989,0.009375,0.005615,0.184,0.7519,
0.8416,0.3539,0.004992,0.007325,0.00886,0.008311,0.008464,0.005149,0.006018,0.009413,0.005666,0.184,0.7518,
0.8417,0.3658,0.005053,0.007322,0.008871,0.008291,0.008437,0.005149,0.006,0.00963,0.005487,0.184,0.7518,
0.8414,0.3954,0.005014,0.007297,0.008886,0.008269,0.008427,0.005175,0.01021,0.005428,0.005523,0.184,0.7518,
0.841,0.4089,0.004953,0.00728,0.008902,0.008263,0.008428,0.005187,0.0102,0.005682,0.00527,0.184,0.7519,
0.842,0.4028,0.00499,0.007277,0.008909,0.008263,0.008362,0.005979,0.009462,0.00568,0.005394,0.1838,0.7519,
0.8426,0.3767,0.005092,0.007272,0.00892,0.008228,0.008295,0.006044,0.009412,0.005643,0.005571,0.1836,0.7519,
0.8425,0.3982,0.005114,0.007269,0.008925,0.008239,0.008057,0.0074,0.008107,0.005625,0.005669,0.1835,0.7521,
0.8399,0.4283,0.005067,0.007263,0.008929,0.008221,0.007774,0.01097,0.004582,0.005626,0.005586,0.1839,0.7521,
0.839,0.3899,0.00505,0.007244,0.008916,0.008185,0.007704,0.01097,0.006315,0.003893,0.005584,0.1839,0.7522,
0.8401,0.4093,0.00518,0.007254,0.008917,0.008185,0.007677,0.01095,0.006311,0.003906,0.00577,0.1837,0.7521,
0.8398,0.4079,0.005082,0.007254,0.008921,0.008184,0.007675,0.01095,0.00631,0.003927,0.005748,0.1839,0.7521,
0.841,0.3987,0.005121,0.007242,0.008924,0.008154,0.007664,0.01095,0.006231,0.003982,0.006125,0.1834,0.7522,
0.8418,0.3582,0.005171,0.007227,0.008931,0.00813,0.00762,0.01092,0.006261,0.004139,0.006097,0.1836,0.7519,
0.8418,0.3482,0.005166,0.007222,0.008936,0.008117,0.007595,0.01095,0.00623,0.004139,0.006096,0.1838,0.7518,
0.8408,0.3566,0.00495,0.007213,0.008948,0.008194,0.007519,0.01095,0.00623,0.004185,0.006049,0.1838,0.752,
0.8431,0.3527,0.005012,0.007199,0.008956,0.008171,0.0075,0.01098,0.0062,0.004168,0.00657,0.1837,0.7516,
0.8412,0.369,0.004796,0.007202,0.008845,0.008166,0.007463,0.01102,0.006171,0.004137,0.006567,0.1837,0.7519,
0.8427,0.3527,0.004855,0.007196,0.008854,0.008153,0.007496,0.01099,0.006171,0.004464,0.006575,0.1834,0.7519,
0.8438,0.3462,0.005018,0.007184,0.008863,0.008121,0.007334,0.01096,0.006185,0.004475,0.006827,0.1834,0.7517,
0.8437,0.3616,0.005009,0.00718,0.008876,0.008121,0.007309,0.01096,0.006221,0.004686,0.006562,0.1834,0.7517,
0.8438,0.3525,0.004982,0.007174,0.008877,0.008115,0.007307,0.01097,0.006232,0.004697,0.006524,0.1836,0.7515,
0.843,0.3485,0.004976,0.007177,0.00888,0.008086,0.00727,0.01097,0.006268,0.004642,0.006418,0.1837,0.7516,
0.8418,0.3502,0.004915,0.007171,0.008815,0.008094,0.007186,0.01095,0.006283,0.004606,0.006376,0.1838,0.7518,
0.8397,0.3488,0.005068,0.007157,0.008819,0.008075,0.006428,0.01095,0.006236,0.004699,0.006615,0.1834,0.7525,
0.8392,0.3422,0.005055,0.007158,0.008819,0.008053,0.006385,0.01092,0.006239,0.004658,0.006591,0.1836,0.7525,
0.8391,0.3414,0.005009,0.00715,0.00883,0.008095,0.006373,0.01093,0.006223,0.004686,0.006559,0.1836,0.7525,
0.8393,0.3515,0.005129,0.007149,0.008788,0.008068,0.00619,0.01088,0.006216,0.004959,0.006579,0.1833,0.7527,
0.8398,0.3725,0.005124,0.007143,0.008799,0.008053,0.008836,0.008211,0.006245,0.005089,0.00642,0.1833,0.7528,
0.8394,0.3403,0.005074,0.007138,0.008807,0.008073,0.008811,0.008177,0.006245,0.005107,0.006401,0.1833,0.7528,
0.84,0.3548,0.005138,0.007135,0.008807,0.008055,0.008776,0.008193,0.006188,0.005144,0.006463,0.1835,0.7526,
0.8397,0.3453,0.005103,0.007135,0.008812,0.008069,0.008789,0.008233,0.006102,0.005182,0.006411,0.1835,0.7526,
0.8381,0.3646,0.005058,0.007126,0.008812,0.008047,0.009916,0.006992,0.006845,0.004482,0.006317,0.1835,0.7529,
0.8379,0.3538,0.005056,0.007121,0.008819,0.008047,0.009896,0.007032,0.006768,0.004482,0.006317,0.1835,0.7529,
0.8371,0.3748,0.004953,0.007125,0.008782,0.008138,0.009845,0.007023,0.00673,0.004536,0.006244,0.1835,0.7531,
0.8361,0.3708,0.00487,0.007108,0.00875,0.008129,0.009822,0.00697,0.006712,0.004781,0.005999,0.1835,0.7533,
0.8367,0.3704,0.004932,0.007105,0.00876,0.008119,0.009755,0.006952,0.006694,0.004862,0.006143,0.1833,0.7534,
0.8351,0.3742,0.005069,0.007094,0.008763,0.008114,0.008933,0.006913,0.006643,0.004864,0.006476,0.1835,0.7536,
0.8334,0.3699,0.004827,0.007084,0.008708,0.00814,0.008901,0.00688,0.006639,0.004885,0.00644,0.1835,0.754,
0.8316,0.388,0.004808,0.007079,0.008712,0.008158,0.008561,0.006907,0.006608,0.00486,0.006433,0.1835,0.7544,
0.8324,0.387,0.004685,0.007072,0.008669,0.008208,0.008408,0.006926,0.006617,0.00493,0.006969,0.1828,0.7547,
0.8351,0.3764,0.005037,0.007042,0.008669,0.008178,0.008246,0.006926,0.006594,0.004983,0.007299,0.183,0.7541,
0.8331,0.3603,0.004946,0.007031,0.00868,0.008178,0.007969,0.006884,0.006594,0.005074,0.007189,0.183,0.7545,
0.8308,0.3593,0.004985,0.007018,0.008688,0.00816,0.007425,0.006863,0.006595,0.005045,0.007305,0.1828,0.7551,
0.832,0.3608,0.005047,0.007021,0.008694,0.00816,0.007878,0.00641,0.006621,0.005063,0.007546,0.1825,0.755,
0.831,0.3704,0.005031,0.007018,0.0087,0.008174,0.007772,0.00633,0.006617,0.005109,0.007467,0.1825,0.7553,
0.83,0.3609,0.005028,0.007016,0.008702,0.008162,0.007625,0.006309,0.006595,0.00515,0.007412,0.1825,0.7555,
0.8295,0.3672,0.004945,0.007002,0.008702,0.0081,0.007518,0.006262,0.006584,0.005574,0.006977,0.1832,0.7551,
0.8301,0.3638,0.005103,0.006996,0.008709,0.008085,0.007404,0.006297,0.006525,0.005644,0.007017,0.1832,0.755,
0.8283,0.3791,0.005066,0.006976,0.008714,0.008058,0.007144,0.006264,0.006525,0.005661,0.006985,0.1832,0.7554,
0.8264,0.3826,0.004931,0.006966,0.00872,0.008058,0.006854,0.006256,0.006535,0.00577,0.006926,0.1831,0.7559,
0.823,0.3776,0.004745,0.006961,0.008714,0.008043,0.006416,0.006251,0.006488,0.005799,0.006893,0.1831,0.7566,
0.822,0.3779,0.004733,0.006962,0.008687,0.008043,0.006252,0.006242,0.006488,0.00583,0.006862,0.1831,0.7568,
0.8211,0.3778,0.004716,0.006961,0.008692,0.008027,0.006245,0.006193,0.006508,0.005861,0.006677,0.1832,0.7569,
0.8209,0.375,0.004714,0.006952,0.008704,0.008012,0.006278,0.006197,0.006471,0.005948,0.006549,0.1833,0.7569,
0.8209,0.3708,0.004714,0.00694,0.008715,0.008012,0.006321,0.006218,0.006408,0.005999,0.006499,0.1833,0.7569,
0.8185,0.4032,0.00464,0.006932,0.008726,0.008013,0.009273,0.003192,0.006421,0.006121,0.006344,0.1832,0.7571,
0.818,0.371,0.004639,0.006928,0.00873,0.008013,0.009316,0.003116,0.006395,0.006215,0.006221,0.1832,0.7572,
0.8165,0.3736,0.004392,0.006922,0.008736,0.008013,0.009284,0.003107,0.0064,0.00624,0.006168,0.1832,0.7575,
0.816,0.3866,0.004386,0.006922,0.00874,0.007974,0.009296,0.003069,0.006381,0.006652,0.005755,0.1832,0.7576,
0.8172,0.3781,0.004579,0.006921,0.008704,0.007962,0.009333,0.003062,0.006351,0.006652,0.00589,0.1831,0.7574,
0.8177,0.3858,0.004619,0.006914,0.008709,0.007977,0.009325,0.003028,0.006331,0.006794,0.005848,0.1832,0.7573,
0.8186,0.3713,0.004713,0.006886,0.008692,0.007961,0.009218,0.003042,0.006298,0.006839,0.006169,0.1828,0.7574,
0.819,0.3735,0.004647,0.006881,0.008697,0.007963,0.009133,0.003073,0.006253,0.006821,0.006518,0.1825,0.7575,
0.8182,0.3702,0.004625,0.006883,0.008706,0.007944,0.009037,0.003053,0.006228,0.006882,0.006457,0.1825,0.7577,
0.8181,0.3689,0.004598,0.006873,0.008706,0.007946,0.008933,0.003018,0.006224,0.006877,0.006453,0.1831,0.7573,
0.82,0.3608,0.00469,0.006864,0.00871,0.007931,0.008896,0.003026,0.006205,0.006905,0.006938,0.1826,0.7573,
0.8201,0.3575,0.004681,0.006834,0.0087,0.007916,0.008753,0.00302,0.006196,0.006983,0.007014,0.1828,0.7571,
0.8173,0.3641,0.004364,0.006835,0.008679,0.007903,0.008625,0.002995,0.006169,0.007107,0.006828,0.1829,0.7576,
0.8155,0.3648,0.004256,0.006764,0.008628,0.00789,0.008574,0.002957,0.006169,0.007181,0.006682,0.1831,0.7578,
0.8148,0.3662,0.004185,0.006754,0.008639,0.00786,0.008589,0.00292,0.00617,0.007322,0.006543,0.183,0.758,
0.8136,0.3676,0.004185,0.006751,0.008642,0.00779,0.00841,0.002901,0.006184,0.007347,0.006503,0.183,0.7583,
0.8141,0.3666,0.004328,0.006739,0.008645,0.007779,0.00833,0.002919,0.006165,0.007346,0.006529,0.1831,0.7581,
0.8137,0.3622,0.004326,0.00673,0.008655,0.007765,0.008298,0.002934,0.00615,0.007437,0.006405,0.1831,0.7582,
0.8157,0.3694,0.00446,0.006719,0.008664,0.007733,0.008211,0.002945,0.006189,0.007426,0.006799,0.183,0.7579,
0.8177,0.381,0.004461,0.006712,0.008673,0.007764,0.008196,0.003773,0.005334,0.007481,0.007213,0.1825,0.7579,
0.8171,0.3799,0.004457,0.006706,0.008683,0.007764,0.008134,0.003755,0.005311,0.007801,0.006887,0.1825,0.758,
0.8184,0.3719,0.004613,0.006699,0.008692,0.007771,0.008066,0.003732,0.005348,0.007854,0.007067,0.1822,0.7579,
0.8135,0.4002,0.004482,0.006703,0.008694,0.007771,0.007187,0.003893,0.005148,0.008125,0.006796,0.1822,0.759,
0.8131,0.3883,0.004328,0.006691,0.008694,0.007751,0.007182,0.003867,0.005178,0.008079,0.006741,0.1829,0.7586,
0.8124,0.3789,0.004456,0.006682,0.008704,0.007751,0.00864,0.002409,0.005191,0.008042,0.006769,0.1829,0.7585,
0.8117,0.3733,0.004411,0.006679,0.00871,0.007794,0.008613,0.002394,0.005204,0.008015,0.006679,0.1829,0.7586,
0.8114,0.3663,0.004266,0.006671,0.008723,0.007794,0.008411,0.002395,0.005163,0.008109,0.007051,0.1824,0.759,
0.8105,0.3678,0.004266,0.006663,0.008731,0.007794,0.008309,0.0024,0.005148,0.008276,0.006797,0.1825,0.7591,
0.8122,0.3896,0.004311,0.006645,0.008733,0.007781,0.008227,0.004999,0.002591,0.008223,0.007121,0.1827,0.7587,
0.8135,0.3626,0.004464,0.006648,0.008692,0.007753,0.008234,0.004945,0.002649,0.008163,0.007346,0.1827,0.7584,
0.8125,0.3645,0.004464,0.006642,0.008697,0.007727,0.008086,0.004905,0.002699,0.008127,0.007313,0.1827,0.7587,
