entropy,entropyInd,RabA,RabB,RabC,RabD,RabE,RabF,RabG,RabH,RabI,xER,xPM,
0.8684,0.4196,0.0113,0.008895,0.009409,0.01005,0.007531,0.004842,0.003547,0.005856,0.008246,0.1865,0.7438,
0.8665,0.4034,0.01093,0.008847,0.009398,0.01003,0.007519,0.004842,0.003547,0.005857,0.008246,0.1865,0.7443,
0.8655,0.4075,0.01075,0.008847,0.009398,0.01003,0.007469,0.004842,0.003547,0.005857,0.008246,0.1865,0.7445,
0.8645,0.4065,0.01042,0.008845,0.009398,0.01003,0.007418,0.004842,0.003547,0.005857,0.008465,0.1863,0.7449,
0.8639,0.4037,0.01035,0.008802,0.009394,0.009996,0.007367,0.004842,0.003547,0.005857,0.008546,0.1862,0.7451,
0.8633,0.4042,0.01016,0.008796,0.009387,0.009975,0.007306,0.004834,0.003545,0.005853,0.00854,0.1868,0.7448,
0.8618,0.4078,0.01,0.008795,0.009385,0.009935,0.007171,0.00483,0.003544,0.005853,0.00854,0.1868,0.7452,
0.8631,0.4084,0.01019,0.00879,0.009385,0.009886,0.007129,0.00483,0.003544,0.005853,0.008828,0.1865,0.7451,
0.8615,0.421,0.009903,0.008775,0.009334,0.009856,0.007056,0.00483,0.003544,0.005853,0.008942,0.1864,0.7455,
0.8583,0.4041,0.009238,0.008733,0.009313,0.009819,0.007043,0.004827,0.003541,0.005849,0.009038,0.1863,0.7463,
0.8598,0.3997,0.009488,0.008729,0.009313,0.009805,0.007043,0.004827,0.00354,0.005849,0.009186,0.1862,0.746,
0.859,0.3953,0.009484,0.008725,0.009309,0.00979,0.006927,0.004816,0.003533,0.005839,0.009185,0.1862,0.7462,
0.857,0.3922,0.009194,0.00871,0.009269,0.00978,0.006848,0.004812,0.003533,0.005839,0.009185,0.1862,0.7467,
0.8555,0.3929,0.00903,0.008661,0.009212,0.009752,0.006796,0.004808,0.003529,0.005839,0.009186,0.1862,0.747,
0.8542,0.394,0.008852,0.008661,0.009212,0.009738,0.006715,0.004808,0.003528,0.005839,0.009186,0.1862,0.7473,
0.854,0.3918,0.008848,0.008661,0.009212,0.009707,0.006688,0.004803,0.003528,0.005839,0.009186,0.1862,0.7473,
0.8543,0.3905,0.008842,0.008655,0.009206,0.009701,0.006654,0.004792,0.003517,0.005835,0.00918,0.1867,0.7469,
0.8531,0.3877,0.00884,0.008654,0.009204,0.009691,0.006477,0.004774,0.003516,0.005823,0.009165,0.1867,0.7471,
0.8531,0.3866,0.00876,0.008638,0.009204,0.009691,0.006367,0.00477,0.003512,0.005823,0.00949,0.1864,0.7473,
0.8524,0.3792,0.008687,0.008638,0.009204,0.009676,0.006307,0.004767,0.003507,0.005823,0.00949,0.1864,0.7475,
0.8517,0.3842,0.008649,0.008616,0.009204,0.009638,0.006258,0.004766,0.003507,0.005823,0.00949,0.1864,0.7476,
0.8511,0.3806,0.008649,0.008616,0.009204,0.009624,0.006152,0.004758,0.003502,0.005823,0.00949,0.1864,0.7478,
0.8508,0.3785,0.008513,0.008603,0.009195,0.009588,0.006065,0.004756,0.003501,0.005821,0.009714,0.1865,0.7478,
0.8499,0.384,0.008413,0.008603,0.009195,0.00958,0.005964,0.004756,0.003501,0.005821,0.009714,0.1865,0.748,
0.8496,0.384,0.008297,0.008597,0.00919,0.009568,0.005959,0.004755,0.0035,0.005819,0.009773,0.1866,0.7479,
0.851,0.3804,0.008301,0.00859,0.009186,0.009535,0.005913,0.004754,0.003499,0.005817,0.01024,0.1864,0.7478,
0.8508,0.3749,0.008301,0.00859,0.009186,0.009535,0.005868,0.004754,0.003499,0.005817,0.01024,0.1864,0.7478,
0.8521,0.3735,0.008417,0.008583,0.009186,0.009521,0.005868,0.004754,0.003499,0.005817,0.01054,0.1861,0.7477,
0.851,0.3688,0.008418,0.008527,0.009105,0.009462,0.005839,0.004747,0.00349,0.005818,0.01055,0.1861,0.7479,
0.8529,0.3669,0.008637,0.008522,0.009055,0.009414,0.005835,0.004744,0.003488,0.005815,0.01085,0.1862,0.7474,
0.8522,0.3608,0.008528,0.008517,0.009054,0.009339,0.005802,0.004735,0.003487,0.005813,0.01084,0.1865,0.7474,
0.8521,0.3774,0.008518,0.008509,0.009066,0.009316,0.005785,0.004728,0.004254,0.005147,0.01067,0.1866,0.7474,
0.8535,0.3773,0.008651,0.008528,0.009063,0.009302,0.005803,0.004747,0.004272,0.005707,0.01017,0.1865,0.7473,
0.8531,0.3812,0.008627,0.008512,0.009058,0.009302,0.005746,0.004742,0.004323,0.005786,0.01004,0.1865,0.7474,
0.8522,0.3907,0.008433,0.00851,0.009072,0.009299,0.005764,0.004756,0.004385,0.005846,0.009866,0.1865,0.7476,
0.8518,0.3826,0.008314,0.008511,0.009078,0.00927,0.005783,0.004794,0.004329,0.00618,0.009532,0.1865,0.7477,
0.8517,0.3871,0.008289,0.008523,0.009091,0.009213,0.005801,0.004812,0.004324,0.006465,0.009216,0.1865,0.7478,
0.8515,0.3842,0.008268,0.008527,0.009071,0.009213,0.005837,0.004776,0.004324,0.006465,0.009216,0.1865,0.7478,
0.8511,0.3823,0.008249,0.008527,0.009077,0.009164,0.005848,0.004766,0.004279,0.006574,0.009106,0.1866,0.7479,
0.8503,0.3846,0.00814,0.008527,0.009091,0.009161,0.005758,0.004798,0.00428,0.006828,0.008806,0.1866,0.7481,
0.8482,0.3931,0.008115,0.008542,0.009097,0.009146,0.008305,0.002282,0.004291,0.006831,0.008704,0.1866,0.7481,
0.8486,0.3842,0.008098,0.008547,0.009109,0.009146,0.008323,0.002285,0.00425,0.007106,0.008577,0.1864,0.7481,
0.8504,0.3841,0.00822,0.008541,0.009122,0.009088,0.008355,0.002317,0.004181,0.00739,0.008748,0.186,0.7481,
0.8495,0.3957,0.008078,0.008535,0.009126,0.009058,0.008334,0.002331,0.004219,0.007704,0.008364,0.186,0.7483,
0.8511,0.3817,0.008192,0.0085,0.009103,0.009005,0.00827,0.002309,0.004215,0.008057,0.008316,0.1864,0.7476,
0.8524,0.3827,0.008271,0.008504,0.009108,0.009032,0.008298,0.0023,0.004215,0.008057,0.008554,0.1862,0.7475,
0.852,0.3846,0.008095,0.00848,0.00912,0.009134,0.008258,0.002302,0.004195,0.008176,0.008431,0.1864,0.7474,
0.8514,0.3892,0.008017,0.008461,0.009117,0.009176,0.008185,0.002302,0.004195,0.008349,0.008258,0.1864,0.7475,
0.8536,0.3861,0.00815,0.008456,0.009102,0.009164,0.008111,0.002326,0.004137,0.008349,0.008988,0.1857,0.7475,
0.8536,0.39,0.008114,0.008451,0.009113,0.009178,0.00813,0.002326,0.004149,0.008573,0.008733,0.1857,0.7476,
0.8461,0.3995,0.007925,0.008446,0.009119,0.009164,0.006791,0.002298,0.004116,0.008825,0.008462,0.1857,0.7492,
0.8463,0.411,0.007906,0.008444,0.009122,0.009157,0.006678,0.003591,0.002808,0.009083,0.008192,0.1863,0.7487,
0.8461,0.4106,0.007898,0.008439,0.009134,0.009157,0.006651,0.00361,0.002771,0.009169,0.008106,0.1863,0.7488,
0.8452,0.4245,0.007857,0.008451,0.00909,0.00915,0.006608,0.00423,0.00215,0.009263,0.008011,0.1863,0.7489,
0.8452,0.423,0.0078,0.008464,0.009092,0.009139,0.006585,0.00423,0.002165,0.009248,0.008115,0.1862,0.749,
0.8459,0.4022,0.007901,0.008455,0.009068,0.009138,0.006473,0.004216,0.002183,0.009341,0.008272,0.186,0.749,
0.8482,0.3907,0.008034,0.008462,0.009075,0.009126,0.006473,0.004234,0.002165,0.009539,0.00863,0.1854,0.7488,
0.8477,0.3993,0.008022,0.008465,0.009014,0.009099,0.006492,0.004234,0.002146,0.009558,0.008612,0.1854,0.7489,
0.8473,0.397,0.007984,0.008456,0.009017,0.009082,0.006492,0.004268,0.002113,0.009717,0.008416,0.1855,0.749,
0.8475,0.4004,0.007939,0.008437,0.009026,0.00908,0.006568,0.004124,0.002111,0.00996,0.008159,0.1861,0.7485,
0.8483,0.4121,0.008002,0.008442,0.009012,0.009067,0.006587,0.004105,0.00213,0.01012,0.008207,0.1859,0.7484,
0.8521,0.3972,0.008283,0.008446,0.009018,0.009034,0.006611,0.004093,0.002165,0.01026,0.00883,0.1851,0.7481,
0.8526,0.4003,0.008253,0.008426,0.00902,0.009014,0.006602,0.004038,0.0022,0.01034,0.008696,0.186,0.7474,
0.8525,0.401,0.008251,0.008416,0.009032,0.009002,0.006616,0.004023,0.002199,0.01034,0.008696,0.186,0.7475,
0.8521,0.4026,0.008111,0.008406,0.009036,0.00911,0.006571,0.004017,0.002245,0.01035,0.008634,0.186,0.7475,
0.8511,0.4032,0.007965,0.008406,0.009044,0.009126,0.006529,0.004027,0.002211,0.01032,0.008633,0.186,0.7478,
0.8505,0.4048,0.007806,0.008409,0.009058,0.009143,0.006548,0.00402,0.002199,0.01034,0.008615,0.186,0.7479,
0.8503,0.4092,0.007667,0.008413,0.009062,0.009274,0.006509,0.00402,0.002234,0.01044,0.008483,0.186,0.7479,
0.8497,0.3892,0.007644,0.008386,0.009049,0.009269,0.006501,0.003983,0.002234,0.01044,0.008444,0.186,0.748,
0.8491,0.3897,0.007525,0.008385,0.009058,0.009269,0.006536,0.003929,0.002314,0.0104,0.008391,0.186,0.7482,
0.8489,0.388,0.00745,0.008383,0.009064,0.009279,0.006537,0.003929,0.002342,0.01043,0.008339,0.186,0.7482,
0.8488,0.3995,0.007445,0.008375,0.009071,0.00927,0.006572,0.003912,0.002323,0.01053,0.008237,0.186,0.7482,
0.8482,0.3865,0.007431,0.008374,0.009074,0.009253,0.006503,0.003913,0.002323,0.0107,0.008071,0.186,0.7483,
0.8475,0.3858,0.007429,0.008358,0.009077,0.009238,0.006381,0.003913,0.002351,0.01091,0.007835,0.186,0.7485,
0.8468,0.3936,0.007341,0.00835,0.009037,0.009245,0.006379,0.003957,0.002355,0.01104,0.00761,0.1861,0.7486,
0.8485,0.3904,0.007476,0.008351,0.008976,0.009183,0.006386,0.003927,0.002336,0.01125,0.008005,0.1855,0.7486,
0.8482,0.3996,0.007459,0.008341,0.008989,0.009167,0.006363,0.003958,0.00232,0.01144,0.007798,0.1855,0.7487,
0.8476,0.3877,0.007394,0.008334,0.008997,0.009204,0.006325,0.003951,0.002329,0.01175,0.007457,0.1855,0.7488,
0.8473,0.3885,0.007299,0.008304,0.009003,0.009184,0.006303,0.003934,0.002328,0.01198,0.007225,0.186,0.7485,
0.8477,0.3874,0.007367,0.008304,0.008987,0.009187,0.006279,0.003953,0.002309,0.01203,0.007273,0.1859,0.7485,
0.848,0.3908,0.007428,0.008302,0.008922,0.009173,0.006318,0.003868,0.002309,0.01215,0.007369,0.1856,0.7485,
0.8505,0.3842,0.007645,0.008301,0.00892,0.009215,0.006296,0.003862,0.002326,0.01219,0.007585,0.1858,0.7479,
0.8515,0.3827,0.007766,0.008297,0.008924,0.009193,0.006276,0.003813,0.002314,0.01223,0.007743,0.1858,0.7476,
0.8505,0.3842,0.007722,0.008291,0.00893,0.009171,0.00621,0.003798,0.002314,0.01246,0.007463,0.1859,0.7478,
0.8503,0.3806,0.007695,0.008274,0.008933,0.009182,0.006225,0.003783,0.002341,0.0125,0.00739,0.1858,0.7478,
0.8507,0.3759,0.007724,0.008271,0.008944,0.009225,0.00622,0.003753,0.002342,0.0125,0.007435,0.1858,0.7478,
0.8529,0.3768,0.007796,0.008282,0.008949,0.009237,0.006211,0.003718,0.00234,0.01252,0.007874,0.1857,0.7473,
0.8527,0.3764,0.007775,0.008288,0.00895,0.009237,0.006226,0.003703,0.00234,0.0128,0.007589,0.1858,0.7473,
0.8513,0.3804,0.007632,0.008272,0.008949,0.00921,0.006199,0.003705,0.002365,0.01279,0.007433,0.1859,0.7476,
0.8528,0.3816,0.00767,0.008274,0.008956,0.009211,0.006199,0.003724,0.002436,0.01277,0.007793,0.1854,0.7476,
0.8509,0.3848,0.007593,0.008261,0.008964,0.009165,0.006187,0.004519,0.001698,0.01324,0.007083,0.1855,0.7477,
0.854,0.4069,0.007585,0.008256,0.00892,0.009142,0.006202,0.004537,0.003912,0.01114,0.006923,0.1858,0.7476,
0.8536,0.419,0.007522,0.008255,0.008928,0.009183,0.006219,0.00447,0.003958,0.0113,0.006711,0.1858,0.7477,
0.8556,0.4092,0.007841,0.008246,0.008937,0.009202,0.006233,0.004455,0.004002,0.01126,0.006832,0.1856,0.7474,
0.8541,0.4103,0.007876,0.008253,0.008902,0.009202,0.006248,0.00444,0.004036,0.0115,0.006123,0.1861,0.7473,
0.8555,0.4076,0.00792,0.008251,0.008915,0.009249,0.006197,0.004425,0.004075,0.01155,0.006419,0.1857,0.7473,
0.8543,0.4065,0.007814,0.008236,0.008908,0.009222,0.006095,0.004425,0.004075,0.01159,0.006384,0.1857,0.7475,
0.8574,0.4029,0.008037,0.008228,0.00892,0.009199,0.006066,0.004447,0.004054,0.01165,0.007038,0.185,0.7474,
0.8562,0.3958,0.007928,0.008217,0.008924,0.009269,0.005953,0.004397,0.004115,0.01176,0.006817,0.185,0.7476,
0.8553,0.3967,0.007789,0.008216,0.00892,0.009253,0.00604,0.004325,0.0041,0.01176,0.006779,0.1851,0.7478,
0.8564,0.389,0.007861,0.008215,0.008919,0.009244,0.005966,0.004322,0.004062,0.01194,0.007054,0.1846,0.7478,
0.856,0.395,0.007663,0.008208,0.008913,0.009189,0.00662,0.003655,0.004072,0.01192,0.007009,0.1856,0.7472,
0.8542,0.4024,0.007508,0.008214,0.008919,0.009175,0.006397,0.003672,0.004087,0.01192,0.006974,0.1856,0.7475,
0.8537,0.4017,0.007493,0.008209,0.008926,0.009177,0.006309,0.00368,0.004115,0.01188,0.006973,0.1856,0.7476,
0.8531,0.3974,0.007484,0.008203,0.008816,0.009155,0.006309,0.003726,0.004069,0.01188,0.006973,0.1856,0.7478,
0.8531,0.3931,0.007493,0.008201,0.008828,0.009126,0.006185,0.003722,0.004083,0.012,0.007056,0.1854,0.7479,
0.853,0.3894,0.007473,0.008204,0.008839,0.009124,0.006147,0.003738,0.004037,0.012,0.007054,0.1856,0.7478,
0.8524,0.3917,0.007464,0.008184,0.008796,0.009113,0.006109,0.003776,0.004017,0.01211,0.006922,0.1856,0.7479,
0.8526,0.3915,0.007467,0.008186,0.008806,0.009086,0.006152,0.003751,0.003998,0.01232,0.00684,0.1855,0.7479,
0.8516,0.3926,0.007458,0.008175,0.008813,0.009059,0.006014,0.00375,0.004016,0.01261,0.006525,0.1855,0.7481,
0.8493,0.3976,0.007445,0.008185,0.008804,0.009058,0.005559,0.003748,0.004042,0.01258,0.00649,0.1856,0.7485,
0.8478,0.4065,0.007259,0.00819,0.008808,0.008972,0.005556,0.003747,0.00406,0.01276,0.006246,0.1856,0.7488,
0.8488,0.4084,0.007388,0.00818,0.00882,0.008958,0.00552,0.003728,0.004093,0.01285,0.006363,0.1854,0.7487,
0.8499,0.3914,0.007463,0.008178,0.008823,0.008912,0.005496,0.003783,0.004067,0.01302,0.006447,0.1853,0.7485,
0.8495,0.3966,0.007375,0.008176,0.008835,0.008867,0.005531,0.005387,0.002493,0.01307,0.006527,0.1851,0.7486,
0.8498,0.3864,0.007349,0.008171,0.008841,0.008862,0.005547,0.005418,0.002492,0.01315,0.006393,0.1855,0.7483,
0.8494,0.3963,0.007317,0.008171,0.008858,0.008849,0.005493,0.005413,0.00252,0.01314,0.006374,0.1855,0.7484,
0.8487,0.3857,0.007271,0.008169,0.008864,0.00886,0.005439,0.005456,0.002496,0.01339,0.006072,0.1855,0.7485,
0.8486,0.3829,0.007248,0.008175,0.008867,0.008845,0.005482,0.005413,0.002515,0.01338,0.006072,0.1855,0.7485,
0.8489,0.3752,0.007168,0.008173,0.00887,0.00885,0.005482,0.005389,0.002651,0.01326,0.006216,0.1853,0.7486,
0.8494,0.3803,0.007195,0.008161,0.008884,0.008798,0.005501,0.00539,0.002662,0.01325,0.006361,0.1852,0.7486,
0.8492,0.3847,0.007068,0.00816,0.008892,0.008812,0.005516,0.00539,0.002679,0.01327,0.006386,0.1851,0.7487,
0.8486,0.3805,0.007059,0.008147,0.008899,0.008812,0.00544,0.005423,0.002643,0.01336,0.006286,0.1851,0.7488,
0.8487,0.3954,0.007033,0.008149,0.008909,0.008797,0.005419,0.005435,0.002623,0.01339,0.006247,0.1854,0.7485,
0.8478,0.3999,0.006861,0.008142,0.008917,0.008783,0.00545,0.005419,0.002623,0.01344,0.006189,0.1854,0.7487,
0.8488,0.3832,0.00706,0.008132,0.008919,0.008758,0.005258,0.005476,0.002619,0.0134,0.00642,0.1854,0.7485,
0.851,0.3843,0.007196,0.008131,0.008869,0.008727,0.005158,0.005489,0.002574,0.01357,0.006884,0.1852,0.7482,
0.8523,0.3884,0.007317,0.008127,0.008872,0.008724,0.005153,0.005486,0.00261,0.01383,0.006788,0.1853,0.7478,
0.8516,0.3854,0.007263,0.008116,0.008833,0.008695,0.005132,0.005505,0.002642,0.01383,0.006714,0.1853,0.748,
0.855,0.4263,0.007197,0.008118,0.008841,0.008712,0.005153,0.005494,0.006401,0.01018,0.006573,0.1853,0.7481,
0.8564,0.4194,0.007346,0.008099,0.008847,0.00871,0.005135,0.00549,0.006401,0.01031,0.00674,0.185,0.748,
0.8577,0.407,0.007362,0.008088,0.008854,0.008703,0.005086,0.005483,0.006383,0.01037,0.006994,0.1851,0.7476,
0.8574,0.3907,0.007339,0.008086,0.008798,0.008713,0.005085,0.0055,0.006382,0.01057,0.006777,0.1852,0.7476,
0.8585,0.3794,0.007544,0.008073,0.008753,0.00871,0.005084,0.005478,0.0064,0.01057,0.006891,0.1851,0.7474,
0.8608,0.3961,0.007603,0.008082,0.008762,0.008713,0.005096,0.005473,0.006393,0.0106,0.007457,0.1845,0.7473,
0.8604,0.3995,0.00756,0.008087,0.008768,0.008745,0.00509,0.005451,0.006413,0.0106,0.007363,0.1846,0.7473,
0.8614,0.4018,0.007524,0.008085,0.008773,0.008751,0.005089,0.005472,0.006411,0.01058,0.007691,0.1843,0.7474,
0.8609,0.4074,0.007435,0.008084,0.008779,0.008738,0.005089,0.005472,0.006411,0.01058,0.007692,0.1843,0.7475,
0.8609,0.402,0.007427,0.008087,0.008784,0.008738,0.005089,0.005472,0.006425,0.01076,0.007501,0.1843,0.7475,
0.8601,0.4128,0.007358,0.008083,0.0087,0.008731,0.005089,0.005471,0.006443,0.01081,0.00743,0.1843,0.7476,
0.8604,0.3812,0.007234,0.008068,0.008714,0.008752,0.00504,0.005473,0.006449,0.0108,0.007757,0.1839,0.7478,
0.8612,0.3836,0.007195,0.008063,0.00868,0.008743,0.005034,0.005466,0.00646,0.01083,0.007695,0.1849,0.7469,
0.8606,0.3855,0.00713,0.00805,0.008694,0.008743,0.004999,0.005451,0.006486,0.0108,0.007656,0.185,0.747,
0.8604,0.3892,0.007081,0.008061,0.008698,0.008776,0.004976,0.005485,0.006485,0.01092,0.007507,0.185,0.747,
0.8602,0.3841,0.007073,0.008054,0.008706,0.00877,0.004993,0.005465,0.006559,0.01089,0.007441,0.1849,0.7471,
0.8609,0.39,0.007029,0.008011,0.008704,0.008785,0.005067,0.00627,0.005699,0.01093,0.007675,0.1847,0.7472,
0.8602,0.4141,0.007018,0.008013,0.008662,0.008753,0.005039,0.006258,0.00568,0.01096,0.00764,0.1847,0.7473,
0.8598,0.403,0.006998,0.008024,0.008669,0.008742,0.00505,0.006238,0.00565,0.01126,0.007342,0.1847,0.7473,
0.8602,0.4148,0.007008,0.008025,0.008671,0.008758,0.005069,0.006958,0.004912,0.01126,0.007464,0.1846,0.7473,
0.8599,0.4093,0.00697,0.008018,0.008629,0.008776,0.005069,0.006958,0.004912,0.01128,0.007445,0.1846,0.7474,
0.8594,0.3706,0.006947,0.008024,0.008631,0.008664,0.0051,0.006955,0.004925,0.01127,0.007408,0.1846,0.7475,
0.8586,0.402,0.00689,0.008032,0.008622,0.008637,0.005774,0.006264,0.004922,0.01145,0.007118,0.1847,0.7476,
0.8583,0.4042,0.006882,0.008034,0.008628,0.008637,0.005809,0.006206,0.004937,0.01152,0.006974,0.1847,0.7476,
0.8566,0.3865,0.006661,0.008031,0.008626,0.008607,0.005783,0.006159,0.004919,0.01152,0.006902,0.185,0.7478,
0.856,0.376,0.006653,0.00803,0.00859,0.008586,0.005786,0.006173,0.004944,0.01167,0.006649,0.185,0.7479,
0.8551,0.3808,0.006647,0.007998,0.008567,0.008566,0.005727,0.006149,0.00492,0.0117,0.006618,0.185,0.7481,
0.8567,0.3577,0.006764,0.007992,0.008574,0.008557,0.005676,0.006179,0.004908,0.01199,0.006764,0.1846,0.748,
0.8564,0.3559,0.006743,0.008002,0.008578,0.008522,0.005706,0.006164,0.004936,0.01215,0.006558,0.1846,0.748,
0.8571,0.369,0.006697,0.008004,0.008589,0.008539,0.005661,0.006128,0.005091,0.01209,0.006788,0.1843,0.7481,
0.8566,0.3617,0.006686,0.008011,0.008593,0.008539,0.005621,0.006087,0.005105,0.01221,0.00665,0.1843,0.7482,
0.8568,0.3639,0.006734,0.008012,0.008596,0.008514,0.005537,0.006128,0.005112,0.0124,0.006577,0.1841,0.7483,
0.856,0.3697,0.006632,0.008005,0.008607,0.008598,0.005406,0.006128,0.005163,0.01244,0.006481,0.1841,0.7484,
0.8558,0.3742,0.006598,0.007998,0.008608,0.008581,0.005438,0.00615,0.005154,0.01249,0.006385,0.1841,0.7485,
0.8573,0.3876,0.006635,0.007985,0.008604,0.008533,0.005389,0.00612,0.005147,0.01274,0.006398,0.1848,0.7476,
0.8565,0.3781,0.006623,0.007956,0.008615,0.008534,0.005264,0.006136,0.005192,0.01276,0.006305,0.1848,0.7478,
0.8572,0.3639,0.006736,0.007969,0.008616,0.008541,0.005123,0.006137,0.00521,0.01276,0.006519,0.1846,0.7478,
0.8562,0.3694,0.006676,0.007954,0.008594,0.00854,0.005068,0.006181,0.005239,0.01274,0.006395,0.1847,0.748,
0.8549,0.3635,0.006521,0.007951,0.008589,0.008519,0.005043,0.006149,0.005185,0.01287,0.006256,0.1848,0.7481,
0.8554,0.3592,0.006549,0.007962,0.008556,0.008479,0.005058,0.006135,0.005185,0.01296,0.006362,0.1846,0.7481,
0.8548,0.3699,0.006381,0.007955,0.008563,0.008481,0.005124,0.006081,0.005187,0.01295,0.006342,0.1848,0.7481,
0.8546,0.3609,0.006286,0.007952,0.008567,0.008549,0.005141,0.006062,0.005187,0.01299,0.006302,0.1848,0.7482,
0.8541,0.3621,0.00622,0.007946,0.008573,0.008564,0.005151,0.006047,0.005195,0.013,0.006226,0.1848,0.7482,
0.8538,0.3623,0.006201,0.007949,0.008575,0.008579,0.005173,0.006025,0.005199,0.01323,0.005973,0.1848,0.7483,
0.854,0.3661,0.006208,0.00797,0.008574,0.008528,0.005068,0.006021,0.005206,0.01324,0.006196,0.1846,0.7484,
0.855,0.3615,0.006275,0.007962,0.008571,0.008497,0.005066,0.006022,0.005177,0.01359,0.006071,0.1847,0.748,
0.8547,0.3549,0.006207,0.007956,0.008577,0.008565,0.005142,0.0059,0.005177,0.01359,0.006071,0.1847,0.7481,
0.8541,0.3673,0.006111,0.007939,0.008582,0.008658,0.006758,0.004241,0.005177,0.01368,0.005982,0.1847,0.7481,
0.8539,0.3544,0.006107,0.007936,0.008589,0.00863,0.006782,0.004218,0.005177,0.01376,0.0059,0.1847,0.7482,
0.8554,0.3472,0.006213,0.007901,0.008585,0.008627,0.00678,0.004217,0.005176,0.01381,0.006132,0.1847,0.7479,
0.856,0.3504,0.006345,0.007907,0.008588,0.008617,0.006797,0.004217,0.005155,0.01405,0.005917,0.1847,0.7477,
0.8555,0.3521,0.006326,0.007895,0.008601,0.008623,0.006757,0.004276,0.005053,0.01405,0.005917,0.1847,0.7478,
0.8549,0.3525,0.006296,0.007885,0.008611,0.008579,0.006809,0.00424,0.005039,0.01417,0.005733,0.1848,0.7479,
0.8542,0.3577,0.006287,0.007878,0.008576,0.008565,0.006716,0.004235,0.005106,0.01411,0.005734,0.1848,0.748,
0.8537,0.3552,0.006284,0.007876,0.00858,0.008565,0.00666,0.004225,0.005143,0.01412,0.005654,0.1848,0.7481,
0.8528,0.3598,0.006201,0.007886,0.008588,0.008601,0.006494,0.004228,0.005181,0.01407,0.005655,0.1848,0.7483,
0.849,0.3686,0.006082,0.007887,0.008603,0.008593,0.005849,0.004197,0.005198,0.01417,0.005576,0.1847,0.7491,
0.8486,0.3648,0.006081,0.007886,0.008606,0.008593,0.00578,0.004208,0.005183,0.01416,0.005576,0.1847,0.7492,
0.8478,0.3679,0.005956,0.007884,0.008615,0.008642,0.005709,0.004204,0.005171,0.01414,0.005576,0.1847,0.7494,
0.847,0.3679,0.00587,0.007874,0.008613,0.008724,0.005622,0.004203,0.005171,0.01431,0.00539,0.1847,0.7495,
0.8472,0.3685,0.00575,0.007862,0.008627,0.008711,0.005622,0.004236,0.005204,0.01428,0.005591,0.1845,0.7496,
0.8468,0.3731,0.005725,0.007856,0.008635,0.008734,0.005575,0.004307,0.005149,0.01448,0.005376,0.1845,0.7497,
0.8483,0.3739,0.005868,0.007856,0.008639,0.008734,0.00559,0.00432,0.005089,0.01446,0.005673,0.1842,0.7496,
0.848,0.3694,0.005831,0.007843,0.008646,0.008734,0.005595,0.004311,0.005145,0.01445,0.005605,0.1842,0.7496,
0.8477,0.3763,0.005798,0.007832,0.008645,0.008739,0.005576,0.004324,0.005215,0.01444,0.005524,0.1842,0.7497,
0.8477,0.3747,0.005797,0.00782,0.008658,0.008739,0.005725,0.004213,0.005192,0.01443,0.005524,0.1842,0.7497,
0.8493,0.4453,0.00578,0.007805,0.00866,0.008724,0.005711,0.004212,0.01227,0.007321,0.005449,0.1847,0.7494,
0.8487,0.3847,0.005778,0.007794,0.008672,0.008724,0.006544,0.00339,0.01231,0.007321,0.005352,0.1848,0.7494,
0.8484,0.3844,0.005769,0.007789,0.008681,0.008703,0.00658,0.003392,0.01234,0.007323,0.005277,0.1847,0.7495,
0.8479,0.3955,0.005765,0.007779,0.008688,0.008682,0.00656,0.003379,0.01232,0.007449,0.005133,0.1847,0.7496,
0.8473,0.391,0.005719,0.007771,0.0087,0.00867,0.006551,0.003435,0.01231,0.007896,0.004625,0.1847,0.7496,
0.8464,0.3986,0.005719,0.007746,0.008707,0.008661,0.006411,0.003451,0.01232,0.007836,0.004625,0.1847,0.7498,
0.8458,0.391,0.005704,0.007743,0.00871,0.008605,0.006338,0.003506,0.01226,0.007897,0.004563,0.1847,0.75,
0.8445,0.3692,0.005549,0.00772,0.008721,0.008584,0.006295,0.00353,0.01224,0.007988,0.004435,0.1847,0.7502,
0.8416,0.3729,0.005565,0.007722,0.008722,0.008519,0.005618,0.003527,0.01228,0.007966,0.004583,0.1845,0.751,
0.8425,0.3753,0.00567,0.007709,0.00873,0.008513,0.005487,0.003559,0.01228,0.008149,0.004569,0.1847,0.7507,
0.8435,0.3665,0.005816,0.007685,0.008746,0.008506,0.005341,0.003524,0.01228,0.008215,0.004763,0.1846,0.7505,
0.8444,0.3702,0.005957,0.007684,0.008754,0.008503,0.005389,0.003475,0.01229,0.008281,0.004754,0.1846,0.7503,
0.8452,0.3818,0.005991,0.007691,0.008763,0.008503,0.005411,0.003494,0.01226,0.008254,0.004927,0.1844,0.7503,
0.8472,0.3736,0.005959,0.007685,0.008765,0.00857,0.005369,0.003522,0.01226,0.008256,0.005278,0.1845,0.7498,
0.8472,0.3686,0.005952,0.007685,0.008771,0.00857,0.005369,0.003541,0.01226,0.008294,0.005222,0.1845,0.7498,
0.8467,0.371,0.005949,0.007684,0.008775,0.008556,0.005289,0.003562,0.01224,0.008339,0.005177,0.1845,0.7499,
0.8463,0.3711,0.005925,0.007679,0.008745,0.008576,0.005266,0.003562,0.01229,0.008388,0.00506,0.1845,0.75,
0.8462,0.3813,0.005924,0.00767,0.008755,0.008576,0.005257,0.0036,0.01227,0.008394,0.005029,0.1845,0.75,
0.8459,0.3828,0.005916,0.007664,0.008768,0.008549,0.005249,0.003586,0.01227,0.008458,0.004966,0.1845,0.7501,
0.8472,0.3659,0.006079,0.00765,0.008782,0.008524,0.005161,0.003657,0.01225,0.008416,0.005224,0.1843,0.75,
0.8473,0.3843,0.00597,0.007641,0.00878,0.008517,0.00516,0.003674,0.01222,0.00844,0.005285,0.1845,0.7498,
0.8492,0.3822,0.006117,0.007632,0.00879,0.008517,0.005149,0.003647,0.01224,0.008417,0.005691,0.1841,0.7497,
0.8513,0.3716,0.006405,0.00762,0.008754,0.0085,0.005167,0.003647,0.01226,0.008479,0.005886,0.1838,0.7495,
0.8524,0.3674,0.006526,0.007619,0.00875,0.008494,0.005171,0.003654,0.01219,0.008468,0.005895,0.1843,0.7489,
0.853,0.3689,0.0066,0.007621,0.008757,0.00848,0.005075,0.003746,0.01212,0.008431,0.006124,0.1841,0.7489,
0.8529,0.3707,0.006593,0.007621,0.008727,0.00848,0.005104,0.003823,0.01203,0.008533,0.006003,0.1841,0.749,
0.8524,0.3866,0.006584,0.00762,0.008736,0.00848,0.005104,0.003796,0.01201,0.008879,0.005603,0.1842,0.749,
0.8504,0.3973,0.006265,0.007624,0.00871,0.008465,0.005103,0.003844,0.01317,0.007784,0.005483,0.1843,0.7492,
0.8499,0.4,0.006186,0.007615,0.008716,0.008456,0.005118,0.003951,0.01306,0.007811,0.005419,0.1843,0.7493,
0.8504,0.4112,0.006219,0.007613,0.008722,0.008456,0.005118,0.003982,0.01306,0.00783,0.005454,0.1842,0.7493,
0.8501,0.3955,0.006216,0.007605,0.008729,0.008431,0.005135,0.003963,0.01311,0.007787,0.005423,0.1842,0.7494,
0.8528,0.384,0.006318,0.007593,0.008664,0.00844,0.005082,0.004029,0.01301,0.007858,0.005943,0.1842,0.7489,
0.8524,0.3952,0.006262,0.007598,0.008668,0.008451,0.005117,0.004031,0.01299,0.00782,0.005898,0.1842,0.7489,
0.8524,0.3963,0.006242,0.007611,0.008676,0.008451,0.005127,0.00404,0.01299,0.007806,0.005898,0.1842,0.7489,
0.8524,0.3896,0.00624,0.007603,0.008686,0.008451,0.005182,0.00404,0.01296,0.007807,0.005868,0.1842,0.7489,
0.8524,0.4043,0.006237,0.007596,0.008695,0.008437,0.005197,0.004083,0.01291,0.007807,0.005868,0.1842,0.749,
0.8514,0.398,0.006196,0.007573,0.008702,0.008414,0.006561,0.002777,0.01285,0.007846,0.005829,0.1842,0.749,
0.8509,0.3894,0.006193,0.007561,0.00867,0.008414,0.006552,0.002806,0.01281,0.007828,0.00581,0.1842,0.7491,
0.8517,0.3891,0.006317,0.007551,0.008673,0.008376,0.006528,0.00295,0.0127,0.007834,0.005862,0.1842,0.7491,
0.8556,0.3677,0.006641,0.007539,0.008671,0.008314,0.006435,0.002991,0.01265,0.007867,0.00658,0.1838,0.7485,
0.8556,0.3725,0.006693,0.007534,0.008674,0.008275,0.006332,0.003014,0.01268,0.007867,0.006527,0.1841,0.7483,
0.8546,0.3705,0.006683,0.007537,0.008681,0.008261,0.006543,0.002754,0.01262,0.007885,0.006461,0.1841,0.7485,
0.8545,0.3727,0.006766,0.007533,0.008692,0.008247,0.006378,0.002806,0.01265,0.007947,0.006422,0.184,0.7486,
0.8508,0.3636,0.006519,0.007536,0.008698,0.008233,0.005924,0.00282,0.01259,0.007915,0.006418,0.184,0.7494,
0.8521,0.3719,0.006593,0.007518,0.00871,0.008189,0.006005,0.003408,0.01194,0.008163,0.0062,0.1841,0.7492,
0.8504,0.3791,0.006464,0.007497,0.008654,0.008218,0.005839,0.003575,0.01175,0.008278,0.00602,0.1841,0.7496,
0.8498,0.4083,0.00668,0.007501,0.008657,0.008189,0.005809,0.003614,0.0148,0.005308,0.006121,0.1839,0.7494,
0.8495,0.4075,0.006674,0.007502,0.008661,0.008175,0.005889,0.003531,0.0148,0.005256,0.006121,0.1839,0.7494,
0.8477,0.4166,0.006394,0.007498,0.008672,0.008159,0.005802,0.003593,0.01472,0.005317,0.006022,0.1841,0.7498,
0.8467,0.4145,0.006249,0.007501,0.008675,0.008152,0.005815,0.003561,0.01472,0.005274,0.006022,0.1841,0.75,
0.8478,0.4053,0.006285,0.007508,0.008672,0.008143,0.005815,0.003574,0.01471,0.005378,0.006195,0.1838,0.75,
0.8502,0.4009,0.006488,0.007506,0.008681,0.00813,0.00583,0.003664,0.01473,0.005369,0.00652,0.1833,0.7498,
0.8515,0.4135,0.006591,0.007512,0.008689,0.008101,0.00583,0.003859,0.01453,0.005513,0.006552,0.1832,0.7497,
0.8522,0.4131,0.006702,0.007498,0.008681,0.008058,0.005797,0.003915,0.01449,0.005478,0.006459,0.1839,0.749,
0.8517,0.4178,0.006668,0.007486,0.008675,0.007981,0.005797,0.003996,0.01441,0.005583,0.006335,0.184,0.7491,
0.8507,0.389,0.006581,0.007478,0.008684,0.007967,0.005763,0.004003,0.01437,0.005577,0.0063,0.184,0.7493,
0.852,0.3815,0.00668,0.007476,0.008694,0.007986,0.005762,0.004059,0.01434,0.005614,0.006413,0.1838,0.7492,
0.8507,0.3857,0.006496,0.007468,0.008709,0.007958,0.005695,0.004111,0.01429,0.005801,0.006207,0.1838,0.7495,
0.8498,0.3835,0.006294,0.00746,0.008718,0.008022,0.005463,0.004152,0.01424,0.005851,0.006436,0.1835,0.7498,
0.8494,0.3841,0.00623,0.00746,0.008727,0.008075,0.005377,0.004289,0.01418,0.005752,0.006436,0.1835,0.7499,
0.8494,0.4057,0.006207,0.007461,0.008725,0.008058,0.005359,0.004322,0.01412,0.005781,0.006369,0.1839,0.7497,
0.8484,0.4114,0.006098,0.007463,0.008646,0.008058,0.005368,0.004292,0.0141,0.006181,0.005969,0.1839,0.7499,
0.8479,0.4148,0.006036,0.007464,0.008648,0.008043,0.005337,0.004374,0.01403,0.006162,0.005969,0.1839,0.75,
0.8492,0.4372,0.006006,0.007468,0.008647,0.008026,0.005368,0.005898,0.01249,0.006163,0.00595,0.1839,0.7501,
0.8487,0.4321,0.005928,0.007462,0.008655,0.008087,0.005834,0.005373,0.01247,0.006219,0.005895,0.1839,0.7502,
0.8493,0.4187,0.006036,0.007442,0.008633,0.00806,0.00587,0.005373,0.01243,0.006277,0.00594,0.1838,0.7501,
0.8494,0.4144,0.005968,0.007435,0.00864,0.008048,0.00587,0.005409,0.01241,0.006337,0.005963,0.1838,0.7501,
0.8493,0.4151,0.00596,0.007425,0.008659,0.008048,0.00589,0.005537,0.0123,0.006362,0.005845,0.1839,0.7501,
0.8498,0.4134,0.005989,0.007425,0.008666,0.008048,0.005906,0.005554,0.01228,0.006363,0.005941,0.1837,0.7501,
0.8497,0.4125,0.005925,0.007415,0.008676,0.008098,0.005978,0.005549,0.01225,0.006493,0.005774,0.1837,0.7501,
0.849,0.4332,0.005905,0.00743,0.008682,0.008098,0.005836,0.005592,0.0122,0.006617,0.005632,0.1837,0.7503,
0.8512,0.4278,0.006205,0.007416,0.008642,0.008093,0.005725,0.00566,0.01207,0.006699,0.005893,0.1838,0.7498,
0.8505,0.4149,0.006099,0.007416,0.008643,0.008094,0.005741,0.005716,0.01202,0.006655,0.005897,0.1838,0.7499,
0.85,0.4197,0.006058,0.007404,0.008652,0.008094,0.005729,0.005771,0.01193,0.006798,0.005716,0.1838,0.75,
0.8495,0.4179,0.006046,0.007395,0.008539,0.00808,0.005729,0.005817,0.01184,0.006824,0.005778,0.1837,0.7502,
0.8486,0.4279,0.006041,0.007395,0.008542,0.008066,0.005549,0.005842,0.01185,0.006845,0.005713,0.1838,0.7503,
0.8482,0.4238,0.005988,0.00739,0.008551,0.008116,0.00554,0.005819,0.01184,0.006857,0.005655,0.1838,0.7504,
0.8488,0.4324,0.006014,0.007385,0.00855,0.008195,0.005519,0.005852,0.01181,0.006938,0.005659,0.1837,0.7504,
0.8487,0.4416,0.00601,0.007386,0.008547,0.008187,0.00547,0.00659,0.01109,0.006991,0.005511,0.1838,0.7505,
0.8492,0.4293,0.006028,0.007377,0.008548,0.008236,0.005459,0.00662,0.01107,0.007243,0.005317,0.1838,0.7503,
0.8489,0.4462,0.006001,0.007368,0.008519,0.008251,0.005474,0.006641,0.01104,0.007215,0.005317,0.1838,0.7504,
0.8488,0.4512,0.005993,0.007365,0.008525,0.008228,0.005504,0.006703,0.01096,0.007231,0.005282,0.1838,0.7504,
0.8496,0.43,0.006093,0.007357,0.008524,0.008172,0.005549,0.006646,0.01092,0.007276,0.005485,0.1836,0.7504,
0.8496,0.431,0.006067,0.007365,0.008495,0.008158,0.005595,0.006663,0.01092,0.007359,0.005328,0.1838,0.7503,
0.8515,0.4327,0.006221,0.007344,0.008462,0.00816,0.005604,0.00807,0.009484,0.00741,0.005596,0.1835,0.7502,
0.851,0.424,0.006068,0.007345,0.008464,0.008158,0.005594,0.008116,0.009418,0.007408,0.005594,0.1837,0.7501,
0.853,0.4409,0.006263,0.007339,0.008472,0.008134,0.005642,0.008138,0.009381,0.007441,0.005857,0.1834,0.7499,
0.8522,0.4063,0.006199,0.007346,0.008412,0.008121,0.005634,0.008141,0.009339,0.007475,0.005823,0.1834,0.7501,
0.8531,0.4051,0.00614,0.007343,0.008417,0.008118,0.00565,0.00823,0.009203,0.007472,0.006086,0.1834,0.7499,
0.8516,0.3914,0.005837,0.007341,0.008429,0.008117,0.005665,0.008253,0.009247,0.007419,0.006058,0.1834,0.7502,
0.8511,0.3972,0.005726,0.007343,0.008435,0.008117,0.005704,0.008313,0.00919,0.007376,0.006058,0.1834,0.7503,
0.8505,0.396,0.005725,0.007337,0.008437,0.008078,0.005622,0.00838,0.009166,0.007494,0.005897,0.1834,0.7504,
0.8531,0.4082,0.00589,0.007327,0.008439,0.008069,0.005616,0.00842,0.009096,0.007509,0.006499,0.1828,0.7503,
0.8526,0.408,0.0058,0.007336,0.008444,0.008099,0.005637,0.008391,0.009091,0.007513,0.00642,0.1829,0.7504,
0.8532,0.4087,0.005747,0.007324,0.008443,0.008125,0.005664,0.008469,0.008967,0.007598,0.006324,0.1835,0.7498,
0.8538,0.3784,0.005828,0.007327,0.008448,0.008097,0.005668,0.008442,0.008949,0.007703,0.006363,0.1834,0.7498,
0.8528,0.3823,0.005651,0.007326,0.008455,0.008092,0.005683,0.008516,0.008922,0.007826,0.006142,0.1835,0.7499,
0.8536,0.3817,0.005724,0.007322,0.008423,0.008089,0.0057,0.008608,0.00881,0.007856,0.006261,0.1834,0.7498,
0.8525,0.3828,0.005544,0.007317,0.008428,0.008066,0.005715,0.008581,0.008768,0.007881,0.006218,0.1835,0.75,
0.8531,0.3833,0.00559,0.007309,0.008434,0.008068,0.005691,0.008572,0.008809,0.007802,0.006375,0.1835,0.7499,
0.853,0.3947,0.005586,0.007303,0.008445,0.008068,0.00576,0.008642,0.008727,0.008079,0.00604,0.1835,0.7499,
0.852,0.3963,0.005486,0.007303,0.008453,0.008054,0.005822,0.008508,0.008791,0.008099,0.005897,0.1836,0.75,
0.8519,0.4053,0.005465,0.00731,0.008452,0.008054,0.005855,0.008509,0.008813,0.008236,0.005706,0.1836,0.75,
0.8514,0.4229,0.005318,0.007314,0.008461,0.008135,0.005906,0.008471,0.008776,0.008236,0.005705,0.1835,0.7502,
0.852,0.4011,0.005347,0.007306,0.008463,0.008126,0.006019,0.008377,0.008775,0.008332,0.005723,0.1834,0.7501,
0.8512,0.4266,0.005322,0.007327,0.008467,0.008126,0.009853,0.004635,0.008702,0.008343,0.005694,0.1834,0.7501,
0.8511,0.4048,0.005311,0.007319,0.008483,0.008126,0.009901,0.004652,0.008653,0.008418,0.005555,0.1835,0.7501,
0.8476,0.4059,0.005304,0.007315,0.008492,0.008099,0.009854,0.004647,0.01338,0.00371,0.005503,0.1835,0.7502,
0.8473,0.4073,0.005287,0.007318,0.008491,0.0081,0.009819,0.004633,0.01339,0.003758,0.005418,0.1835,0.7503,
0.8472,0.4217,0.00527,0.007313,0.008499,0.0081,0.009896,0.004575,0.0134,0.003771,0.005421,0.1834,0.7503,
0.8476,0.4146,0.005309,0.007313,0.008494,0.008066,0.009836,0.004634,0.01335,0.003819,0.005504,0.1833,0.7503,
0.846,0.4154,0.005304,0.007306,0.008491,0.00802,0.009521,0.004648,0.01331,0.003922,0.005385,0.1835,0.7506,
0.8456,0.414,0.005396,0.007309,0.008492,0.008002,0.009389,0.004564,0.01328,0.003903,0.005459,0.1835,0.7507,
0.8435,0.4189,0.00533,0.007317,0.008457,0.007989,0.009091,0.004623,0.01317,0.003945,0.005376,0.1835,0.7512,
0.843,0.4222,0.005321,0.007315,0.008461,0.007981,0.009,0.004691,0.01308,0.003981,0.005341,0.1835,0.7513,
0.8356,0.4268,0.005454,0.007289,0.008465,0.007982,0.007372,0.004654,0.01304,0.003979,0.005294,0.1835,0.7529,
0.8361,0.4314,0.005481,0.00727,0.008467,0.007965,0.007228,0.004617,0.01301,0.004289,0.005393,0.1831,0.7532,
0.8352,0.433,0.005478,0.007264,0.008475,0.007925,0.007192,0.00455,0.01304,0.004302,0.005326,0.1831,0.7534,
0.8346,0.4448,0.005444,0.007246,0.008455,0.007925,0.007184,0.004427,0.01305,0.004263,0.005324,0.1835,0.7532,
0.8364,0.4236,0.005626,0.007243,0.008419,0.007942,0.0072,0.004434,0.01305,0.004216,0.005604,0.1833,0.753,
0.8366,0.4448,0.005615,0.00723,0.008433,0.007905,0.007115,0.005342,0.0121,0.004215,0.005603,0.1834,0.753,
0.8364,0.4604,0.005496,0.007203,0.008415,0.007888,0.007136,0.006591,0.0108,0.004214,0.005584,0.1834,0.7532,
0.8359,0.4596,0.005493,0.007188,0.008416,0.007847,0.00721,0.006503,0.01076,0.004337,0.005459,0.1834,0.7533,
0.8357,0.4611,0.005486,0.007171,0.008428,0.007847,0.007231,0.006496,0.01075,0.004419,0.005349,0.1834,0.7534,
0.8357,0.4527,0.005476,0.007164,0.008438,0.007837,0.007263,0.006592,0.01062,0.004419,0.005349,0.1835,0.7534,
0.8357,0.4214,0.005469,0.007162,0.008447,0.007837,0.007333,0.006523,0.01064,0.004482,0.005271,0.1835,0.7534,
0.8352,0.4206,0.005465,0.007163,0.008385,0.00781,0.00738,0.006461,0.01064,0.004477,0.005271,0.1835,0.7535,
0.835,0.4232,0.005424,0.007167,0.008392,0.007841,0.007395,0.006446,0.01067,0.004471,0.005201,0.1835,0.7535,
0.835,0.4215,0.005413,0.00716,0.00841,0.007841,0.007461,0.006381,0.01067,0.004532,0.00514,0.1835,0.7535,
0.8343,0.4264,0.005298,0.007148,0.008427,0.007841,0.007616,0.006235,0.01069,0.004649,0.004972,0.1835,0.7537,
0.8341,0.4294,0.00529,0.007142,0.008436,0.007834,0.007647,0.006296,0.0106,0.004816,0.004751,0.1835,0.7537,
0.8364,0.4438,0.005422,0.007139,0.008438,0.00786,0.007727,0.006234,0.01056,0.004816,0.005244,0.183,0.7536,
0.8359,0.4343,0.005397,0.007133,0.008439,0.00786,0.007726,0.006197,0.01056,0.004933,0.00505,0.1831,0.7536,
0.8355,0.4297,0.005386,0.007128,0.00844,0.00786,0.007759,0.006128,0.01052,0.004933,0.00505,0.1831,0.7537,
0.8359,0.4431,0.005377,0.007123,0.008453,0.007847,0.007836,0.00744,0.009133,0.005081,0.004901,0.1831,0.7537,
0.8352,0.4568,0.005308,0.007122,0.008463,0.007833,0.007786,0.00747,0.009106,0.005063,0.004901,0.1831,0.7539,
0.8354,0.478,0.0053,0.007116,0.008468,0.007817,0.00781,0.007423,0.009098,0.005201,0.004759,0.1834,0.7536,
0.8318,0.4955,0.005193,0.0071,0.008476,0.007908,0.007798,0.007411,0.01196,0.002283,0.004757,0.1834,0.7537,
0.8331,0.4956,0.005398,0.007101,0.008477,0.007896,0.007799,0.00741,0.01197,0.002314,0.004786,0.1833,0.7535,
0.8315,0.5262,0.005186,0.00709,0.008483,0.007862,0.007812,0.007391,0.012,0.002342,0.004648,0.1834,0.7538,
0.8329,0.4895,0.005285,0.007078,0.008484,0.007816,0.007763,0.007455,0.0119,0.002471,0.004904,0.1831,0.7538,
0.8339,0.4862,0.005411,0.007065,0.008494,0.0078,0.007787,0.007443,0.0118,0.002528,0.004942,0.1833,0.7534,
0.8333,0.4769,0.005239,0.007064,0.008503,0.00795,0.007705,0.007432,0.01178,0.002528,0.004942,0.1833,0.7536,
0.8306,0.5292,0.005228,0.007065,0.008472,0.00795,0.007742,0.01476,0.004434,0.002566,0.004865,0.1833,0.7536,
0.8301,0.522,0.005215,0.007047,0.008448,0.007912,0.007787,0.01473,0.004414,0.002566,0.004864,0.1833,0.7537,
0.8304,0.5228,0.005184,0.007052,0.008458,0.007912,0.007835,0.01468,0.004377,0.002585,0.00499,0.1831,0.7538,
0.8313,0.5146,0.005097,0.007045,0.008466,0.007991,0.01109,0.01132,0.004371,0.002749,0.004824,0.1833,0.7537,
0.8309,0.4572,0.00509,0.00703,0.008477,0.007961,0.01122,0.01113,0.004384,0.002958,0.004596,0.1834,0.7538,
0.83,0.4517,0.004974,0.007026,0.008482,0.007952,0.01123,0.01125,0.004214,0.002989,0.004565,0.1834,0.754,
0.8298,0.4247,0.004869,0.007028,0.008488,0.008036,0.01123,0.01123,0.004214,0.002989,0.004565,0.1834,0.754,
0.8289,0.4218,0.004729,0.007021,0.008502,0.008009,0.01126,0.01121,0.004179,0.003022,0.004531,0.1834,0.7542,
0.8288,0.4259,0.004708,0.007011,0.008515,0.008026,0.0113,0.01115,0.004179,0.003135,0.004418,0.1834,0.7542,
0.8308,0.509,0.004931,0.007016,0.008513,0.008007,0.01124,0.01114,0.004155,0.003134,0.004761,0.1831,0.754,
0.8307,0.5003,0.004925,0.007012,0.008521,0.007993,0.01129,0.01112,0.00411,0.003299,0.004596,0.1831,0.754,
0.8288,0.5054,0.004556,0.006992,0.008416,0.008187,0.01129,0.01108,0.004077,0.003317,0.004577,0.1831,0.7544,
0.8299,0.4901,0.004678,0.00699,0.008419,0.008174,0.01129,0.0111,0.004059,0.003317,0.004712,0.183,0.7543,
0.8293,0.4731,0.004574,0.006974,0.008424,0.008151,0.01124,0.01107,0.004057,0.003316,0.00471,0.1833,0.7542,
0.8299,0.4698,0.004563,0.006971,0.00843,0.008209,0.01114,0.01104,0.004057,0.003344,0.004916,0.1831,0.7543,
0.8296,0.46,0.004555,0.006954,0.008388,0.008173,0.01114,0.01106,0.004129,0.003289,0.004877,0.1833,0.7542,
0.8289,0.4248,0.00451,0.006952,0.008394,0.008201,0.01105,0.01103,0.00417,0.003231,0.004877,0.1833,0.7543,
0.8278,0.4274,0.004486,0.006937,0.008345,0.008173,0.01099,0.01102,0.004128,0.003264,0.004817,0.1833,0.7546,
0.8275,0.4343,0.004464,0.00694,0.008348,0.008136,0.01108,0.01095,0.004105,0.003264,0.004817,0.1833,0.7546,
0.8265,0.4592,0.004213,0.006925,0.008354,0.0082,0.01097,0.01093,0.004127,0.003568,0.004635,0.1832,0.7549,
0.829,0.4347,0.004362,0.006901,0.008354,0.0082,0.01092,0.01093,0.004109,0.003568,0.005219,0.1826,0.7549,
0.8288,0.4187,0.004301,0.006866,0.008371,0.008153,0.01085,0.01097,0.00404,0.00376,0.005019,0.1832,0.7545,
0.8279,0.4083,0.004294,0.006856,0.008346,0.008113,0.0108,0.01102,0.003991,0.003804,0.004906,0.1833,0.7546,
0.8288,0.4029,0.004459,0.006846,0.008344,0.008139,0.01058,0.01096,0.003959,0.003821,0.005186,0.1832,0.7545,
0.8268,0.4405,0.004319,0.006833,0.008304,0.008125,0.01036,0.01094,0.003959,0.003858,0.005149,0.1832,0.755,
0.8264,0.4343,0.004318,0.006821,0.008311,0.008116,0.01037,0.01087,0.003979,0.003832,0.005149,0.1832,0.7551,
0.8251,0.4284,0.004243,0.006809,0.008332,0.008088,0.01028,0.01084,0.003975,0.00387,0.005044,0.1832,0.7553,
0.8237,0.41,0.004243,0.0068,0.008337,0.008067,0.01006,0.01076,0.003975,0.003908,0.005005,0.1832,0.7557,
0.8222,0.4243,0.004234,0.006781,0.008352,0.008066,0.009989,0.01076,0.005901,0.001971,0.004987,0.1832,0.7558,
0.8233,0.4231,0.004299,0.006776,0.008283,0.008066,0.009863,0.01076,0.00592,0.002,0.005398,0.1827,0.7559,
0.8246,0.4038,0.004314,0.006763,0.008299,0.008112,0.009873,0.01078,0.005861,0.002104,0.005589,0.1824,0.7559,
0.8265,0.4115,0.004635,0.006742,0.008273,0.008102,0.009824,0.01072,0.00585,0.002348,0.005595,0.1822,0.7557,
