entropy,entropyInd,RabA,RabB,RabC,RabD,RabE,RabF,RabG,RabH,RabI,xER,xPM,
1.463,0.2779,0.05411,0.01193,0.008016,0.04717,0.02351,0.01285,0.01673,0.01456,0.01487,0.3948,0.4014,
1.477,0.2526,0.06083,0.01192,0.008013,0.047,0.02333,0.01284,0.01672,0.01455,0.01542,0.3947,0.3946,
1.477,0.2519,0.06079,0.0119,0.008014,0.047,0.02318,0.01283,0.01671,0.01455,0.01542,0.3948,0.3948,
1.48,0.2492,0.06083,0.01188,0.008005,0.04695,0.02302,0.01282,0.01669,0.01454,0.01664,0.3943,0.3943,
1.479,0.2528,0.0608,0.01188,0.008005,0.04692,0.02286,0.0128,0.01669,0.01454,0.01664,0.3944,0.3945,
1.479,0.2441,0.06068,0.01188,0.008007,0.04686,0.02287,0.0128,0.0167,0.01454,0.01665,0.3944,0.3946,
1.48,0.2437,0.06079,0.01188,0.008003,0.04679,0.02276,0.0128,0.01669,0.01453,0.01714,0.3943,0.3943,
1.48,0.2367,0.06077,0.01187,0.008004,0.04669,0.02274,0.0128,0.01669,0.01454,0.01714,0.3944,0.3944,
1.479,0.235,0.06059,0.01187,0.008004,0.0467,0.02267,0.01278,0.0167,0.01454,0.01714,0.3944,0.3946,
1.478,0.2334,0.06056,0.01187,0.008005,0.04671,0.02242,0.01276,0.0167,0.01454,0.01714,0.3945,0.3948,
1.478,0.2362,0.06047,0.01187,0.008004,0.04671,0.02225,0.01274,0.01667,0.01454,0.01715,0.3945,0.3951,
1.475,0.235,0.05925,0.01182,0.007977,0.04668,0.0222,0.01274,0.01667,0.01454,0.01715,0.3945,0.3965,
1.472,0.2379,0.05837,0.01178,0.007965,0.04645,0.02199,0.01274,0.01667,0.01454,0.01715,0.3946,0.3977,
1.478,0.2418,0.06072,0.01174,0.007948,0.04632,0.02179,0.01271,0.01665,0.01453,0.01804,0.3943,0.3952,
1.476,0.231,0.05955,0.01159,0.007899,0.04616,0.0215,0.01268,0.01663,0.01452,0.01891,0.3941,0.3965,
1.473,0.225,0.05813,0.01156,0.00789,0.04617,0.02151,0.01268,0.01663,0.01453,0.01891,0.3941,0.3978,
1.47,0.2191,0.05657,0.01146,0.007888,0.04618,0.02133,0.01268,0.01663,0.01453,0.01892,0.3942,0.3996,
1.467,0.2258,0.05556,0.01136,0.00789,0.0461,0.02122,0.01266,0.01663,0.01453,0.01892,0.3943,0.4009,
1.464,0.2269,0.05434,0.01135,0.007871,0.0461,0.02118,0.01265,0.01663,0.01453,0.01892,0.3943,0.4021,
1.462,0.2237,0.05371,0.01132,0.007822,0.04604,0.02108,0.01264,0.01662,0.01453,0.01892,0.3943,0.403,
1.461,0.2169,0.05327,0.01131,0.007821,0.04601,0.021,0.01264,0.01662,0.01453,0.01893,0.3944,0.4035,
1.458,0.2191,0.05226,0.01129,0.00782,0.04599,0.02091,0.01263,0.01662,0.01453,0.01893,0.3944,0.4046,
1.457,0.2196,0.05183,0.01129,0.007821,0.04593,0.02091,0.01263,0.01662,0.01454,0.01893,0.3944,0.4051,
1.477,0.2073,0.06207,0.01127,0.00782,0.04593,0.02074,0.01261,0.01661,0.01453,0.01912,0.3944,0.3949,
1.478,0.2074,0.06274,0.01127,0.00782,0.0458,0.02067,0.0126,0.0166,0.01453,0.01929,0.3944,0.3943,
1.479,0.2029,0.06298,0.01126,0.007719,0.04574,0.02059,0.01258,0.01659,0.01453,0.01955,0.3943,0.3941,
1.479,0.2154,0.06273,0.01125,0.007718,0.04574,0.02047,0.01257,0.01659,0.01453,0.01983,0.3943,0.3943,
1.479,0.2088,0.0629,0.01124,0.007717,0.04573,0.02028,0.01252,0.01657,0.01453,0.02011,0.3942,0.3942,
1.481,0.2052,0.06292,0.01122,0.007708,0.04565,0.02008,0.01249,0.01656,0.01451,0.02119,0.3938,0.3938,
1.481,0.1957,0.06334,0.01116,0.007707,0.04558,0.01961,0.01247,0.01654,0.01451,0.02146,0.3938,0.3938,
1.478,0.1971,0.06235,0.01116,0.00761,0.04546,0.01961,0.01248,0.01655,0.01452,0.02147,0.3939,0.3948,
1.476,0.201,0.06116,0.01106,0.007635,0.04551,0.0196,0.01256,0.01641,0.01459,0.02136,0.394,0.3961,
1.48,0.2028,0.06332,0.01095,0.007659,0.04547,0.01978,0.01242,0.01632,0.01502,0.02122,0.394,0.3939,
1.477,0.2037,0.06211,0.0109,0.00766,0.04546,0.01986,0.01234,0.01626,0.01517,0.02105,0.3941,0.3951,
1.479,0.2061,0.06322,0.01081,0.007673,0.04549,0.01974,0.01242,0.01625,0.01564,0.02049,0.3942,0.3941,
1.475,0.2034,0.0616,0.01068,0.007664,0.04549,0.01979,0.01251,0.01613,0.01565,0.02038,0.3943,0.3958,
1.479,0.2053,0.06305,0.01067,0.007665,0.04555,0.01971,0.01247,0.01621,0.01555,0.0207,0.3942,0.3942,
1.475,0.2083,0.06178,0.01056,0.007688,0.04543,0.01969,0.01253,0.01604,0.01562,0.02064,0.3942,0.3958,
1.478,0.2085,0.06291,0.01049,0.007696,0.04532,0.01972,0.01264,0.01592,0.01553,0.02122,0.3942,0.3944,
1.475,0.2093,0.06144,0.01044,0.007712,0.0453,0.0198,0.01262,0.01585,0.01577,0.02093,0.3942,0.3959,
1.476,0.2066,0.0621,0.0104,0.007714,0.04483,0.01976,0.01282,0.01566,0.01602,0.02086,0.3943,0.3955,
1.478,0.2015,0.0633,0.01033,0.007733,0.04463,0.01996,0.01267,0.01558,0.01646,0.02052,0.3944,0.3944,
1.476,0.2009,0.06279,0.01031,0.007734,0.04466,0.01983,0.01275,0.01554,0.01663,0.02011,0.3945,0.3951,
1.472,0.2028,0.06126,0.01023,0.007746,0.04481,0.02171,0.0109,0.0155,0.01674,0.01997,0.3946,0.3966,
1.469,0.2079,0.06041,0.01021,0.007747,0.04469,0.02175,0.01096,0.01543,0.01689,0.01953,0.3948,0.3976,
1.467,0.2075,0.05932,0.01014,0.007752,0.04451,0.02177,0.01105,0.01525,0.01702,0.01942,0.395,0.3988,
1.473,0.2054,0.06266,0.01009,0.007753,0.04459,0.02184,0.01113,0.01522,0.01703,0.01924,0.395,0.3954,
1.472,0.2079,0.06232,0.01007,0.00777,0.04468,0.02188,0.01114,0.01519,0.01717,0.01911,0.3951,0.3956,
1.469,0.2092,0.06132,0.01,0.007796,0.04453,0.02165,0.01114,0.01523,0.0176,0.01857,0.3952,0.3969,
1.466,0.2109,0.05989,0.01,0.007796,0.04454,0.02164,0.01114,0.01522,0.0176,0.0185,0.3953,0.3984,
1.471,0.2112,0.06185,0.009931,0.00781,0.0444,0.02162,0.01109,0.01516,0.01785,0.01904,0.395,0.3962,
1.474,0.2102,0.06361,0.009863,0.007708,0.04408,0.02131,0.01107,0.01526,0.01773,0.01973,0.3949,0.3948,
1.473,0.2156,0.06309,0.009858,0.007716,0.04412,0.0213,0.01107,0.0153,0.0179,0.01949,0.3949,0.3953,
1.471,0.2117,0.0622,0.009783,0.007698,0.04406,0.02138,0.01109,0.0153,0.0181,0.01913,0.3951,0.3962,
1.469,0.2136,0.0613,0.009768,0.007721,0.04385,0.02128,0.01121,0.01511,0.01817,0.01908,0.3952,0.3973,
1.472,0.2132,0.06256,0.009682,0.00772,0.04368,0.02131,0.01126,0.01497,0.01813,0.01986,0.395,0.3958,
1.47,0.2253,0.06175,0.009665,0.007737,0.04368,0.02126,0.01125,0.01508,0.01808,0.01968,0.3951,0.3967,
1.473,0.2235,0.06354,0.009617,0.007744,0.04364,0.02115,0.01129,0.01516,0.01811,0.01956,0.3951,0.395,
1.471,0.2241,0.06304,0.009558,0.007712,0.04356,0.02105,0.0113,0.01528,0.01813,0.01934,0.3952,0.3958,
1.468,0.2262,0.06198,0.009545,0.007723,0.04358,0.02075,0.01131,0.01541,0.01829,0.01884,0.3954,0.3972,
1.465,0.2308,0.06042,0.009479,0.007725,0.04359,0.02086,0.01125,0.01553,0.01813,0.01877,0.3955,0.3988,
1.462,0.2353,0.05961,0.009451,0.007669,0.04362,0.02051,0.01133,0.01549,0.01813,0.0187,0.3955,0.4,
1.47,0.2294,0.06404,0.009406,0.007696,0.04358,0.02048,0.01144,0.01542,0.01822,0.01877,0.3955,0.3954,
1.473,0.23,0.06383,0.009357,0.007717,0.04355,0.02052,0.01137,0.01528,0.01839,0.02,0.395,0.395,
1.471,0.2421,0.0626,0.009349,0.007727,0.0434,0.02053,0.01153,0.01516,0.01843,0.01985,0.3952,0.3963,
1.469,0.2437,0.06186,0.0093,0.007755,0.04333,0.02057,0.01155,0.0152,0.01887,0.01926,0.3953,0.397,
1.466,0.2349,0.06106,0.009271,0.00776,0.04327,0.02052,0.01156,0.01512,0.01888,0.01909,0.3954,0.3981,
1.465,0.2377,0.06071,0.00925,0.007778,0.04306,0.0204,0.01168,0.01505,0.01884,0.01909,0.3956,0.3986,
1.463,0.2382,0.0601,0.009249,0.007786,0.04307,0.0204,0.01176,0.01501,0.01929,0.01833,0.3957,0.3993,
1.461,0.2456,0.05889,0.009224,0.007811,0.04306,0.02044,0.01182,0.01753,0.0167,0.01812,0.3959,0.4005,
1.471,0.2454,0.06321,0.009203,0.007818,0.04295,0.02037,0.01193,0.01736,0.01686,0.01901,0.3956,0.3957,
1.467,0.2425,0.06125,0.009136,0.007839,0.04278,0.02059,0.01172,0.01938,0.01525,0.01861,0.3957,0.3977,
1.471,0.2361,0.06309,0.009131,0.007835,0.04274,0.02064,0.01178,0.01929,0.01527,0.01892,0.3956,0.3957,
1.469,0.2288,0.0621,0.00908,0.007838,0.04274,0.02057,0.01184,0.01928,0.01521,0.01887,0.3957,0.3968,
1.471,0.2257,0.06284,0.009071,0.007837,0.04261,0.02042,0.01187,0.01934,0.01559,0.01893,0.3955,0.396,
1.473,0.2277,0.06336,0.00901,0.00788,0.04259,0.02058,0.01175,0.01929,0.01582,0.01892,0.3955,0.3953,
1.471,0.2343,0.06315,0.008983,0.007878,0.04252,0.02056,0.01181,0.022,0.01307,0.01909,0.3956,0.3954,
1.466,0.2323,0.06128,0.00875,0.007839,0.04219,0.02064,0.01182,0.02192,0.01325,0.01876,0.3957,0.3978,
1.465,0.2247,0.06076,0.008746,0.007846,0.04206,0.02072,0.01187,0.02192,0.01331,0.01859,0.3958,0.3984,
1.461,0.2223,0.05943,0.008732,0.007867,0.04189,0.02077,0.01188,0.02188,0.01327,0.01841,0.396,0.3999,
1.468,0.22,0.06335,0.008699,0.007888,0.0417,0.02085,0.01178,0.02183,0.01334,0.01852,0.396,0.396,
1.467,0.2239,0.06268,0.008672,0.007909,0.04161,0.0208,0.01183,0.02179,0.01396,0.0179,0.3961,0.3967,
1.467,0.2235,0.06311,0.00863,0.007914,0.04137,0.02081,0.01202,0.02167,0.01395,0.01764,0.3964,0.3965,
1.468,0.2226,0.06329,0.008554,0.007911,0.0412,0.02084,0.0121,0.02155,0.01394,0.01834,0.3962,0.3961,
1.468,0.2229,0.06313,0.008555,0.007912,0.04121,0.02094,0.01212,0.02138,0.0141,0.01828,0.3962,0.3961,
1.466,0.2272,0.06229,0.008537,0.007932,0.04108,0.0211,0.01205,0.02129,0.01447,0.01788,0.3963,0.397,
1.465,0.2321,0.06162,0.00852,0.00794,0.04095,0.02117,0.01206,0.02128,0.01433,0.01788,0.3964,0.3978,
1.463,0.2337,0.06116,0.008503,0.00794,0.04095,0.02121,0.01214,0.02112,0.01434,0.01779,0.3966,0.3982,
1.464,0.2358,0.06192,0.00839,0.007877,0.04094,0.02129,0.01222,0.02101,0.01425,0.0177,0.3967,0.3977,
1.461,0.2359,0.06107,0.008283,0.007882,0.04095,0.02125,0.01221,0.02088,0.01433,0.01763,0.3967,0.3988,
1.464,0.2352,0.06305,0.008257,0.007888,0.0408,0.02126,0.01218,0.02086,0.01429,0.01767,0.3968,0.3969,
1.46,0.2332,0.06134,0.008195,0.007819,0.04068,0.02134,0.01222,0.02081,0.01464,0.01707,0.397,0.3989,
1.464,0.2299,0.06263,0.008122,0.00783,0.04073,0.02133,0.01238,0.02064,0.01479,0.01758,0.3968,0.3972,
1.464,0.2402,0.06246,0.008115,0.007827,0.04076,0.02109,0.01565,0.01746,0.01468,0.01758,0.3969,0.3975,
1.462,0.242,0.06145,0.008087,0.007818,0.04078,0.02124,0.01559,0.01738,0.01476,0.01751,0.3969,0.3985,
1.467,0.2394,0.06322,0.00799,0.007814,0.04051,0.02128,0.01556,0.01733,0.01484,0.01838,0.3966,0.3964,
1.465,0.2416,0.06214,0.007992,0.007816,0.04037,0.02141,0.01567,0.0171,0.01487,0.01817,0.3968,0.3977,
1.462,0.2432,0.061,0.007982,0.007829,0.04032,0.02145,0.01574,0.01696,0.01488,0.01809,0.3969,0.3988,
1.465,0.245,0.06233,0.007799,0.007806,0.04025,0.0215,0.01571,0.01856,0.01316,0.01882,0.3967,0.3974,
1.467,0.2457,0.06249,0.00774,0.007813,0.04031,0.02162,0.0156,0.01856,0.01332,0.01919,0.3965,0.3968,
1.465,0.2525,0.06161,0.007667,0.007842,0.04028,0.0216,0.01719,0.01687,0.01334,0.01912,0.3966,0.3979,
1.461,0.2529,0.0602,0.007657,0.007855,0.03999,0.02159,0.0172,0.01682,0.01371,0.01871,0.3967,0.3996,
1.46,0.2604,0.05933,0.007646,0.00787,0.04001,0.02164,0.01723,0.01686,0.0139,0.0184,0.3969,0.4003,
1.465,0.2591,0.06221,0.007627,0.007874,0.03957,0.02161,0.01726,0.01678,0.01399,0.01853,0.397,0.3975,
1.465,0.2434,0.06233,0.007547,0.00787,0.03939,0.02164,0.01734,0.01671,0.01421,0.01859,0.397,0.3974,
1.467,0.2413,0.06301,0.007531,0.007869,0.03932,0.0216,0.01748,0.01653,0.01424,0.01897,0.3969,0.3966,
1.466,0.2464,0.06238,0.007515,0.007873,0.03955,0.02162,0.01746,0.01646,0.01463,0.01851,0.397,0.397,
1.469,0.2468,0.06179,0.007448,0.007861,0.03973,0.02171,0.01732,0.01639,0.01477,0.01967,0.3965,0.3969,
1.47,0.2508,0.06222,0.00744,0.007866,0.03982,0.02157,0.01739,0.01638,0.01469,0.01985,0.3964,0.3963,
1.468,0.2526,0.06117,0.007433,0.007871,0.03979,0.02159,0.01752,0.01619,0.01478,0.01977,0.3965,0.3974,
1.465,0.2457,0.06002,0.007428,0.007875,0.0398,0.02156,0.01767,0.01603,0.01503,0.01951,0.3965,0.3985,
1.47,0.2416,0.06154,0.007377,0.007878,0.03982,0.02153,0.01767,0.01601,0.01489,0.02049,0.3962,0.3966,
1.469,0.2419,0.06074,0.007325,0.007888,0.03982,0.0216,0.01788,0.01578,0.0151,0.02025,0.3963,0.3974,
1.468,0.2451,0.06044,0.00732,0.007894,0.03974,0.02167,0.01802,0.01559,0.01517,0.02011,0.3964,0.3977,
1.466,0.2515,0.05952,0.007265,0.007866,0.03973,0.02177,0.0182,0.01532,0.01569,0.01959,0.3964,0.3986,
1.462,0.2511,0.05749,0.007247,0.007874,0.03976,0.02173,0.0184,0.01506,0.01576,0.01952,0.3965,0.4007,
1.458,0.2536,0.05567,0.007164,0.007876,0.03973,0.02182,0.01833,0.01503,0.01582,0.01943,0.3965,0.4026,
1.469,0.2582,0.06151,0.007164,0.007876,0.0396,0.02188,0.01839,0.01497,0.01579,0.01964,0.3965,0.3967,
1.468,0.2583,0.0609,0.007136,0.007902,0.03956,0.02189,0.01838,0.01494,0.01579,0.01965,0.3966,0.3973,
1.466,0.2475,0.06034,0.007124,0.007903,0.0396,0.02527,0.01513,0.01495,0.01612,0.01912,0.3966,0.3978,
1.464,0.2496,0.05963,0.007104,0.007928,0.03954,0.02531,0.01527,0.01479,0.01612,0.01897,0.3968,0.3986,
1.46,0.2533,0.05823,0.00709,0.00793,0.03953,0.02532,0.01535,0.0147,0.01609,0.01883,0.3969,0.4,
1.456,0.2574,0.05693,0.00702,0.007936,0.03957,0.02765,0.01296,0.01478,0.01629,0.01842,0.397,0.4014,
1.454,0.2742,0.05626,0.006993,0.00794,0.03962,0.02757,0.0129,0.01493,0.01629,0.01824,0.397,0.4022,
1.451,0.275,0.05556,0.006941,0.007942,0.03959,0.02743,0.01293,0.01489,0.0163,0.01809,0.3971,0.4032,
1.466,0.2726,0.06199,0.006934,0.007934,0.03963,0.02722,0.0129,0.0148,0.0165,0.01881,0.3967,0.3965,
1.464,0.2628,0.06141,0.006926,0.007945,0.03965,0.02706,0.01293,0.01472,0.01654,0.01868,0.3969,0.3973,
1.462,0.2626,0.06115,0.006857,0.007949,0.0397,0.02683,0.0129,0.01468,0.01709,0.01814,0.3969,0.3978,
1.468,0.2464,0.06186,0.006845,0.007938,0.0398,0.02695,0.01276,0.01457,0.0172,0.01947,0.3964,0.3962,
1.467,0.2378,0.0614,0.006842,0.007942,0.03992,0.02687,0.01274,0.01453,0.01726,0.0194,0.3964,0.3967,
1.465,0.2365,0.06098,0.006823,0.007953,0.03967,0.02684,0.0128,0.0145,0.01732,0.01931,0.3966,0.3972,
1.461,0.2388,0.05933,0.006793,0.007987,0.03962,0.02651,0.0128,0.0145,0.01735,0.01915,0.3967,0.3992,
1.458,0.2449,0.05826,0.006762,0.007951,0.03955,0.02644,0.01288,0.01641,0.01547,0.01891,0.3968,0.4006,
1.465,0.2392,0.06182,0.006736,0.007969,0.0396,0.0264,0.0128,0.01637,0.01584,0.01874,0.3968,0.3969,
1.462,0.2315,0.06116,0.006731,0.007974,0.03961,0.02614,0.01281,0.01634,0.0159,0.01847,0.397,0.3979,
1.461,0.2302,0.06056,0.006733,0.007976,0.03963,0.02615,0.01263,0.01634,0.01591,0.01848,0.3971,0.3985,
1.458,0.2306,0.0593,0.006697,0.007981,0.03957,0.02606,0.01262,0.01632,0.01594,0.01842,0.3971,0.4,
1.456,0.2357,0.05872,0.00667,0.008011,0.03961,0.02601,0.01266,0.01632,0.016,0.01819,0.3972,0.4006,
1.441,0.234,0.05762,0.006405,0.007995,0.03943,0.02262,0.01223,0.0163,0.01593,0.01815,0.3973,0.406,
1.439,0.238,0.05721,0.006403,0.007999,0.03941,0.02218,0.01231,0.01615,0.01599,0.01806,0.3974,0.4069,
1.457,0.2368,0.06636,0.006399,0.007995,0.03925,0.02214,0.01226,0.01612,0.01606,0.01868,0.3972,0.3975,
1.455,0.2367,0.06535,0.006399,0.007996,0.03924,0.02222,0.01221,0.01608,0.01616,0.01856,0.3972,0.3985,
1.453,0.2311,0.06454,0.006364,0.007999,0.03913,0.02226,0.01222,0.01617,0.01607,0.01852,0.3973,0.3994,
1.45,0.2443,0.06325,0.006356,0.00801,0.03907,0.02202,0.01234,0.01601,0.01607,0.01843,0.3974,0.401,
1.456,0.2381,0.06649,0.006349,0.00801,0.03901,0.02202,0.01234,0.01605,0.01609,0.01854,0.3975,0.3977,
1.457,0.2336,0.06649,0.006344,0.007995,0.03883,0.02199,0.01231,0.0161,0.01604,0.019,0.3974,0.3975,
1.459,0.2336,0.06641,0.006329,0.008,0.0388,0.022,0.01245,0.01595,0.01599,0.01982,0.3972,0.3971,
1.456,0.2353,0.06549,0.006314,0.007998,0.03882,0.02165,0.01262,0.01578,0.0162,0.01951,0.3972,0.3984,
1.454,0.2369,0.06434,0.0063,0.007964,0.03883,0.02173,0.01258,0.01589,0.01613,0.01944,0.3973,0.3995,
1.455,0.2315,0.06537,0.006239,0.00796,0.03881,0.02154,0.01261,0.01588,0.01652,0.01929,0.3972,0.3986,
1.458,0.2258,0.06633,0.006237,0.007876,0.03869,0.02155,0.01253,0.01595,0.01639,0.01979,0.3971,0.3976,
1.455,0.2193,0.06483,0.006238,0.007877,0.03867,0.02159,0.01244,0.01603,0.01657,0.01953,0.3972,0.3991,
1.454,0.2207,0.06449,0.006234,0.007884,0.03872,0.02168,0.01236,0.01616,0.01647,0.01937,0.3972,0.3994,
1.452,0.2312,0.06382,0.006219,0.007889,0.03874,0.02178,0.01238,0.01616,0.01647,0.01905,0.3973,0.4001,
1.457,0.2069,0.06629,0.006214,0.007894,0.03878,0.02175,0.01241,0.01627,0.01644,0.01905,0.3974,0.3975,
1.456,0.2139,0.0663,0.006188,0.007835,0.0389,0.02134,0.01243,0.01752,0.01519,0.01911,0.3974,0.3978,
1.456,0.2107,0.06622,0.006188,0.007835,0.03876,0.02125,0.01238,0.01752,0.01519,0.01936,0.3974,0.3979,
1.453,0.2102,0.06511,0.006098,0.007832,0.03865,0.02128,0.01236,0.01743,0.01527,0.01925,0.3975,0.3993,
1.451,0.2161,0.06465,0.00609,0.007832,0.03856,0.0211,0.01227,0.01763,0.01527,0.01904,0.3975,0.4,
1.445,0.2128,0.06187,0.006081,0.007773,0.0385,0.02117,0.01229,0.01762,0.01566,0.0185,0.3976,0.4029,
1.441,0.2107,0.06014,0.00601,0.007776,0.03812,0.02122,0.0123,0.01763,0.01572,0.01834,0.3978,0.4049,
1.438,0.2144,0.0595,0.006001,0.007789,0.03801,0.02105,0.01222,0.01799,0.01555,0.01815,0.3979,0.4058,
1.452,0.2067,0.06714,0.005986,0.007794,0.03769,0.02102,0.01222,0.0179,0.0156,0.01827,0.3981,0.3983,
1.45,0.2084,0.0666,0.005986,0.007794,0.03773,0.02099,0.01214,0.01784,0.01557,0.01827,0.3981,0.399,
1.449,0.2055,0.06597,0.005977,0.007806,0.03771,0.02103,0.0122,0.0177,0.01571,0.01798,0.3982,0.3997,
1.449,0.2174,0.06777,0.005957,0.007816,0.03776,0.02104,0.01208,0.02277,0.01059,0.01801,0.3983,0.3979,
1.449,0.2122,0.06677,0.0059,0.007818,0.03776,0.02111,0.01203,0.02279,0.01058,0.01868,0.398,0.3986,
1.446,0.2132,0.06501,0.005885,0.007834,0.03775,0.02122,0.01191,0.02275,0.01066,0.01852,0.398,0.4004,
1.444,0.2028,0.06444,0.005878,0.007846,0.03779,0.02115,0.01206,0.02254,0.01088,0.01799,0.3982,0.4012,
1.44,0.2059,0.06412,0.005874,0.007848,0.03784,0.0243,0.008914,0.02313,0.01038,0.01783,0.3983,0.4015,
1.445,0.2,0.06602,0.005816,0.007814,0.03783,0.02416,0.009038,0.02303,0.01045,0.01834,0.398,0.3994,
1.443,0.2014,0.06532,0.005813,0.007814,0.03781,0.02415,0.009206,0.02287,0.0105,0.01806,0.3982,0.4003,
1.44,0.2049,0.0641,0.005772,0.007794,0.03777,0.0241,0.009199,0.02281,0.01059,0.01785,0.3982,0.4018,
1.438,0.2097,0.0638,0.005772,0.007794,0.03784,0.02396,0.009046,0.02275,0.01054,0.01785,0.3982,0.4024,
1.443,0.2058,0.06735,0.005761,0.007811,0.03747,0.02379,0.009122,0.02273,0.01098,0.01742,0.3984,0.3992,
1.442,0.2061,0.06686,0.005662,0.007813,0.0374,0.02335,0.009142,0.02267,0.01105,0.01766,0.3983,0.4001,
1.438,0.2128,0.06507,0.005656,0.007824,0.03731,0.02346,0.009271,0.02236,0.01161,0.01696,0.3984,0.4021,
1.446,0.2117,0.06865,0.005642,0.007832,0.0373,0.02356,0.009339,0.02207,0.01164,0.01742,0.3983,0.3983,
1.443,0.2187,0.0675,0.005636,0.007837,0.03721,0.02333,0.009531,0.02188,0.01187,0.01721,0.3984,0.3996,
1.441,0.2201,0.06665,0.005636,0.007838,0.0372,0.02326,0.009468,0.02177,0.01187,0.01721,0.3984,0.4007,
1.442,0.2218,0.06741,0.005625,0.007846,0.03712,0.02334,0.009562,0.02166,0.01189,0.01728,0.3984,0.3999,
1.439,0.2258,0.06695,0.005573,0.007852,0.0372,0.02294,0.009777,0.02303,0.01021,0.0172,0.3985,0.4008,
1.443,0.2234,0.06883,0.005571,0.00785,0.03722,0.02282,0.009815,0.02301,0.01024,0.01742,0.3984,0.3988,
1.448,0.2212,0.06941,0.005563,0.007847,0.03711,0.02302,0.0122,0.02041,0.01041,0.01818,0.3981,0.3978,
1.448,0.2213,0.0693,0.00555,0.00786,0.03707,0.02297,0.01222,0.02021,0.01054,0.01823,0.3981,0.3979,
1.447,0.2272,0.06818,0.005515,0.007858,0.03711,0.02303,0.01236,0.02022,0.01084,0.01797,0.3981,0.3988,
1.445,0.2291,0.06764,0.005513,0.007862,0.03708,0.02277,0.01243,0.02004,0.01168,0.01713,0.3982,0.3997,
1.443,0.2283,0.06687,0.005474,0.007832,0.037,0.02276,0.01249,0.01989,0.01179,0.01702,0.3982,0.4006,
1.449,0.2268,0.0686,0.005439,0.007819,0.03699,0.02268,0.01276,0.02116,0.01025,0.01827,0.3978,0.3982,
1.444,0.2224,0.06648,0.005433,0.007809,0.03677,0.02254,0.01275,0.02104,0.01059,0.01788,0.3979,0.4008,
1.439,0.2198,0.06483,0.005393,0.007793,0.03669,0.02232,0.01284,0.02092,0.01055,0.01789,0.398,0.4028,
1.449,0.2123,0.0697,0.005379,0.007803,0.03643,0.02206,0.01298,0.02076,0.0105,0.01861,0.3979,0.3979,
1.446,0.2154,0.06867,0.005359,0.007825,0.03631,0.02204,0.01292,0.02079,0.01044,0.01861,0.398,0.399,
1.448,0.2137,0.06913,0.00534,0.007839,0.03633,0.02209,0.01299,0.02064,0.01056,0.01879,0.3979,0.3984,
1.446,0.215,0.06823,0.005342,0.007841,0.03621,0.02205,0.01294,0.02057,0.01065,0.01871,0.398,0.3994,
1.448,0.2312,0.06964,0.005337,0.007846,0.03624,0.0222,0.01289,0.02047,0.01063,0.01869,0.3981,0.398,
1.446,0.2258,0.0691,0.005333,0.007767,0.03626,0.02202,0.01291,0.02031,0.0108,0.01852,0.3981,0.3989,
1.443,0.2342,0.06751,0.0053,0.007763,0.03625,0.02212,0.01281,0.0204,0.01075,0.01844,0.3981,0.4005,
1.441,0.2307,0.06706,0.005283,0.00777,0.03625,0.02209,0.01287,0.02035,0.01106,0.01793,0.3983,0.4011,
1.45,0.2321,0.07005,0.005264,0.007773,0.03623,0.02205,0.01286,0.02035,0.01113,0.01892,0.3979,0.3975,
1.447,0.2207,0.06848,0.005251,0.007781,0.03626,0.02203,0.01283,0.02027,0.01124,0.01881,0.3979,0.3991,
1.449,0.22,0.06834,0.005242,0.007775,0.03626,0.0218,0.01286,0.0202,0.01149,0.01958,0.3975,0.3989,
1.447,0.2177,0.06761,0.005242,0.007775,0.03625,0.02189,0.01263,0.02025,0.01161,0.01943,0.3976,0.3997,
1.444,0.2199,0.06639,0.005182,0.007787,0.03621,0.0219,0.01273,0.02009,0.01167,0.01931,0.3976,0.4011,
1.442,0.2188,0.06526,0.005159,0.007777,0.03617,0.02173,0.0127,0.02009,0.01181,0.01917,0.3977,0.4024,
1.437,0.226,0.06347,0.00516,0.007778,0.03616,0.02154,0.01289,0.01991,0.01193,0.01893,0.3978,0.4045,
1.451,0.2199,0.06991,0.005082,0.007777,0.03615,0.02131,0.01283,0.01984,0.01222,0.01973,0.3974,0.3978,
1.452,0.2245,0.07002,0.005074,0.007782,0.03619,0.02138,0.01286,0.01976,0.01258,0.01961,0.3973,0.3974,
1.451,0.2093,0.06974,0.005064,0.007792,0.03604,0.02118,0.01288,0.01977,0.01257,0.0197,0.3973,0.3979,
1.45,0.214,0.06947,0.005019,0.007808,0.03581,0.02134,0.01286,0.01977,0.01261,0.01956,0.3975,0.3983,
1.452,0.2117,0.06976,0.00496,0.007797,0.03567,0.02132,0.01295,0.01962,0.01254,0.02024,0.3974,0.3978,
1.45,0.2106,0.06906,0.004956,0.007797,0.03563,0.02149,0.01286,0.0195,0.01259,0.02017,0.3975,0.3985,
1.457,0.2088,0.06989,0.004945,0.007782,0.03565,0.02143,0.01277,0.01949,0.01262,0.02212,0.3967,0.3966,
1.455,0.2133,0.06912,0.004941,0.007781,0.03569,0.02158,0.01275,0.01938,0.01263,0.02203,0.3968,0.3973,
1.457,0.2183,0.06967,0.004937,0.007775,0.03571,0.02341,0.01109,0.01899,0.01262,0.02286,0.3965,0.3965,
1.458,0.2213,0.06964,0.004922,0.007735,0.03576,0.02332,0.01119,0.01896,0.01266,0.02319,0.3963,0.3963,
1.457,0.2246,0.06928,0.004866,0.007742,0.03589,0.02334,0.0112,0.01893,0.01305,0.02275,0.3963,0.3966,
1.456,0.2265,0.06863,0.004862,0.007748,0.03598,0.02334,0.01124,0.0189,0.01308,0.02254,0.3964,0.3973,
1.457,0.2255,0.06951,0.004857,0.007703,0.03601,0.02332,0.01132,0.01874,0.01316,0.02238,0.3964,0.3966,
1.453,0.2304,0.06773,0.004847,0.007632,0.03614,0.02341,0.01132,0.01867,0.01318,0.02212,0.3965,0.3985,
1.449,0.248,0.06551,0.004796,0.007643,0.03617,0.02348,0.01125,0.01863,0.01327,0.02192,0.3966,0.4008,
1.447,0.2571,0.06431,0.004794,0.007649,0.03637,0.02355,0.01322,0.01656,0.01327,0.02164,0.3967,0.4019,
1.457,0.2504,0.06961,0.004756,0.007646,0.03636,0.02344,0.01334,0.01653,0.01316,0.02209,0.3966,0.3965,
1.456,0.2507,0.06884,0.004756,0.007648,0.03641,0.02345,0.01339,0.01661,0.01318,0.02187,0.3967,0.3972,
1.447,0.2364,0.0676,0.004649,0.007626,0.03649,0.02189,0.01308,0.01641,0.01311,0.02187,0.3967,0.4006,
1.444,0.2403,0.06642,0.00465,0.007626,0.03658,0.02186,0.01318,0.01644,0.01303,0.02173,0.3967,0.4018,
1.443,0.2419,0.06609,0.00465,0.007628,0.03652,0.02185,0.01323,0.01645,0.01295,0.02173,0.3968,0.4021,
1.441,0.255,0.06512,0.004649,0.007621,0.03643,0.02337,0.01195,0.01616,0.01295,0.02173,0.3969,0.4031,
1.453,0.2425,0.07149,0.004614,0.007645,0.03648,0.02321,0.01203,0.01621,0.01308,0.02213,0.3966,0.3965,
1.455,0.2389,0.07149,0.004604,0.007645,0.03637,0.02323,0.0119,0.01626,0.01315,0.02281,0.3964,0.3962,
1.453,0.2283,0.07062,0.004605,0.007646,0.03646,0.02326,0.01172,0.01621,0.01358,0.02239,0.3964,0.3971,
1.452,0.2223,0.06991,0.00459,0.007663,0.03646,0.0233,0.0118,0.01617,0.01351,0.02239,0.3965,0.3977,
1.452,0.2171,0.06954,0.004585,0.007671,0.03652,0.02335,0.01176,0.01612,0.01361,0.02229,0.3966,0.398,
1.449,0.221,0.06824,0.004573,0.007684,0.03645,0.02343,0.0118,0.01601,0.01376,0.02215,0.3967,0.3992,
1.453,0.2179,0.07062,0.004526,0.007666,0.03643,0.0233,0.01176,0.01607,0.01375,0.02236,0.3966,0.3969,
1.452,0.2174,0.07045,0.004528,0.007669,0.03644,0.02327,0.01175,0.01617,0.01374,0.02209,0.3967,0.3972,
1.451,0.2434,0.06935,0.004526,0.007671,0.0365,0.02335,0.01181,0.01608,0.0137,0.0221,0.3968,0.3981,
1.452,0.2221,0.07068,0.004481,0.007662,0.03645,0.02735,0.007758,0.01602,0.01376,0.02318,0.3964,0.3963,
1.451,0.2171,0.06986,0.004475,0.007665,0.03657,0.02718,0.007694,0.01608,0.01369,0.02342,0.3963,0.3971,
1.453,0.2128,0.07062,0.004468,0.007665,0.03648,0.02695,0.007645,0.01604,0.01368,0.02416,0.3961,0.3962,
1.45,0.2258,0.06936,0.004442,0.007648,0.03651,0.02683,0.007599,0.01611,0.01383,0.02379,0.3962,0.3977,
1.448,0.222,0.06838,0.004438,0.007645,0.03643,0.02679,0.0076,0.01617,0.01419,0.02338,0.3963,0.3987,
1.445,0.226,0.06757,0.004424,0.007662,0.03656,0.02641,0.007647,0.01612,0.01437,0.02307,0.3963,0.3998,
1.443,0.2366,0.06659,0.004425,0.007657,0.03663,0.02618,0.007607,0.01612,0.01485,0.02235,0.3964,0.4011,
1.442,0.2313,0.06632,0.004421,0.007662,0.0366,0.02622,0.007608,0.01612,0.01481,0.02236,0.3965,0.4014,
1.45,0.2237,0.07043,0.004416,0.007663,0.03665,0.02604,0.007574,0.01612,0.01481,0.0228,0.3963,0.3972,
1.451,0.2287,0.07065,0.004408,0.007664,0.0367,0.02571,0.007537,0.01611,0.01484,0.02338,0.3961,0.3969,
1.45,0.2299,0.07014,0.004395,0.007672,0.0367,0.02577,0.007467,0.01608,0.015,0.02323,0.3961,0.3974,
1.447,0.2394,0.06924,0.004395,0.007672,0.03675,0.02542,0.00746,0.01599,0.01506,0.02317,0.3962,0.3987,
1.447,0.234,0.0688,0.004395,0.007671,0.03678,0.02533,0.00749,0.01595,0.01565,0.02258,0.3962,0.3992,
1.451,0.234,0.07049,0.004392,0.007667,0.03675,0.02523,0.007436,0.01609,0.0161,0.02259,0.396,0.3973,
1.448,0.2252,0.06938,0.004379,0.007637,0.03663,0.0252,0.007469,0.01614,0.01617,0.02236,0.3961,0.3985,
1.451,0.2149,0.07149,0.004367,0.007645,0.0366,0.02475,0.007494,0.01612,0.01632,0.02245,0.3961,0.3967,
1.445,0.2182,0.07113,0.004346,0.007641,0.03659,0.02301,0.007508,0.01592,0.01643,0.02221,0.3962,0.399,
1.443,0.2168,0.07025,0.004347,0.007642,0.03661,0.02296,0.007557,0.01591,0.01655,0.02195,0.3963,0.3999,
1.442,0.2185,0.06988,0.004348,0.007643,0.03672,0.02265,0.007492,0.0159,0.01688,0.02162,0.3963,0.4005,
1.437,0.2176,0.06757,0.004338,0.007643,0.03681,0.02261,0.007452,0.0159,0.01708,0.02134,0.3964,0.4028,
1.45,0.2102,0.07415,0.004326,0.007651,0.03667,0.02251,0.00749,0.01585,0.01714,0.02184,0.3963,0.3961,
1.449,0.2104,0.07382,0.004322,0.007654,0.03664,0.02227,0.00749,0.01585,0.01767,0.02146,0.3963,0.3965,
1.449,0.2138,0.07397,0.004304,0.00765,0.03662,0.02227,0.00749,0.01585,0.01798,0.02131,0.3963,0.3962,
1.449,0.2179,0.07259,0.004291,0.007643,0.03666,0.02236,0.007434,0.01577,0.01813,0.02196,0.396,0.3971,
1.451,0.2104,0.07301,0.004249,0.00764,0.03675,0.02235,0.007471,0.01572,0.0182,0.02241,0.3959,0.3963,
1.45,0.2074,0.07247,0.004247,0.007641,0.03681,0.02239,0.007632,0.01553,0.0182,0.02229,0.3959,0.3968,
1.449,0.2081,0.07178,0.004205,0.007644,0.03688,0.02232,0.007613,0.01554,0.01869,0.02167,0.396,0.3976,
1.448,0.2074,0.07121,0.004205,0.007642,0.03698,0.02239,0.007498,0.01557,0.01881,0.02151,0.3961,0.3981,
1.453,0.2098,0.07264,0.004201,0.007633,0.03702,0.0224,0.007546,0.01653,0.0178,0.02246,0.3957,0.3961,
1.456,0.2168,0.07309,0.004099,0.007627,0.0371,0.02238,0.007619,0.01654,0.01778,0.02325,0.3954,0.3952,
1.454,0.2096,0.07243,0.004082,0.007645,0.03715,0.02226,0.007575,0.01658,0.01787,0.02305,0.3954,0.396,
1.455,0.2192,0.07292,0.004074,0.007652,0.03719,0.02226,0.007525,0.01661,0.01791,0.02308,0.3954,0.3954,
1.455,0.2163,0.07321,0.004059,0.007653,0.03702,0.022,0.007519,0.01685,0.01771,0.02317,0.3954,0.3954,
1.454,0.2095,0.07285,0.004059,0.007654,0.03695,0.02195,0.00752,0.01685,0.01796,0.02293,0.3955,0.3958,
1.454,0.2128,0.07255,0.004035,0.007656,0.0369,0.022,0.007607,0.01673,0.01813,0.02277,0.3956,0.3961,
1.453,0.2125,0.07231,0.004031,0.007662,0.03691,0.0221,0.007479,0.01674,0.01875,0.02212,0.3956,0.3963,
1.456,0.2109,0.07309,0.003999,0.007652,0.03687,0.02202,0.007425,0.01673,0.01877,0.02291,0.3954,0.3951,
1.453,0.2139,0.07182,0.003992,0.007634,0.0368,0.02203,0.007508,0.01675,0.01891,0.02237,0.3956,0.3966,
1.452,0.2215,0.07126,0.003986,0.007641,0.03682,0.02203,0.007465,0.01679,0.01893,0.02231,0.3956,0.3972,
1.454,0.2298,0.07248,0.003982,0.007592,0.03687,0.02195,0.007399,0.01672,0.01896,0.02271,0.3955,0.3958,
1.457,0.2215,0.0728,0.003886,0.007599,0.03683,0.02194,0.007393,0.01699,0.01867,0.02363,0.3952,0.395,
1.455,0.2216,0.0718,0.003886,0.007599,0.03685,0.02179,0.007398,0.01704,0.01867,0.02355,0.3953,0.3961,
1.457,0.2194,0.07236,0.003853,0.007598,0.03693,0.02177,0.007399,0.01707,0.01861,0.02411,0.3952,0.3951,
1.459,0.2208,0.07236,0.003805,0.007612,0.03693,0.02172,0.00746,0.01699,0.01895,0.02447,0.3949,0.3948,
1.458,0.2284,0.07189,0.003755,0.007611,0.03687,0.02179,0.007382,0.01708,0.01929,0.02426,0.3949,0.3952,
1.457,0.2234,0.07105,0.003748,0.00762,0.03683,0.02183,0.007271,0.0172,0.01981,0.02363,0.395,0.396,
1.459,0.2187,0.07176,0.00374,0.007535,0.03676,0.02185,0.007333,0.01715,0.02008,0.02404,0.3948,0.395,
1.458,0.2247,0.07021,0.003739,0.007536,0.03692,0.02186,0.009511,0.01496,0.02044,0.02363,0.3948,0.3964,
1.459,0.2425,0.07007,0.003727,0.00755,0.03695,0.02194,0.0116,0.01288,0.02037,0.02355,0.3949,0.3965,
1.458,0.238,0.06951,0.003715,0.007564,0.0371,0.02185,0.01172,0.01282,0.02083,0.02291,0.395,0.397,
1.464,0.2283,0.07151,0.00371,0.007554,0.03718,0.02188,0.01164,0.01281,0.02089,0.02404,0.3944,0.3943,
1.462,0.2299,0.07033,0.0037,0.007508,0.03728,0.02184,0.01164,0.01281,0.02129,0.02354,0.3945,0.3956,
1.463,0.2318,0.07126,0.00369,0.007514,0.03743,0.02152,0.01163,0.01282,0.02129,0.02372,0.3945,0.3947,
1.464,0.2359,0.07038,0.003684,0.007452,0.03745,0.02154,0.01165,0.01279,0.0213,0.02468,0.3941,0.395,
1.463,0.2361,0.06947,0.003643,0.007456,0.03754,0.02149,0.01165,0.01285,0.0212,0.02468,0.3941,0.3959,
1.468,0.2356,0.07085,0.003624,0.007449,0.03755,0.02143,0.01166,0.01288,0.02144,0.02544,0.3937,0.394,
1.466,0.2397,0.07011,0.003624,0.007449,0.03758,0.02129,0.01174,0.01294,0.0221,0.02465,0.3937,0.3948,
1.469,0.2452,0.07137,0.003562,0.007467,0.03766,0.02128,0.01177,0.0129,0.02229,0.02479,0.3936,0.3933,
1.47,0.2559,0.07128,0.003559,0.007461,0.03758,0.02121,0.0117,0.01286,0.02237,0.02539,0.3933,0.3932,
1.472,0.2398,0.07066,0.003556,0.007455,0.03766,0.02124,0.01172,0.01282,0.02265,0.02601,0.393,0.3932,
1.47,0.236,0.07001,0.003507,0.007456,0.03754,0.0213,0.01173,0.01276,0.02279,0.02589,0.3931,0.3939,
1.468,0.2398,0.06893,0.003502,0.007382,0.03755,0.02122,0.01173,0.0128,0.02275,0.02589,0.3931,0.3951,
1.466,0.2505,0.06812,0.003501,0.007387,0.03767,0.02122,0.0118,0.01273,0.02299,0.02545,0.3932,0.3959,
1.464,0.2465,0.06713,0.003494,0.007396,0.03761,0.02127,0.01186,0.01272,0.02303,0.02525,0.3933,0.3969,
1.471,0.2309,0.07054,0.00349,0.007394,0.03788,0.02132,0.0118,0.01268,0.02303,0.02548,0.3933,0.3931,
1.47,0.2343,0.06978,0.003481,0.007399,0.03787,0.02135,0.01165,0.01267,0.02315,0.02544,0.3933,0.3939,
1.467,0.2301,0.06831,0.003406,0.00739,0.038,0.02132,0.01169,0.01262,0.02315,0.02536,0.3933,0.3954,
1.47,0.232,0.06917,0.003404,0.007385,0.03806,0.02123,0.01177,0.0125,0.0235,0.0256,0.3931,0.3943,
1.472,0.2417,0.07046,0.003388,0.007396,0.03792,0.02123,0.01171,0.01247,0.02366,0.02574,0.3931,0.3929,
1.47,0.2432,0.06927,0.003331,0.007404,0.03792,0.02119,0.01179,0.01244,0.02366,0.02571,0.3932,0.3941,
1.471,0.2242,0.06996,0.003331,0.007403,0.03791,0.02115,0.01176,0.0125,0.02365,0.02578,0.3932,0.3934,
1.472,0.224,0.07016,0.00332,0.007405,0.03796,0.02121,0.01169,0.0126,0.02355,0.02613,0.3931,0.3929,
1.474,0.2204,0.06967,0.003317,0.007398,0.038,0.02123,0.01167,0.01262,0.02374,0.02682,0.3928,0.3928,
1.473,0.2312,0.06907,0.003317,0.007398,0.03812,0.02113,0.01167,0.01262,0.02407,0.02648,0.3928,0.3934,
1.475,0.233,0.06955,0.003309,0.007402,0.03818,0.02108,0.01166,0.01261,0.0241,0.02702,0.3926,0.3925,
1.476,0.2369,0.06908,0.003305,0.007342,0.03825,0.02098,0.01171,0.01252,0.02435,0.02771,0.3923,0.3925,
1.475,0.2354,0.06824,0.003302,0.007246,0.03824,0.02102,0.0117,0.01249,0.02523,0.02684,0.3924,0.3933,
1.472,0.2404,0.06712,0.003299,0.007251,0.0382,0.02093,0.01173,0.01249,0.02526,0.02669,0.3924,0.3946,
1.469,0.2353,0.06582,0.0033,0.007252,0.03823,0.02092,0.01163,0.01241,0.02544,0.02652,0.3925,0.396,
1.465,0.2326,0.06341,0.003299,0.007252,0.03819,0.02098,0.01161,0.01237,0.02618,0.02578,0.3925,0.3984,
1.462,0.2307,0.06236,0.00326,0.007243,0.03813,0.02088,0.01161,0.01245,0.02617,0.02568,0.3926,0.3996,
1.459,0.2358,0.06115,0.003228,0.007214,0.038,0.02089,0.01164,0.01237,0.02613,0.02569,0.3927,0.4009,
1.458,0.231,0.06047,0.00322,0.007213,0.03807,0.0209,0.01168,0.01233,0.02626,0.02556,0.3927,0.4016,
1.457,0.2314,0.05991,0.00322,0.007214,0.03818,0.02077,0.01176,0.01224,0.02631,0.02552,0.3928,0.4021,
1.455,0.237,0.05937,0.003207,0.00723,0.03805,0.0208,0.01173,0.01226,0.02646,0.02523,0.3929,0.4027,
1.473,0.23,0.06918,0.003205,0.007228,0.03798,0.0209,0.01167,0.01227,0.02713,0.02469,0.3929,0.3928,
1.474,0.2356,0.06902,0.003205,0.007227,0.03798,0.02105,0.01159,0.01231,0.02758,0.02443,0.3929,0.3927,
1.475,0.2216,0.06865,0.003199,0.007224,0.03796,0.02114,0.01157,0.01225,0.02778,0.02489,0.3927,0.3926,
1.474,0.2297,0.06828,0.003196,0.007229,0.03805,0.02114,0.01169,0.01212,0.02783,0.02474,0.3928,0.3929,
1.474,0.2221,0.06769,0.003194,0.007226,0.0381,0.0211,0.01168,0.01212,0.02817,0.0249,0.3927,0.3932,
1.476,0.2234,0.06804,0.003188,0.007231,0.03824,0.02108,0.01168,0.01221,0.02823,0.0249,0.3926,0.3926,
1.477,0.2254,0.06782,0.003186,0.007227,0.03828,0.02113,0.01163,0.01219,0.02839,0.02527,0.3924,0.3925,
1.474,0.2356,0.06682,0.003139,0.007227,0.03827,0.02113,0.01163,0.01219,0.02876,0.02483,0.3925,0.3935,
1.473,0.2355,0.0664,0.00314,0.007229,0.03825,0.02117,0.01163,0.01218,0.02926,0.02417,0.3926,0.394,
1.473,0.238,0.06614,0.003122,0.007248,0.03834,0.02125,0.01155,0.01222,0.02933,0.02407,0.3926,0.3941,
1.47,0.2394,0.06508,0.003122,0.007249,0.0384,0.02094,0.01162,0.01214,0.02958,0.02383,0.3927,0.3954,
1.469,0.2398,0.06484,0.00312,0.007251,0.03843,0.02086,0.01166,0.01218,0.02977,0.02346,0.3927,0.3957,
1.476,0.235,0.06789,0.003116,0.007245,0.03848,0.02088,0.01167,0.01216,0.03009,0.02378,0.3925,0.3922,
1.474,0.2308,0.0663,0.003115,0.007244,0.03843,0.02092,0.01163,0.01216,0.03038,0.02365,0.3925,0.3937,
1.475,0.2265,0.06636,0.003111,0.007246,0.03844,0.02098,0.0116,0.01215,0.03091,0.02351,0.3924,0.3933,
1.474,0.2273,0.06574,0.003112,0.007247,0.03848,0.02098,0.01155,0.01219,0.03108,0.02331,0.3925,0.3939,
1.469,0.2261,0.06353,0.003068,0.00725,0.03839,0.02103,0.01159,0.01218,0.03124,0.023,0.3925,0.3962,
1.474,0.2258,0.06574,0.003068,0.007249,0.03834,0.02112,0.01226,0.01141,0.03142,0.02321,0.3925,0.3937,
1.478,0.2242,0.067,0.003066,0.007246,0.03836,0.0211,0.0123,0.01136,0.0316,0.02352,0.3923,0.3922,
1.477,0.232,0.06673,0.003066,0.007245,0.03831,0.02108,0.0123,0.01132,0.0319,0.02339,0.3923,0.3924,
1.478,0.2245,0.0671,0.002974,0.007226,0.03833,0.02108,0.01237,0.01136,0.03219,0.02314,0.3922,0.392,
1.479,0.2299,0.06678,0.00297,0.00722,0.03827,0.02097,0.01236,0.01135,0.03262,0.02348,0.3919,0.392,
1.478,0.222,0.06649,0.002947,0.007214,0.03817,0.02102,0.01241,0.01134,0.03256,0.02339,0.3921,0.3923,
1.477,0.2349,0.06552,0.002943,0.007221,0.03813,0.02097,0.01237,0.01444,0.02963,0.02291,0.3923,0.3936,
1.483,0.2263,0.06675,0.002939,0.007212,0.0381,0.02121,0.01213,0.01442,0.02963,0.02414,0.3918,0.3917,
1.481,0.2387,0.06642,0.002913,0.007134,0.03809,0.02118,0.01213,0.01441,0.02977,0.02386,0.3919,0.3922,
1.478,0.2197,0.06487,0.002913,0.007136,0.03808,0.02118,0.01212,0.01442,0.02993,0.02357,0.392,0.3938,
1.474,0.228,0.06315,0.002797,0.007127,0.03808,0.02114,0.01212,0.01442,0.02994,0.02353,0.392,0.3957,
1.47,0.2282,0.06152,0.00278,0.007117,0.03814,0.02102,0.0122,0.01434,0.03015,0.02325,0.3921,0.3974,
1.48,0.2092,0.06639,0.002756,0.007101,0.03816,0.02099,0.01212,0.01438,0.03022,0.02376,0.3919,0.3923,
1.481,0.2292,0.06678,0.002697,0.007083,0.03817,0.0209,0.01235,0.01425,0.03047,0.02353,0.3919,0.3919,
1.479,0.2223,0.0659,0.002653,0.007083,0.03819,0.02101,0.01225,0.01435,0.03077,0.02308,0.3919,0.3928,
1.477,0.2311,0.06523,0.002631,0.007108,0.03817,0.02092,0.01232,0.01432,0.03083,0.02283,0.392,0.3936,
1.479,0.2209,0.06539,0.002629,0.007104,0.03826,0.021,0.01223,0.01431,0.0309,0.0234,0.3918,0.393,
1.477,0.2169,0.06463,0.00263,0.007105,0.03829,0.02092,0.01223,0.01437,0.03131,0.02279,0.3919,0.3939,
1.482,0.2105,0.0665,0.002624,0.007101,0.03838,0.02083,0.01218,0.01443,0.0315,0.02305,0.3917,0.3917,
1.479,0.2111,0.06539,0.002615,0.007113,0.0384,0.02087,0.0121,0.01433,0.03159,0.0229,0.3918,0.3929,
1.479,0.2206,0.06454,0.002615,0.007114,0.03835,0.02091,0.01198,0.01714,0.02878,0.0229,0.3919,0.3938,
1.484,0.2078,0.06621,0.002613,0.007108,0.0384,0.02081,0.01201,0.01708,0.02914,0.02338,0.3915,0.3917,
1.482,0.2106,0.06544,0.002613,0.007108,0.03849,0.02075,0.01199,0.01699,0.0292,0.02332,0.3916,0.3926,
1.48,0.209,0.06421,0.002613,0.007109,0.03854,0.02078,0.01189,0.01699,0.02944,0.02304,0.3916,0.3938,
1.484,0.2065,0.0658,0.002612,0.007105,0.0384,0.02073,0.012,0.0169,0.02941,0.02379,0.3914,0.3919,
1.483,0.2106,0.06509,0.002572,0.007106,0.03849,0.02079,0.01197,0.01692,0.02955,0.0236,0.3914,0.3925,
1.485,0.2098,0.06594,0.002571,0.007104,0.03846,0.02086,0.01189,0.01688,0.02964,0.02394,0.3913,0.3914,
1.482,0.2149,0.06443,0.002568,0.007108,0.03849,0.02085,0.01189,0.0169,0.02979,0.02362,0.3913,0.393,
1.482,0.2164,0.06422,0.002569,0.007109,0.03851,0.02088,0.01185,0.01685,0.02998,0.02344,0.3914,0.3932,
1.481,0.2107,0.06392,0.002565,0.007113,0.03857,0.02091,0.01181,0.01687,0.03014,0.02314,0.3914,0.3935,
