entropy,entropyInd,RabA,RabB,RabC,RabD,RabE,RabF,RabG,RabH,RabI,xER,xPM,
1.683,0.2279,0.1464,0.03478,0.02627,0.04799,0.02089,0.0151,0.01174,0.01306,0.01343,0.3352,0.3352,
1.701,0.223,0.1479,0.03478,0.02627,0.04784,0.0209,0.0151,0.01174,0.01306,0.01919,0.3295,0.3338,
1.71,0.23,0.1477,0.03458,0.02622,0.04765,0.02088,0.01509,0.01173,0.01305,0.02268,0.3273,0.3331,
1.708,0.2239,0.1475,0.03452,0.02619,0.04697,0.02086,0.01507,0.01172,0.01304,0.02266,0.3287,0.3328,
1.706,0.2243,0.1472,0.03453,0.0262,0.04699,0.02011,0.01508,0.01172,0.01304,0.02267,0.3288,0.3337,
1.705,0.2189,0.1471,0.03453,0.0262,0.047,0.01991,0.01503,0.01172,0.01305,0.02267,0.3288,0.334,
1.704,0.2185,0.1463,0.03457,0.02623,0.0469,0.01993,0.01505,0.01174,0.01306,0.02269,0.3292,0.3344,
1.704,0.216,0.1458,0.03459,0.02625,0.04693,0.01994,0.01505,0.01174,0.01306,0.0227,0.3294,0.3345,
1.703,0.2162,0.1454,0.03454,0.02621,0.04686,0.01991,0.01503,0.01172,0.01305,0.02267,0.3305,0.334,
1.709,0.2257,0.1472,0.03448,0.02591,0.04669,0.01942,0.01489,0.01171,0.01303,0.02563,0.3288,0.3323,
1.709,0.2226,0.1472,0.03448,0.02591,0.04669,0.01942,0.01489,0.01171,0.01303,0.02563,0.3288,0.3323,
1.723,0.2087,0.1494,0.03445,0.02588,0.04668,0.01942,0.0149,0.01171,0.01303,0.03063,0.3238,0.3301,
1.722,0.2055,0.1491,0.0344,0.02585,0.04646,0.0194,0.01488,0.01169,0.01301,0.03059,0.325,0.3296,
1.72,0.1941,0.1482,0.03431,0.02578,0.04634,0.01934,0.01484,0.01166,0.01298,0.0305,0.3274,0.3287,
1.72,0.1949,0.1482,0.03431,0.02578,0.04634,0.01934,0.01484,0.01166,0.01298,0.0305,0.3274,0.3287,
1.727,0.1923,0.1485,0.03431,0.02578,0.04619,0.01909,0.01484,0.01166,0.01298,0.03388,0.3241,0.3287,
1.727,0.1998,0.1484,0.03432,0.02579,0.04591,0.0191,0.01484,0.01166,0.01298,0.03389,0.3242,0.3289,
1.726,0.1919,0.1484,0.03433,0.02579,0.04575,0.0191,0.01485,0.01167,0.01298,0.0339,0.3243,0.329,
1.73,0.1908,0.1494,0.03434,0.0258,0.04576,0.01911,0.01485,0.01167,0.01299,0.03504,0.3233,0.3278,
1.732,0.1848,0.1498,0.03423,0.02572,0.04562,0.01889,0.01476,0.01158,0.01295,0.03653,0.3239,0.326,
1.742,0.1828,0.1495,0.03419,0.02569,0.04557,0.01887,0.01475,0.01157,0.01293,0.0416,0.32,0.3252,
1.748,0.1809,0.151,0.03405,0.02569,0.04558,0.01887,0.01475,0.01157,0.01294,0.04457,0.3171,0.3239,
1.746,0.1847,0.1511,0.03406,0.0257,0.0456,0.01805,0.01476,0.01158,0.01294,0.04459,0.3172,0.3244,
1.748,0.1731,0.153,0.03407,0.0257,0.04561,0.01805,0.01476,0.01158,0.01295,0.0446,0.3173,0.3224,
1.745,0.1731,0.1521,0.03392,0.02559,0.0454,0.01797,0.01469,0.01153,0.01289,0.0444,0.3206,0.3209,
1.744,0.1743,0.1516,0.03388,0.02556,0.0452,0.01795,0.01468,0.01151,0.01287,0.04435,0.3219,0.3205,
1.744,0.1748,0.1516,0.03388,0.02556,0.0452,0.01795,0.01468,0.01151,0.01287,0.04435,0.3219,0.3205,
1.742,0.2102,0.1514,0.03366,0.02552,0.04514,0.01792,0.01466,0.0115,0.01285,0.04428,0.323,0.3201,
1.746,0.1697,0.1514,0.03339,0.02542,0.04509,0.0179,0.01464,0.01149,0.01284,0.04676,0.3218,0.3193,
1.746,0.1711,0.1506,0.03339,0.02543,0.04511,0.01791,0.01465,0.01149,0.01284,0.04677,0.3219,0.3199,
1.745,0.1741,0.1507,0.03339,0.02544,0.04495,0.01791,0.01465,0.01149,0.01285,0.04678,0.322,0.3199,
1.75,0.1815,0.151,0.03334,0.02545,0.04488,0.01789,0.01463,0.01204,0.01395,0.04657,0.3215,0.3187,
1.75,0.1797,0.1508,0.03344,0.0255,0.04489,0.01789,0.01508,0.0116,0.01395,0.04658,0.3215,0.3188,
1.75,0.1864,0.1507,0.03349,0.02552,0.04489,0.01809,0.01488,0.01176,0.0138,0.04658,0.3215,0.3188,
1.747,0.1971,0.1505,0.03346,0.02554,0.0445,0.02457,0.008347,0.01174,0.01503,0.04527,0.3227,0.3184,
1.745,0.1951,0.15,0.03342,0.02558,0.04412,0.02455,0.008464,0.0118,0.01481,0.04522,0.324,0.318,
1.746,0.1976,0.1499,0.03358,0.02558,0.04412,0.02455,0.008464,0.0118,0.01481,0.04522,0.324,0.318,
1.746,0.216,0.147,0.03363,0.0256,0.04657,0.02451,0.01502,0.005217,0.01545,0.04448,0.3251,0.3175,
1.748,0.2162,0.146,0.03365,0.02568,0.04737,0.02451,0.01502,0.005877,0.01479,0.04448,0.3251,0.3175,
1.749,0.2133,0.1459,0.03377,0.02572,0.04737,0.02468,0.01485,0.006187,0.01448,0.04448,0.3251,0.3175,
1.751,0.2205,0.1452,0.03362,0.0257,0.0478,0.0246,0.0148,0.006167,0.01476,0.04538,0.3259,0.3161,
1.75,0.2173,0.1449,0.03355,0.02574,0.04772,0.02456,0.0149,0.006031,0.01474,0.0453,0.327,0.3155,
1.753,0.2211,0.1449,0.03359,0.02575,0.04772,0.02456,0.0149,0.006031,0.01809,0.04195,0.327,0.3155,
1.751,0.2485,0.1446,0.03319,0.02581,0.04766,0.02452,0.01488,0.006023,0.01807,0.04189,0.3282,0.3151,
1.749,0.2505,0.1442,0.03313,0.0258,0.04759,0.02362,0.01486,0.006014,0.0194,0.04047,0.3294,0.3155,
1.766,0.2573,0.1453,0.03313,0.02583,0.0476,0.02382,0.01467,0.006016,0.02001,0.0475,0.3218,0.3142,
1.766,0.2524,0.1452,0.03312,0.0259,0.04733,0.02383,0.01467,0.006017,0.02059,0.04695,0.322,0.3144,
1.767,0.2505,0.1441,0.03328,0.02591,0.0479,0.02404,0.01448,0.00602,0.02097,0.0466,0.3222,0.3146,
1.767,0.2621,0.144,0.03337,0.02591,0.0479,0.02404,0.01448,0.00602,0.02139,0.04617,0.3222,0.3146,
1.765,0.2543,0.1434,0.03335,0.0259,0.0476,0.02396,0.01444,0.006001,0.02133,0.04603,0.3244,0.3136,
1.779,0.2536,0.1448,0.03337,0.02591,0.04776,0.02392,0.01442,0.005992,0.0225,0.05102,0.3193,0.311,
1.78,0.2605,0.1446,0.03343,0.02592,0.04776,0.02393,0.01442,0.005993,0.02332,0.05021,0.3193,0.3111,
1.779,0.2525,0.1443,0.03347,0.02591,0.04769,0.02389,0.0144,0.005983,0.02373,0.04968,0.3204,0.3106,
1.789,0.2203,0.1434,0.03341,0.02601,0.04777,0.02386,0.01438,0.005976,0.02567,0.05227,0.3171,0.3102,
1.79,0.2196,0.1429,0.03335,0.02595,0.04746,0.02379,0.01434,0.005958,0.02683,0.0526,0.3175,0.3093,
1.795,0.2215,0.1425,0.03349,0.02591,0.04723,0.02376,0.01432,0.00595,0.02784,0.0544,0.3158,0.3089,
1.798,0.2243,0.1418,0.03357,0.02584,0.04709,0.02378,0.01417,0.005931,0.02776,0.05657,0.3156,0.3079,
1.798,0.2228,0.1417,0.03364,0.02589,0.04709,0.02378,0.01417,0.005931,0.02811,0.05621,0.3156,0.3079,
1.799,0.2253,0.1412,0.03362,0.02541,0.04694,0.02371,0.01413,0.005913,0.02916,0.05648,0.3161,0.3073,
1.798,0.2232,0.1402,0.03356,0.02545,0.04728,0.02368,0.01411,0.005905,0.02931,0.05622,0.3173,0.3069,
1.798,0.2285,0.1399,0.03352,0.025,0.0472,0.02364,0.01409,0.005896,0.03212,0.05327,0.3184,0.3069,
1.8,0.2318,0.1393,0.03362,0.02504,0.04769,0.02364,0.01409,0.006283,0.03275,0.05225,0.3184,0.3069,
1.805,0.2355,0.1399,0.03361,0.02506,0.04791,0.02364,0.01409,0.006283,0.0332,0.05438,0.3158,0.3061,
1.806,0.2343,0.1398,0.03357,0.02506,0.04791,0.02364,0.01409,0.006284,0.03394,0.05366,0.3159,0.3062,
1.805,0.2473,0.1395,0.03357,0.02508,0.04784,0.02361,0.01407,0.006274,0.03388,0.05358,0.3169,0.3057,
1.807,0.2484,0.139,0.03343,0.02506,0.04769,0.02353,0.01402,0.006254,0.03414,0.05528,0.3169,0.3047,
1.807,0.2384,0.139,0.03343,0.02509,0.04769,0.02353,0.01402,0.006254,0.03495,0.05446,0.3169,0.3047,
1.814,0.2406,0.1387,0.03332,0.02515,0.04761,0.0235,0.014,0.006244,0.03526,0.05844,0.3135,0.3042,
1.814,0.2287,0.1387,0.03332,0.02521,0.04761,0.0235,0.014,0.006244,0.03526,0.05844,0.3135,0.3042,
1.805,0.2249,0.1384,0.03329,0.02525,0.04754,0.03169,0.005897,0.006489,0.03479,0.05835,0.3146,0.3037,
1.808,0.2319,0.138,0.0334,0.02535,0.04755,0.03109,0.005898,0.006491,0.0355,0.05986,0.3125,0.3044,
1.809,0.2327,0.1377,0.0333,0.02539,0.04743,0.03111,0.005899,0.007143,0.0351,0.05966,0.3127,0.3046,
1.808,0.2352,0.1374,0.03333,0.02541,0.04744,0.03056,0.005901,0.007146,0.03512,0.05968,0.3128,0.3053,
1.807,0.2333,0.1369,0.03331,0.02541,0.04738,0.03052,0.006179,0.006851,0.03543,0.05925,0.3139,0.3049,
1.811,0.2292,0.1385,0.03323,0.02543,0.04739,0.03053,0.00618,0.006853,0.03544,0.06115,0.3121,0.3032,
1.813,0.2285,0.1381,0.03306,0.02541,0.04724,0.03043,0.006161,0.006831,0.03533,0.06331,0.3119,0.3023,
1.812,0.2298,0.1379,0.03302,0.0255,0.04725,0.02972,0.006162,0.006832,0.03533,0.06332,0.3119,0.303,
1.811,0.22,0.1375,0.03298,0.02548,0.04724,0.02911,0.006154,0.007203,0.03509,0.06391,0.3122,0.3032,
1.813,0.2064,0.1386,0.03298,0.02544,0.04717,0.02827,0.006145,0.007193,0.03593,0.06469,0.3115,0.3021,
1.812,0.2151,0.1378,0.03301,0.02541,0.04757,0.0278,0.006135,0.007182,0.03629,0.06417,0.3126,0.302,
1.811,0.2089,0.1375,0.03287,0.02539,0.04751,0.02776,0.006127,0.007172,0.03671,0.06361,0.3137,0.3016,
1.811,0.2114,0.1372,0.03284,0.02538,0.04743,0.02772,0.006306,0.006972,0.03768,0.06249,0.3148,0.3011,
1.81,0.2042,0.137,0.03278,0.02538,0.04736,0.02767,0.006296,0.007275,0.03797,0.06173,0.3159,0.3007,
1.81,0.1892,0.1366,0.03258,0.02539,0.0473,0.02783,0.0061,0.007707,0.03783,0.0613,0.3171,0.3003,
1.807,0.1948,0.1363,0.03263,0.02536,0.04722,0.02649,0.00609,0.00798,0.03827,0.06042,0.3181,0.3011,
1.807,0.1881,0.1361,0.03267,0.02547,0.04722,0.02649,0.00609,0.00798,0.03919,0.0595,0.3181,0.3011,
1.816,0.1958,0.1382,0.03272,0.02547,0.04722,0.02611,0.006043,0.00798,0.0397,0.06403,0.3131,0.2994,
1.827,0.1871,0.1381,0.03259,0.02553,0.04723,0.02611,0.006044,0.008169,0.04093,0.06873,0.307,0.2995,
1.828,0.1974,0.1379,0.03265,0.02561,0.04724,0.02612,0.006045,0.008171,0.04462,0.06506,0.3071,0.2995,
1.827,0.1896,0.1374,0.03254,0.02555,0.04709,0.02604,0.006026,0.008145,0.0475,0.06184,0.3092,0.2986,
1.828,0.2007,0.137,0.03242,0.02564,0.04723,0.02605,0.006022,0.008141,0.04785,0.06216,0.3088,0.2988,
1.828,0.1822,0.1369,0.03226,0.02578,0.0471,0.02605,0.006024,0.008142,0.04824,0.0618,0.3089,0.2988,
1.828,0.1852,0.1368,0.03228,0.02586,0.0471,0.02605,0.006024,0.008142,0.04824,0.0618,0.3089,0.2988,
1.823,0.1841,0.1364,0.03229,0.0259,0.04733,0.02911,0.002969,0.008143,0.04824,0.06181,0.3089,0.2989,
1.823,0.1907,0.1363,0.03241,0.02593,0.04719,0.02911,0.00297,0.008143,0.04875,0.06132,0.3089,0.2989,
1.824,0.1931,0.1354,0.03242,0.02589,0.04787,0.02912,0.002971,0.008145,0.04982,0.06028,0.309,0.299,
1.822,0.1913,0.135,0.03227,0.02588,0.04772,0.02903,0.002962,0.00812,0.04967,0.0601,0.3112,0.2981,
1.823,0.1887,0.1349,0.03231,0.02591,0.04772,0.02903,0.002962,0.00827,0.05098,0.05863,0.3112,0.2981,
1.825,0.192,0.1348,0.03236,0.02591,0.04772,0.02833,0.002962,0.00827,0.0533,0.05868,0.3088,0.2988,
1.825,0.1913,0.1346,0.03237,0.02589,0.04765,0.02828,0.002957,0.008257,0.05466,0.05715,0.3099,0.2984,
1.827,0.1903,0.1355,0.03233,0.02587,0.04758,0.02824,0.002952,0.008245,0.05617,0.05708,0.3093,0.2967,
1.824,0.187,0.135,0.03237,0.02584,0.0477,0.02771,0.002715,0.008232,0.05773,0.05534,0.3104,0.297,
1.822,0.1869,0.1343,0.03248,0.0253,0.04785,0.02767,0.00271,0.008219,0.06022,0.05268,0.3115,0.2971,
1.82,0.1832,0.1341,0.03239,0.02536,0.04778,0.02708,0.002706,0.008206,0.06012,0.0526,0.3125,0.2971,
1.821,0.1842,0.1339,0.03248,0.02544,0.04778,0.02708,0.007039,0.003874,0.06012,0.0526,0.3125,0.2971,
1.824,0.1865,0.1333,0.03246,0.02548,0.04837,0.02708,0.007039,0.004432,0.05957,0.0526,0.3125,0.2971,
1.835,0.1902,0.1353,0.03247,0.02549,0.04837,0.02708,0.007039,0.004674,0.06022,0.05685,0.3074,0.2951,
1.835,0.1885,0.1352,0.03258,0.02551,0.04796,0.02709,0.007042,0.004674,0.06197,0.05585,0.3068,0.2953,
1.834,0.1851,0.1347,0.03261,0.02555,0.04777,0.02706,0.007227,0.004475,0.06281,0.05487,0.308,0.2949,
1.834,0.1871,0.1345,0.03276,0.0256,0.04777,0.02706,0.007227,0.004475,0.06414,0.05354,0.308,0.2949,
1.834,0.1906,0.1345,0.03272,0.02567,0.04777,0.02706,0.007413,0.004289,0.06513,0.05255,0.308,0.2949,
1.838,0.1912,0.134,0.0326,0.0257,0.04796,0.02701,0.007698,0.004233,0.0653,0.05433,0.3067,0.2945,
1.837,0.1943,0.1338,0.03248,0.0258,0.04775,0.02716,0.007502,0.004411,0.06714,0.05214,0.3078,0.294,
1.835,0.1945,0.1332,0.03243,0.02572,0.04761,0.02708,0.00748,0.004645,0.06806,0.05063,0.31,0.2932,
1.835,0.1965,0.1331,0.03251,0.02575,0.04761,0.02708,0.007598,0.004527,0.06868,0.05,0.31,0.2932,
1.834,0.199,0.1327,0.03253,0.02582,0.04796,0.02653,0.007598,0.004527,0.06939,0.04929,0.31,0.2937,
1.833,0.2088,0.1326,0.03249,0.02588,0.04796,0.02653,0.007598,0.004527,0.07176,0.04692,0.31,0.2937,
1.835,0.2115,0.132,0.0325,0.02591,0.04841,0.02654,0.007599,0.005091,0.07153,0.0466,0.31,0.2938,
1.834,0.2127,0.132,0.0325,0.02596,0.04827,0.02615,0.007598,0.005348,0.07295,0.04495,0.3101,0.2942,
1.832,0.2089,0.132,0.03246,0.02599,0.04827,0.0256,0.007598,0.005348,0.07372,0.04417,0.3101,0.2948,
1.83,0.2087,0.1319,0.03243,0.02609,0.04813,0.02507,0.0076,0.00535,0.07375,0.04418,0.3101,0.2954,
1.83,0.2114,0.1318,0.03247,0.02613,0.04813,0.02484,0.0076,0.005535,0.07406,0.04369,0.3101,0.2956,
1.833,0.2016,0.1304,0.03256,0.02614,0.04942,0.02484,0.0076,0.005978,0.07394,0.04337,0.3101,0.2956,
1.833,0.2078,0.1299,0.03254,0.02628,0.04966,0.02485,0.007974,0.005607,0.07429,0.04303,0.3102,0.2957,
1.836,0.2044,0.1305,0.03247,0.02633,0.04959,0.02499,0.007777,0.005598,0.07476,0.04422,0.3094,0.2943,
1.832,0.2061,0.1302,0.03246,0.02591,0.04951,0.02442,0.007765,0.005934,0.07636,0.04209,0.3105,0.2948,
1.831,0.2039,0.13,0.03236,0.02592,0.04943,0.02438,0.007753,0.005924,0.07658,0.04169,0.3116,0.2944,
1.831,0.2049,0.13,0.03238,0.02596,0.04943,0.02438,0.007753,0.006207,0.07748,0.04051,0.3116,0.2944,
1.83,0.2038,0.1295,0.03233,0.02598,0.04985,0.02373,0.007754,0.006355,0.07774,0.04011,0.3116,0.2951,
1.83,0.2024,0.1291,0.03227,0.02603,0.05017,0.02373,0.007754,0.006648,0.07782,0.03975,0.3116,0.2951,
1.835,0.2023,0.1297,0.03226,0.02609,0.05002,0.02373,0.007873,0.006531,0.07783,0.04167,0.3097,0.2945,
1.833,0.2092,0.1294,0.03222,0.02603,0.04995,0.0237,0.007862,0.006522,0.07806,0.04127,0.3109,0.2941,
1.843,0.2132,0.1302,0.03222,0.02605,0.04995,0.0237,0.007862,0.006522,0.07915,0.04527,0.3058,0.2933,
1.834,0.2027,0.13,0.03227,0.02491,0.04996,0.02768,0.003882,0.006523,0.08025,0.04419,0.3058,0.2945,
1.834,0.2015,0.1299,0.03227,0.025,0.04981,0.02768,0.003883,0.006524,0.08026,0.04419,0.3059,0.2946,
1.835,0.1982,0.1299,0.03218,0.02516,0.04981,0.02768,0.004079,0.006637,0.0805,0.04364,0.3059,0.2946,
1.834,0.2221,0.1299,0.0322,0.02519,0.04941,0.0277,0.004081,0.00664,0.08144,0.04277,0.306,0.2947,
1.833,0.2129,0.1295,0.03219,0.02526,0.04975,0.0277,0.004081,0.00691,0.08335,0.04059,0.306,0.2947,
1.832,0.212,0.1291,0.03215,0.02527,0.04968,0.02784,0.004098,0.006694,0.08341,0.04035,0.3071,0.2943,
1.831,0.2189,0.1289,0.03201,0.02533,0.04961,0.02795,0.004275,0.006354,0.08329,0.04028,0.3082,0.2938,
1.836,0.2149,0.1292,0.03187,0.02541,0.04961,0.02791,0.004501,0.006129,0.08442,0.04194,0.3055,0.2935,
1.835,0.2115,0.1292,0.03194,0.02544,0.04918,0.02792,0.004717,0.005918,0.08446,0.04196,0.3056,0.2937,
1.832,0.2128,0.1293,0.03196,0.02545,0.04861,0.02794,0.00472,0.006105,0.08859,0.03772,0.3058,0.2938,
1.834,0.2173,0.1294,0.03193,0.0255,0.04839,0.02722,0.004722,0.006248,0.08916,0.03914,0.304,0.2943,
1.848,0.2137,0.1322,0.03189,0.02557,0.04798,0.02737,0.00473,0.006059,0.08956,0.04516,0.2979,0.2916,
1.85,0.2215,0.132,0.03185,0.02567,0.04799,0.02738,0.00473,0.006506,0.08913,0.04589,0.2972,0.2917,
1.847,0.2261,0.1313,0.03164,0.02563,0.04778,0.02726,0.004857,0.006331,0.08978,0.04466,0.3004,0.2904,
1.844,0.2206,0.1308,0.03153,0.02564,0.04744,0.02711,0.004711,0.006324,0.09001,0.04431,0.3016,0.2906,
1.843,0.2201,0.1308,0.0315,0.02567,0.0473,0.02712,0.00471,0.006738,0.09256,0.04136,0.3016,0.2906,
1.849,0.2152,0.1299,0.03145,0.02563,0.0479,0.02707,0.004703,0.006727,0.09242,0.04462,0.2994,0.2902,
1.848,0.2149,0.1295,0.03153,0.02564,0.0477,0.02704,0.004697,0.006719,0.09231,0.04457,0.3005,0.2898,
1.847,0.2223,0.128,0.03125,0.02561,0.04843,0.02697,0.004685,0.006702,0.09226,0.04477,0.3022,0.2891,
1.845,0.2209,0.1273,0.0312,0.02563,0.04864,0.02694,0.004679,0.007028,0.09461,0.0419,0.3033,0.2887,
1.845,0.224,0.127,0.03128,0.02568,0.04865,0.02641,0.00468,0.007625,0.0948,0.04115,0.3034,0.2893,
1.886,0.2768,0.1264,0.03135,0.02571,0.04895,0.02642,0.004681,0.03752,0.06492,0.04116,0.3035,0.2894,
1.891,0.3223,0.1217,0.03587,0.02582,0.04881,0.02643,0.004683,0.03753,0.06532,0.0408,0.3036,0.2894,
1.898,0.3097,0.1215,0.03582,0.02589,0.04882,0.02643,0.004866,0.03736,0.06534,0.04414,0.3003,0.2895,
1.898,0.2637,0.1211,0.03579,0.02587,0.04863,0.0264,0.00486,0.03921,0.0637,0.04375,0.3015,0.2892,
1.898,0.2657,0.1209,0.03576,0.0259,0.04864,0.02641,0.004862,0.03967,0.06433,0.0427,0.3016,0.2893,
1.898,0.2683,0.1207,0.03573,0.02595,0.04865,0.02656,0.004899,0.03949,0.06468,0.04237,0.3016,0.2893,
1.903,0.2917,0.1199,0.03563,0.02599,0.04894,0.026,0.004893,0.0574,0.04664,0.04511,0.3,0.2895,
1.903,0.2876,0.1198,0.03574,0.026,0.04879,0.026,0.004894,0.05759,0.04813,0.04346,0.3,0.2895,
1.905,0.2877,0.1205,0.0357,0.02609,0.0488,0.026,0.004894,0.0576,0.04814,0.04386,0.2997,0.2888,
1.907,0.2864,0.1204,0.03568,0.02616,0.0488,0.02667,0.004744,0.05726,0.04796,0.04514,0.2984,0.2888,
1.906,0.2855,0.1201,0.03558,0.02608,0.04866,0.02659,0.004875,0.05731,0.04779,0.04467,0.3005,0.2879,
1.904,0.2872,0.12,0.03556,0.02608,0.04849,0.02601,0.004876,0.05733,0.0478,0.04468,0.3006,0.2886,
1.905,0.3009,0.1206,0.03573,0.02614,0.04849,0.02537,0.004876,0.05874,0.04639,0.04565,0.2996,0.2884,
1.906,0.268,0.12,0.03586,0.02615,0.04877,0.02537,0.005058,0.05902,0.04631,0.0453,0.2996,0.2885,
1.903,0.2716,0.12,0.0359,0.02618,0.04849,0.02492,0.004882,0.05946,0.0459,0.04531,0.2997,0.2892,
1.902,0.2685,0.1197,0.03575,0.02627,0.04813,0.02489,0.004877,0.0594,0.04619,0.04493,0.3009,0.2889,
1.901,0.2825,0.1194,0.03575,0.02625,0.04807,0.02495,0.004893,0.0595,0.04624,0.04445,0.302,0.2885,
1.904,0.2687,0.1203,0.03574,0.02629,0.04807,0.02512,0.004724,0.06012,0.04563,0.046,0.3005,0.2875,
1.904,0.2799,0.1203,0.03575,0.02629,0.04807,0.02528,0.004569,0.06012,0.04644,0.04518,0.3005,0.2875,
1.904,0.2718,0.1203,0.03567,0.0264,0.04807,0.02528,0.004569,0.06064,0.04592,0.04518,0.3005,0.2875,
1.901,0.2685,0.1201,0.03561,0.02642,0.04759,0.02452,0.004561,0.06083,0.04612,0.04462,0.3016,0.2879,
1.903,0.2789,0.1212,0.03575,0.02642,0.04759,0.02463,0.004626,0.06083,0.04636,0.04456,0.3013,0.2868,
1.901,0.2556,0.1209,0.0358,0.0264,0.04752,0.02422,0.004619,0.06101,0.04603,0.04449,0.3023,0.2867,
1.901,0.2769,0.1208,0.03574,0.02652,0.04738,0.02422,0.00462,0.06102,0.04756,0.04297,0.3024,0.2867,
1.902,0.279,0.1197,0.03575,0.02661,0.04832,0.02423,0.004621,0.06103,0.04791,0.04263,0.3024,0.2868,
1.91,0.2584,0.1183,0.03574,0.02671,0.04942,0.02423,0.004803,0.06105,0.04997,0.04412,0.2988,0.2869,
1.91,0.2605,0.1183,0.03573,0.02672,0.04942,0.02423,0.004984,0.06086,0.05131,0.04279,0.2988,0.2869,
1.911,0.262,0.1183,0.0357,0.02679,0.04915,0.02424,0.005489,0.06052,0.05226,0.04172,0.2989,0.287,
1.919,0.3084,0.1183,0.03567,0.02683,0.04915,0.02424,0.005851,0.06042,0.05228,0.04541,0.2949,0.287,
1.923,0.3213,0.1138,0.03986,0.02681,0.04908,0.02383,0.006203,0.05997,0.05267,0.04488,0.296,0.2869,
1.929,0.3296,0.1138,0.03999,0.02684,0.04947,0.02366,0.005994,0.06015,0.05249,0.04854,0.2923,0.2868,
1.932,0.3136,0.1138,0.03996,0.02688,0.04947,0.02384,0.005813,0.06015,0.05312,0.04924,0.291,0.2868,
1.921,0.3758,0.04088,0.03994,0.02691,0.1222,0.02506,0.004598,0.06016,0.05331,0.04906,0.291,0.2868,
1.925,0.372,0.04084,0.03993,0.02698,0.122,0.02506,0.004778,0.06,0.05427,0.05002,0.2892,0.2869,
1.924,0.3688,0.04083,0.03987,0.02668,0.1217,0.02507,0.00496,0.05984,0.0548,0.04952,0.2893,0.2874,
1.927,0.3684,0.04081,0.03989,0.02671,0.1215,0.02507,0.005173,0.05964,0.05532,0.04999,0.2884,0.2875,
1.934,0.3735,0.04054,0.04,0.02673,0.1215,0.02508,0.005174,0.05965,0.05688,0.05321,0.2837,0.2875,
1.933,0.3752,0.04046,0.04009,0.02675,0.1213,0.02557,0.004688,0.05985,0.0596,0.05034,0.2838,0.2876,
1.931,0.3418,0.04038,0.04001,0.02677,0.1213,0.0246,0.004869,0.05968,0.05993,0.05002,0.2838,0.2886,
1.929,0.3411,0.03967,0.03995,0.02681,0.1217,0.02456,0.004863,0.05959,0.06066,0.04914,0.2848,0.2882,
1.93,0.3391,0.04038,0.03983,0.02684,0.1215,0.02462,0.004763,0.05951,0.06146,0.04818,0.2859,0.2871,
1.931,0.3451,0.0415,0.03978,0.02691,0.1215,0.02462,0.004763,0.05951,0.06282,0.04682,0.2859,0.2859,
1.929,0.3474,0.04143,0.03969,0.02633,0.1212,0.02477,0.004721,0.05929,0.06392,0.04558,0.2869,0.2862,
1.927,0.3482,0.04119,0.03971,0.02632,0.1212,0.02495,0.004543,0.05967,0.06635,0.04283,0.287,0.2862,
1.934,0.3408,0.04115,0.03972,0.02635,0.1212,0.02453,0.004362,0.05995,0.06606,0.04746,0.2824,0.2868,
1.947,0.3411,0.04229,0.03974,0.02637,0.1212,0.02453,0.009904,0.05441,0.06688,0.04664,0.2824,0.2857,
1.946,0.3491,0.04213,0.03979,0.02608,0.121,0.0245,0.01007,0.05439,0.06673,0.04639,0.2834,0.2855,
1.945,0.3889,0.04167,0.03973,0.02607,0.1212,0.02446,0.01006,0.0545,0.06727,0.04551,0.2844,0.2851,
1.947,0.3096,0.04154,0.03966,0.026,0.121,0.02444,0.01004,0.05474,0.06888,0.04594,0.283,0.2848,
1.946,0.2961,0.04061,0.03961,0.02609,0.1216,0.02444,0.01005,0.05493,0.06903,0.04565,0.2831,0.2849,
1.946,0.2789,0.04048,0.03946,0.02617,0.1212,0.02446,0.01041,0.05461,0.06908,0.04568,0.2833,0.2851,
1.946,0.2451,0.03996,0.03954,0.02623,0.1209,0.0248,0.01029,0.05503,0.06877,0.04554,0.2836,0.2853,
1.946,0.2426,0.03964,0.03961,0.02633,0.1207,0.02481,0.01048,0.05506,0.06862,0.04556,0.2837,0.2855,
1.944,0.2388,0.03941,0.0396,0.0263,0.1204,0.02478,0.01046,0.055,0.06965,0.04441,0.2848,0.2851,
1.94,0.2358,0.03766,0.03954,0.02601,0.1221,0.02411,0.01085,0.05461,0.07014,0.04392,0.2848,0.2862,
1.937,0.2332,0.03757,0.03936,0.02604,0.1217,0.02341,0.01084,0.0547,0.07074,0.04306,0.286,0.2866,
1.935,0.235,0.03712,0.03907,0.02609,0.1218,0.02358,0.01064,0.05481,0.07048,0.04301,0.2871,0.2863,
1.942,0.2293,0.03805,0.03907,0.02611,0.1218,0.02358,0.01082,0.05493,0.07019,0.04556,0.2845,0.2854,
1.941,0.2306,0.03793,0.03902,0.02613,0.1216,0.02354,0.0112,0.05446,0.07086,0.04472,0.2855,0.285,
1.94,0.2286,0.03786,0.03895,0.02618,0.121,0.02352,0.01119,0.05441,0.0708,0.04469,0.2867,0.2847,
1.94,0.2303,0.03756,0.03904,0.02619,0.1212,0.02352,0.01119,0.05441,0.0708,0.04469,0.2867,0.2847,
1.943,0.2278,0.03808,0.03899,0.02623,0.1208,0.02351,0.01118,0.05452,0.07162,0.04536,0.2863,0.2834,
1.942,0.2489,0.03762,0.03897,0.02623,0.1209,0.02348,0.01117,0.05445,0.07153,0.0453,0.2874,0.283,
1.942,0.2418,0.03741,0.03893,0.02621,0.1206,0.02345,0.01115,0.05439,0.0733,0.04463,0.2872,0.2827,
1.942,0.2467,0.03735,0.03891,0.0263,0.1206,0.02345,0.01115,0.05439,0.0733,0.04463,0.2872,0.2827,
1.943,0.2425,0.03736,0.03881,0.02642,0.1203,0.02357,0.01158,0.05451,0.07365,0.04368,0.2873,0.2828,
1.942,0.2442,0.0372,0.03895,0.02647,0.1201,0.02358,0.01194,0.05453,0.0749,0.0421,0.2874,0.2829,
1.951,0.2791,0.03715,0.03886,0.02648,0.1196,0.02307,0.04451,0.02206,0.07514,0.04155,0.2885,0.283,
1.949,0.2784,0.03711,0.03886,0.02652,0.1195,0.02325,0.04451,0.0223,0.0781,0.03819,0.2886,0.2831,
1.945,0.2605,0.0366,0.03871,0.02658,0.1199,0.0224,0.04488,0.02213,0.07944,0.0367,0.2886,0.284,
1.95,0.2536,0.03798,0.03874,0.02656,0.1193,0.02238,0.04519,0.0219,0.07955,0.03814,0.288,0.2822,
1.95,0.2418,0.03795,0.03869,0.02664,0.1193,0.02238,0.04519,0.02207,0.08009,0.03742,0.288,0.2822,
1.939,0.2766,0.03778,0.03855,0.02665,0.119,0.05089,0.02535,0.01339,0.08308,0.03385,0.29,0.2814,
1.94,0.2541,0.03778,0.03847,0.02673,0.119,0.05136,0.02488,0.01357,0.08449,0.03353,0.2888,0.2814,
1.94,0.2483,0.03763,0.03851,0.02684,0.119,0.05136,0.02506,0.01357,0.0849,0.03294,0.2888,0.2814,
1.947,0.2251,0.03641,0.03845,0.0269,0.1201,0.05155,0.02506,0.01339,0.08491,0.03699,0.2848,0.2815,
1.945,0.1975,0.03625,0.0385,0.02689,0.1197,0.05141,0.02492,0.01355,0.08446,0.03695,0.2859,0.2815,
1.943,0.1983,0.0344,0.0385,0.02695,0.1215,0.05141,0.0251,0.0138,0.08452,0.03647,0.2859,0.2815,
1.947,0.2023,0.0344,0.03842,0.02704,0.1213,0.05142,0.0255,0.01339,0.08697,0.03715,0.2828,0.2816,
1.944,0.2058,0.03422,0.03846,0.02705,0.1214,0.04929,0.02551,0.01383,0.08654,0.03716,0.2828,0.2837,
1.941,0.2009,0.03403,0.03829,0.027,0.121,0.0485,0.02579,0.0141,0.08697,0.03574,0.2849,0.2836,
1.941,0.2038,0.03393,0.03822,0.02702,0.1209,0.04843,0.02593,0.01443,0.08649,0.03551,0.2859,0.2832,
1.941,0.205,0.03388,0.03819,0.0271,0.1209,0.04878,0.02576,0.01461,0.08655,0.0351,0.2859,0.2832,
1.938,0.2074,0.0338,0.03825,0.02712,0.1209,0.0491,0.02544,0.01485,0.08873,0.03268,0.2859,0.2832,
1.944,0.2034,0.03398,0.03822,0.02717,0.1209,0.0486,0.02541,0.01508,0.08874,0.03528,0.284,0.2827,
1.945,0.2124,0.03397,0.03807,0.02722,0.1208,0.04861,0.02541,0.01596,0.08788,0.03529,0.2841,0.2827,
1.946,0.2132,0.03383,0.03817,0.02725,0.1208,0.04875,0.02546,0.01595,0.08771,0.03529,0.2841,0.2827,
1.942,0.2144,0.03369,0.03815,0.02614,0.1205,0.04869,0.02581,0.01555,0.08759,0.03525,0.2851,0.2835,
1.941,0.2217,0.03409,0.03808,0.0256,0.1205,0.04807,0.02582,0.01555,0.08851,0.03507,0.2844,0.2843,
1.939,0.2132,0.03409,0.03804,0.02564,0.1205,0.04763,0.02599,0.01555,0.08931,0.03409,0.2844,0.2848,
1.939,0.2138,0.03394,0.03799,0.0257,0.1203,0.04756,0.02631,0.01543,0.08893,0.03405,0.2854,0.2844,
1.937,0.2115,0.0337,0.03792,0.02568,0.1204,0.0475,0.02627,0.01541,0.08909,0.0337,0.2864,0.284,
1.936,0.2129,0.03354,0.03804,0.02573,0.1202,0.04704,0.02627,0.01541,0.0894,0.03342,0.2865,0.2845,
1.935,0.2143,0.03345,0.03813,0.02573,0.1202,0.04715,0.02756,0.01433,0.08921,0.03284,0.2865,0.2849,
1.934,0.2258,0.0333,0.03808,0.0258,0.1202,0.04733,0.02766,0.01434,0.08962,0.03217,0.2865,0.285,
1.934,0.2286,0.03321,0.03797,0.02586,0.1203,0.04734,0.02767,0.01458,0.08939,0.03217,0.2865,0.285,
1.931,0.2245,0.03313,0.03793,0.02585,0.1201,0.04693,0.02745,0.01465,0.09028,0.03093,0.2876,0.2852,
1.929,0.2297,0.03302,0.03789,0.02586,0.1199,0.047,0.02759,0.01449,0.09083,0.03003,0.2886,0.2848,
1.943,0.2297,0.03351,0.03786,0.0259,0.1203,0.047,0.02777,0.01466,0.09124,0.03524,0.2826,0.2839,
1.94,0.2291,0.03343,0.03787,0.02597,0.1203,0.04596,0.02994,0.01278,0.09095,0.03524,0.2826,0.285,
1.944,0.2376,0.03411,0.03786,0.02601,0.1203,0.04525,0.02976,0.01296,0.09077,0.03711,0.2807,0.2851,
1.945,0.2317,0.03387,0.03791,0.02609,0.1202,0.04527,0.02988,0.0132,0.09045,0.03713,0.2808,0.2852,
1.942,0.2325,0.03371,0.03781,0.02553,0.12,0.04521,0.02985,0.01318,0.09033,0.03708,0.2819,0.2854,
1.958,0.2236,0.0351,0.03779,0.02561,0.1207,0.04521,0.03004,0.01317,0.09044,0.04305,0.2756,0.2833,
1.957,0.2163,0.03485,0.03778,0.02561,0.1206,0.04515,0.03055,0.01295,0.0903,0.04268,0.2767,0.2829,
1.975,0.2711,0.03486,0.03774,0.02566,0.1209,0.06056,0.01515,0.04423,0.05946,0.04223,0.2767,0.2826,
1.972,0.2785,0.03474,0.03765,0.02502,0.1205,0.06039,0.01528,0.04418,0.05988,0.04129,0.2787,0.2824,
1.97,0.2332,0.03459,0.03756,0.02513,0.1204,0.06061,0.01496,0.04437,0.06061,0.04017,0.2797,0.282,
1.969,0.2161,0.03452,0.0374,0.02513,0.1197,0.06057,0.01495,0.04434,0.06097,0.03971,0.2809,0.2818,
1.965,0.2159,0.03444,0.03736,0.02513,0.1195,0.05904,0.01493,0.04428,0.06198,0.03858,0.2819,0.2829,
1.968,0.22,0.03519,0.03731,0.02512,0.1193,0.05841,0.01491,0.04426,0.06236,0.03957,0.2812,0.2823,
1.967,0.2291,0.03517,0.03728,0.02518,0.1193,0.05805,0.01491,0.04478,0.06212,0.03928,0.2812,0.2827,
1.964,0.2478,0.03436,0.03744,0.02516,0.1193,0.05714,0.01495,0.0446,0.06177,0.03917,0.2833,0.2828,
1.963,0.2857,0.03484,0.03742,0.02516,0.1192,0.05598,0.01485,0.04455,0.06369,0.03825,0.2833,0.2828,
1.962,0.2734,0.03477,0.03738,0.02513,0.119,0.05555,0.01483,0.04463,0.06381,0.03785,0.2843,0.2827,
1.959,0.2571,0.03447,0.03746,0.02522,0.1191,0.0544,0.01479,0.04463,0.06504,0.03664,0.2843,0.284,
1.957,0.2587,0.03438,0.03743,0.02521,0.1189,0.05413,0.01471,0.04446,0.06495,0.03658,0.2853,0.2839,
1.955,0.2319,0.03428,0.03749,0.02525,0.1189,0.05408,0.0144,0.04471,0.066,0.03527,0.2853,0.2843,
1.955,0.2252,0.03422,0.03751,0.02529,0.1189,0.05359,0.01461,0.04451,0.06635,0.03493,0.2853,0.2848,
1.956,0.2212,0.03512,0.03741,0.02539,0.1189,0.05249,0.01461,0.04451,0.06665,0.03539,0.2846,0.285,
1.956,0.216,0.03492,0.03742,0.0254,0.1191,0.05249,0.01461,0.04451,0.06682,0.03522,0.2846,0.285,
1.973,0.2275,0.03647,0.03743,0.02542,0.1188,0.0519,0.01473,0.05276,0.05939,0.0411,0.2786,0.2834,
1.972,0.2508,0.0361,0.03744,0.02549,0.1189,0.05157,0.01458,0.05305,0.05913,0.04111,0.2787,0.284,
1.97,0.2722,0.03602,0.0373,0.02559,0.1185,0.05135,0.01439,0.05313,0.05893,0.04106,0.2798,0.284,
1.968,0.2429,0.03567,0.03716,0.02556,0.118,0.0514,0.01437,0.05304,0.05856,0.04096,0.2819,0.2833,
1.968,0.2452,0.0356,0.03719,0.02561,0.118,0.05154,0.01424,0.05304,0.05856,0.04096,0.2819,0.2833,
1.967,0.2561,0.03556,0.03717,0.02531,0.118,0.05154,0.01463,0.05265,0.05909,0.04043,0.2819,0.2837,
1.962,0.266,0.03546,0.03705,0.02525,0.1177,0.05035,0.01455,0.05237,0.06055,0.03869,0.2839,0.2841,
1.968,0.2257,0.03747,0.03667,0.0251,0.1176,0.05007,0.01454,0.05232,0.06077,0.04016,0.2832,0.2821,
1.972,0.22,0.03841,0.03671,0.0252,0.117,0.05053,0.01412,0.05235,0.06081,0.04182,0.2818,0.2813,
1.972,0.2273,0.03819,0.03661,0.02527,0.117,0.05054,0.01413,0.05262,0.06139,0.04102,0.2819,0.2814,
1.976,0.2247,0.0389,0.03657,0.02537,0.117,0.04943,0.01413,0.05285,0.062,0.04251,0.2796,0.2817,
1.974,0.2234,0.03864,0.03653,0.02542,0.1172,0.04883,0.01396,0.05339,0.06204,0.04193,0.2796,0.2825,
1.969,0.2348,0.0384,0.03641,0.02535,0.1167,0.04776,0.01412,0.05294,0.06212,0.04142,0.2826,0.2821,
1.969,0.2428,0.03799,0.03641,0.02544,0.117,0.04777,0.01412,0.05319,0.06188,0.04142,0.2826,0.2822,
1.967,0.24,0.03778,0.03638,0.02555,0.117,0.04664,0.01429,0.05326,0.06166,0.04143,0.2827,0.2834,
1.967,0.2441,0.03774,0.0364,0.02558,0.117,0.04664,0.01429,0.05326,0.06199,0.0411,0.2827,0.2834,
1.971,0.2516,0.03813,0.03651,0.02559,0.117,0.04638,0.01438,0.05309,0.06226,0.04262,0.2809,0.2831,
1.976,0.2409,0.03863,0.03675,0.02561,0.117,0.04638,0.01438,0.05336,0.06314,0.04374,0.2787,0.2824,
1.974,0.2429,0.03901,0.03635,0.02552,0.1167,0.04593,0.01415,0.05323,0.06382,0.04343,0.2802,0.2817,
1.972,0.2586,0.03894,0.03632,0.02563,0.1167,0.04576,0.01368,0.05345,0.06511,0.04191,0.2802,0.2823,
1.972,0.2518,0.03888,0.03632,0.0257,0.1167,0.04576,0.01368,0.05345,0.06574,0.04129,0.2802,0.2823,
1.979,0.2553,0.04019,0.03621,0.02574,0.1167,0.04577,0.01385,0.05351,0.07032,0.0402,0.2765,0.281,
1.979,0.2462,0.0401,0.03618,0.02581,0.1163,0.0458,0.01386,0.05371,0.0702,0.04022,0.2767,0.2812,
1.986,0.3066,0.03999,0.03619,0.0258,0.1161,0.04581,0.04714,0.02073,0.07082,0.03935,0.2768,0.2812,
1.984,0.2986,0.0397,0.03605,0.02579,0.1164,0.0454,0.04733,0.02079,0.07135,0.03861,0.2769,0.2818,
1.984,0.2906,0.03973,0.03597,0.0251,0.1159,0.04528,0.04721,0.02074,0.07174,0.03943,0.2774,0.2814,
1.989,0.2388,0.03999,0.03601,0.02512,0.1159,0.04497,0.04706,0.02118,0.07187,0.04151,0.2748,0.2815,
1.988,0.239,0.03955,0.03586,0.02522,0.1163,0.04531,0.04673,0.02119,0.07237,0.04103,0.2748,0.2816,
1.986,0.2424,0.03939,0.03582,0.02517,0.1159,0.04536,0.04662,0.02121,0.07236,0.0405,0.2769,0.2808,
1.991,0.2479,0.0412,0.03587,0.02521,0.1156,0.04537,0.0468,0.02146,0.07303,0.0403,0.2761,0.2791,
1.999,0.2434,0.04198,0.03588,0.02527,0.1155,0.04569,0.04668,0.0213,0.07347,0.04327,0.2728,0.2782,
1.999,0.2441,0.04195,0.03588,0.02531,0.1155,0.04586,0.0467,0.02147,0.07328,0.0431,0.2728,0.2782,
1.998,0.2505,0.04193,0.03586,0.02536,0.1154,0.04621,0.04647,0.02137,0.07573,0.04067,0.2728,0.2782,
1.995,0.2527,0.0419,0.0358,0.02544,0.1154,0.04509,0.04664,0.0212,0.07573,0.04067,0.2728,0.2793,
1.996,0.2459,0.04149,0.03602,0.02552,0.1154,0.0451,0.04664,0.02146,0.07548,0.04067,0.2729,0.2794,
1.993,0.2562,0.04149,0.03598,0.02555,0.1154,0.05397,0.03732,0.02163,0.0766,0.03938,0.2729,0.2798,
1.996,0.2508,0.04202,0.03583,0.0256,0.1157,0.0539,0.03761,0.02182,0.07595,0.04054,0.2727,0.2784,
2.0,0.2515,0.04327,0.03571,0.02562,0.1157,0.05408,0.03745,0.02203,0.07814,0.03975,0.2711,0.2771,
1.999,0.2915,0.04316,0.03561,0.02569,0.1154,0.05401,0.03758,0.022,0.07826,0.03932,0.2721,0.2768,
1.994,0.2874,0.0427,0.03532,0.02571,0.1151,0.05273,0.03769,0.02203,0.07821,0.03873,0.2743,0.2775,
1.991,0.2736,0.04154,0.03524,0.02575,0.1159,0.05163,0.03771,0.02242,0.0784,0.0382,0.2744,0.2788,
1.994,0.2335,0.04248,0.03517,0.02575,0.1158,0.05043,0.03783,0.02273,0.07778,0.03959,0.274,0.2785,
1.995,0.2592,0.04319,0.03511,0.02574,0.1156,0.05036,0.0384,0.02249,0.07893,0.03881,0.274,0.2773,
1.992,0.2348,0.04271,0.03495,0.02574,0.1155,0.05023,0.0385,0.02223,0.07872,0.03871,0.2761,0.2766,
1.992,0.2373,0.04237,0.03518,0.02572,0.1154,0.05016,0.03845,0.02245,0.07836,0.03866,0.2771,0.2762,
1.991,0.2382,0.04227,0.03509,0.02576,0.1152,0.05054,0.03795,0.02272,0.07826,0.0383,0.2781,0.2759,
1.991,0.2038,0.04223,0.03501,0.02586,0.1151,0.05071,0.03796,0.0228,0.07802,0.03831,0.2781,0.2759,
1.99,0.2029,0.04212,0.03498,0.02587,0.1148,0.05065,0.03791,0.02277,0.07829,0.03789,0.2791,0.2755,
1.99,0.2065,0.04207,0.03494,0.02598,0.1147,0.05088,0.03769,0.02278,0.07869,0.0375,0.2792,0.2756,
1.992,0.2082,0.04338,0.03494,0.02601,0.1149,0.05025,0.03824,0.02268,0.07921,0.0371,0.2786,0.2747,
1.997,0.2137,0.04438,0.03488,0.026,0.1148,0.05035,0.03804,0.02321,0.07979,0.03808,0.2774,0.2731,
1.994,0.2254,0.04503,0.03483,0.02608,0.1149,0.05035,0.04767,0.01374,0.07962,0.03968,0.2758,0.2723,
1.998,0.2261,0.04652,0.03477,0.02614,0.1148,0.05035,0.04768,0.01391,0.08113,0.03918,0.2747,0.2708,
1.995,0.2301,0.04651,0.03473,0.02621,0.1148,0.04943,0.04809,0.0135,0.08191,0.0384,0.2747,0.2718,
2.0,0.2369,0.04683,0.03471,0.02625,0.1148,0.04943,0.04809,0.01367,0.08191,0.04059,0.2723,0.2714,
2.001,0.2231,0.04719,0.03474,0.02632,0.1148,0.04914,0.04792,0.01367,0.08222,0.0408,0.2718,0.2714,
2.001,0.2072,0.04709,0.03478,0.02638,0.1148,0.04937,0.04769,0.01384,0.08238,0.04047,0.2718,0.2714,
2.012,0.207,0.04845,0.03461,0.02648,0.1147,0.0493,0.04763,0.01398,0.08328,0.04446,0.2675,0.2696,
2.01,0.2122,0.04828,0.03447,0.02649,0.1143,0.04881,0.04734,0.01459,0.08273,0.04403,0.2695,0.2694,
2.013,0.2146,0.04931,0.03446,0.02648,0.1142,0.04924,0.04694,0.01457,0.08245,0.04485,0.2696,0.2679,
2.011,0.2548,0.04924,0.03424,0.02662,0.114,0.04934,0.04709,0.01416,0.08367,0.04346,0.2706,0.2675,
2.009,0.2246,0.04905,0.03423,0.0267,0.1141,0.05742,0.0396,0.01409,0.08366,0.04299,0.2706,0.2676,
2.008,0.2027,0.04896,0.03421,0.0267,0.1137,0.05769,0.03923,0.01441,0.08384,0.04234,0.2717,0.2673,
2.005,0.21,0.04884,0.03415,0.02675,0.1133,0.06237,0.03348,0.01639,0.08303,0.04066,0.2727,0.2683,
2.003,0.2083,0.04873,0.03419,0.02684,0.1131,0.06209,0.03349,0.01623,0.08412,0.03959,0.2728,0.2688,
1.992,0.2262,0.04822,0.03419,0.02684,0.1132,0.07188,0.02309,0.01621,0.08434,0.03922,0.2738,0.269,
1.991,0.2219,0.04782,0.03417,0.02688,0.1136,0.07132,0.02336,0.01611,0.08474,0.03864,0.2738,0.2695,
1.989,0.2382,0.04699,0.03426,0.0269,0.1141,0.07095,0.02376,0.01572,0.08521,0.03805,0.2739,0.2702,
1.986,0.2224,0.04628,0.03432,0.02695,0.1146,0.07001,0.02396,0.01536,0.08522,0.03805,0.2739,0.2713,
1.985,0.2213,0.04559,0.03434,0.02693,0.1149,0.06993,0.02393,0.0155,0.08541,0.03755,0.275,0.271,
1.983,0.224,0.04558,0.03433,0.02696,0.1149,0.06937,0.0243,0.0153,0.0869,0.03589,0.275,0.2715,
1.983,0.2298,0.04612,0.03423,0.02697,0.1151,0.06808,0.02443,0.01511,0.08679,0.03664,0.2752,0.2713,
1.982,0.2687,0.04603,0.03416,0.02698,0.115,0.06798,0.0244,0.01526,0.08651,0.03659,0.2762,0.2709,
1.98,0.2675,0.04509,0.03412,0.02698,0.1157,0.06787,0.02381,0.0154,0.08622,0.03653,0.2772,0.2711,
1.976,0.2473,0.04374,0.03412,0.02706,0.1167,0.0674,0.02329,0.01528,0.08654,0.03625,0.2773,0.2723,
1.981,0.2416,0.0449,0.03417,0.02713,0.1167,0.0674,0.02329,0.01583,0.08682,0.03667,0.276,0.271,
1.982,0.2466,0.04622,0.03403,0.02703,0.1161,0.06686,0.02315,0.01572,0.08606,0.03789,0.2786,0.2684,
1.982,0.2581,0.04578,0.03416,0.02711,0.116,0.06689,0.02332,0.01596,0.08586,0.03774,0.2787,0.2685,
1.979,0.2818,0.04569,0.03413,0.02712,0.1155,0.06709,0.0232,0.01594,0.08797,0.03534,0.2798,0.2682,
1.978,0.2586,0.04563,0.03403,0.02715,0.1151,0.06701,0.02317,0.01592,0.08787,0.0353,0.2809,0.2679,
1.988,0.2522,0.04654,0.03395,0.02717,0.1147,0.06712,0.02298,0.01616,0.08753,0.0395,0.2778,0.2666,
2.004,0.2692,0.04606,0.03406,0.02664,0.1148,0.06674,0.02306,0.03214,0.0723,0.03862,0.2779,0.2677,
2.004,0.2732,0.04598,0.03408,0.0267,0.1148,0.06674,0.02306,0.03214,0.0723,0.03862,0.2779,0.2677,
2.003,0.2787,0.04592,0.03413,0.02674,0.1146,0.06643,0.0229,0.03231,0.07246,0.03833,0.2779,0.2682,
2.002,0.2768,0.04558,0.03419,0.02677,0.1148,0.06601,0.02275,0.03248,0.07273,0.03789,0.2779,0.2688,
2.013,0.2741,0.04675,0.03419,0.02686,0.115,0.06567,0.02275,0.03264,0.07287,0.04226,0.2733,0.2677,
2.011,0.2666,0.04674,0.03415,0.02691,0.115,0.06525,0.02258,0.03281,0.07413,0.04083,0.2733,0.2683,
2.014,0.2605,0.04704,0.03414,0.02689,0.1149,0.0638,0.02244,0.03318,0.07414,0.04297,0.2717,0.2688,
2.028,0.2597,0.04884,0.03419,0.02694,0.115,0.06381,0.02244,0.03362,0.07471,0.04778,0.266,0.2668,
2.024,0.2422,0.0485,0.0341,0.02697,0.1148,0.06265,0.02242,0.03359,0.07598,0.04638,0.267,0.2676,
2.024,0.2511,0.0487,0.03407,0.02705,0.1148,0.06161,0.02242,0.03375,0.077,0.0462,0.266,0.2684,
2.032,0.2598,0.04853,0.03404,0.02713,0.1148,0.06162,0.02242,0.04911,0.06165,0.04621,0.266,0.2684,
2.02,0.2787,0.04811,0.03403,0.02716,0.1152,0.07098,0.01343,0.04887,0.06207,0.04566,0.266,0.2684,
2.018,0.2842,0.048,0.03412,0.0272,0.1151,0.07193,0.0125,0.0491,0.06377,0.04375,0.2661,0.2684,
2.016,0.2806,0.0479,0.03405,0.02721,0.115,0.07136,0.01266,0.04886,0.06512,0.04226,0.267,0.2686,
2.014,0.242,0.04773,0.03407,0.02722,0.1148,0.07103,0.01254,0.04908,0.06549,0.04146,0.268,0.2685,
2.012,0.2427,0.04742,0.03397,0.02721,0.1145,0.07085,0.01268,0.04895,0.06575,0.04076,0.27,0.2679,
2.008,0.2551,0.04698,0.03396,0.02718,0.1141,0.07009,0.0124,0.04916,0.0656,0.04034,0.2721,0.2681,
2.007,0.2424,0.04689,0.03392,0.02717,0.1138,0.06954,0.01282,0.0489,0.06529,0.04029,0.2731,0.2682,
2.004,0.2251,0.04676,0.03379,0.02716,0.1133,0.06802,0.01279,0.0491,0.06497,0.04003,0.2752,0.2689,
2.001,0.2372,0.04647,0.03376,0.02714,0.1133,0.06695,0.01277,0.04916,0.06475,0.03997,0.2762,0.2695,
1.998,0.2304,0.04627,0.03373,0.02709,0.113,0.06575,0.0129,0.04911,0.06513,0.03905,0.2782,0.2698,
1.995,0.2339,0.04563,0.03381,0.02656,0.1133,0.0651,0.0129,0.04913,0.06545,0.03876,0.2783,0.2711,
1.992,0.2443,0.04463,0.03377,0.02656,0.1138,0.06453,0.01304,0.04891,0.06591,0.03803,0.2793,0.2715,
1.988,0.2544,0.04419,0.03368,0.0266,0.1138,0.06379,0.01315,0.04873,0.06836,0.03545,0.2804,0.2718,
2.0,0.2366,0.04746,0.03369,0.02665,0.1138,0.0638,0.01316,0.04874,0.06837,0.03845,0.2775,0.2684,
2.0,0.225,0.04713,0.03371,0.02666,0.1141,0.0638,0.01316,0.04874,0.06867,0.03815,0.2775,0.2684,
1.999,0.2232,0.04683,0.03364,0.02674,0.1144,0.0638,0.01316,0.0489,0.06851,0.03815,0.2775,0.2684,
2.002,0.2235,0.04723,0.03369,0.02681,0.1144,0.06392,0.01306,0.04929,0.06879,0.03861,0.2764,0.2677,
2.008,0.2279,0.04817,0.03365,0.02685,0.1142,0.06296,0.01306,0.0497,0.06967,0.04057,0.2733,0.2678,
2.011,0.2495,0.04919,0.0337,0.02685,0.1139,0.06343,0.0125,0.04964,0.06958,0.04208,0.2728,0.2663,
2.012,0.2232,0.04946,0.03374,0.02687,0.1138,0.06373,0.01221,0.05004,0.06948,0.04235,0.2723,0.266,
2.012,0.2157,0.04932,0.0338,0.02695,0.1138,0.06389,0.01205,0.05004,0.07021,0.04162,0.2723,0.266,
2.022,0.2303,0.04918,0.03387,0.02702,0.1138,0.06389,0.02204,0.04021,0.0706,0.04107,0.2723,0.266,
2.019,0.2385,0.049,0.03364,0.02707,0.1139,0.06271,0.02205,0.04063,0.07074,0.04058,0.2724,0.2673,
2.024,0.2453,0.04968,0.03359,0.02713,0.1135,0.06264,0.02224,0.04197,0.07093,0.0411,0.271,0.2662,
2.027,0.2426,0.0506,0.03355,0.02712,0.1132,0.06256,0.02221,0.04219,0.07058,0.0422,0.2709,0.2649,
2.025,0.2406,0.05048,0.03339,0.02713,0.1131,0.06188,0.02216,0.04255,0.07021,0.04185,0.2719,0.2654,
2.025,0.2625,0.04959,0.03343,0.02665,0.1134,0.06127,0.02226,0.05582,0.05684,0.04165,0.273,0.2661,
2.024,0.2621,0.04942,0.03359,0.02669,0.1133,0.06116,0.02237,0.05567,0.05802,0.04032,0.273,0.2665,
2.025,0.2607,0.04936,0.03332,0.02651,0.1133,0.06053,0.02232,0.05568,0.05771,0.04203,0.2732,0.266,
2.031,0.2673,0.05118,0.03327,0.02651,0.1131,0.06046,0.02255,0.05551,0.05777,0.04374,0.2722,0.2638,
2.031,0.2801,0.05111,0.03332,0.02653,0.1131,0.06046,0.02281,0.05525,0.05777,0.04374,0.2722,0.2638,
2.033,0.2747,0.05149,0.03327,0.02655,0.1131,0.06071,0.02283,0.05516,0.0582,0.0439,0.2715,0.2633,
2.032,0.2568,0.0514,0.03331,0.02661,0.1131,0.06024,0.02286,0.05561,0.05789,0.0436,0.2715,0.2639,
2.036,0.2622,0.05174,0.0334,0.02662,0.1131,0.06117,0.02194,0.05576,0.05816,0.04552,0.2691,0.2635,
2.042,0.2453,0.05205,0.03352,0.02667,0.1133,0.06047,0.0218,0.05616,0.05893,0.04828,0.2653,0.2636,
2.042,0.2472,0.05184,0.03367,0.02674,0.1132,0.06048,0.02181,0.05633,0.05916,0.04791,0.2653,0.2636,
2.04,0.2454,0.05169,0.03369,0.02676,0.1131,0.05902,0.02161,0.05674,0.05877,0.04792,0.2654,0.2654,
2.037,0.2397,0.05162,0.03367,0.02681,0.1121,0.05839,0.02176,0.05655,0.062,0.04466,0.2666,0.2659,
2.045,0.2375,0.05222,0.03362,0.02682,0.1125,0.05684,0.02197,0.05653,0.06185,0.04975,0.2616,0.2664,
2.044,0.2518,0.05187,0.03371,0.02689,0.1126,0.05635,0.02219,0.05644,0.06247,0.04891,0.2616,0.267,
