entropy,entropyInd,RabA,RabB,RabC,RabD,RabE,RabF,RabG,RabH,RabI,xER,xPM,
2.178,0.3355,0.106,0.0907,0.0685,0.1252,0.05449,0.03938,0.03062,0.03407,0.03502,0.2066,0.2094,
2.175,0.3388,0.1047,0.09071,0.06855,0.1245,0.053,0.03941,0.03064,0.03409,0.03504,0.2068,0.2126,
2.175,0.3397,0.1047,0.09071,0.06855,0.1245,0.053,0.03941,0.03064,0.03409,0.03504,0.2068,0.2126,
2.175,0.3439,0.1043,0.09076,0.06858,0.1242,0.05304,0.03944,0.03066,0.03412,0.03508,0.207,0.2128,
2.175,0.3435,0.1065,0.09071,0.06854,0.1237,0.05258,0.03931,0.03051,0.0341,0.03505,0.2079,0.211,
2.17,0.3532,0.1046,0.08949,0.06863,0.1238,0.05069,0.03937,0.03055,0.03414,0.03509,0.2082,0.2154,
2.166,0.3959,0.1045,0.08937,0.06744,0.1237,0.04881,0.0394,0.03057,0.03417,0.03512,0.2084,0.2186,
2.166,0.3566,0.1075,0.08939,0.06745,0.1229,0.04783,0.03927,0.03057,0.03417,0.03511,0.2095,0.2163,
2.177,0.3545,0.1134,0.08902,0.06724,0.1226,0.04768,0.03915,0.03047,0.03406,0.04021,0.2067,0.2095,
2.176,0.3549,0.1134,0.08905,0.06726,0.1222,0.04704,0.03916,0.03048,0.03407,0.04022,0.2068,0.2102,
2.176,0.3559,0.1132,0.08901,0.06731,0.1217,0.04707,0.03921,0.03052,0.03411,0.04027,0.2071,0.2105,
2.173,0.3602,0.1117,0.08905,0.06583,0.1213,0.04709,0.03923,0.03053,0.03413,0.04028,0.2072,0.2137,
2.173,0.3629,0.1167,0.08886,0.06569,0.121,0.04576,0.03884,0.03046,0.03406,0.0402,0.2088,0.2096,
2.169,0.3659,0.1167,0.08868,0.06561,0.121,0.04374,0.03886,0.03048,0.03407,0.04021,0.2089,0.2117,
2.168,0.3703,0.1167,0.08871,0.06564,0.1207,0.04266,0.03887,0.03049,0.03408,0.04023,0.209,0.2129,
2.167,0.3553,0.1188,0.08866,0.06559,0.1202,0.04194,0.03885,0.03046,0.03406,0.0402,0.2099,0.2113,
2.165,0.3584,0.1182,0.08849,0.06565,0.1204,0.04088,0.03888,0.03049,0.03409,0.04023,0.2101,0.2126,
2.165,0.3598,0.1183,0.08852,0.06567,0.12,0.04089,0.0389,0.0305,0.0341,0.04025,0.2102,0.2127,
2.175,0.3538,0.1179,0.08821,0.06565,0.1192,0.04089,0.03889,0.03049,0.03409,0.04686,0.2046,0.2132,
2.174,0.337,0.1164,0.08824,0.06567,0.1188,0.0409,0.0389,0.0305,0.03411,0.04688,0.2047,0.2149,
2.171,0.3435,0.1164,0.08824,0.06567,0.1188,0.03936,0.0389,0.0305,0.03411,0.04688,0.2047,0.2164,
2.166,0.3386,0.1152,0.08828,0.0657,0.1184,0.03685,0.03892,0.03051,0.03412,0.0469,0.2048,0.2203,
2.166,0.3406,0.116,0.08777,0.06564,0.1184,0.03684,0.03891,0.03051,0.03412,0.04689,0.2058,0.2191,
2.164,0.3419,0.1131,0.0878,0.06567,0.118,0.03686,0.03893,0.03052,0.03413,0.0469,0.2059,0.2222,
2.164,0.3649,0.113,0.08775,0.06568,0.1178,0.03687,0.03894,0.03053,0.03414,0.04692,0.206,0.2223,
2.158,0.3193,0.1155,0.08764,0.06563,0.1174,0.03291,0.03892,0.0305,0.03411,0.04689,0.2069,0.2236,
2.158,0.3188,0.1156,0.0877,0.06568,0.1167,0.03294,0.03894,0.03052,0.03413,0.04691,0.2071,0.2238,
2.156,0.3093,0.1156,0.08738,0.06567,0.1168,0.03229,0.03896,0.03053,0.03415,0.04693,0.2071,0.2246,
2.156,0.3061,0.1148,0.08688,0.0658,0.1166,0.03236,0.03904,0.0306,0.03422,0.04703,0.2076,0.2251,
2.156,0.3046,0.1148,0.08688,0.0658,0.1166,0.03236,0.03904,0.0306,0.03422,0.04703,0.2076,0.2251,
2.154,0.3086,0.1146,0.08684,0.06403,0.116,0.0324,0.03909,0.03063,0.03425,0.04708,0.2079,0.2272,
2.154,0.315,0.1155,0.08703,0.06431,0.1151,0.03239,0.03908,0.03062,0.03425,0.04707,0.2089,0.2258,
2.141,0.3351,0.1168,0.08712,0.06436,0.1142,0.03239,0.05663,0.01305,0.04083,0.04047,0.2099,0.2242,
2.142,0.3379,0.1163,0.08721,0.0647,0.1134,0.03243,0.05671,0.01307,0.04142,0.03999,0.2102,0.2245,
2.142,0.3475,0.1162,0.08726,0.06493,0.1131,0.03245,0.05674,0.0135,0.04101,0.04001,0.2103,0.2246,
2.151,0.3603,0.1193,0.08722,0.06511,0.1127,0.03246,0.05675,0.02289,0.03162,0.04001,0.2114,0.2206,
2.15,0.3454,0.1193,0.08723,0.06524,0.1123,0.0318,0.05677,0.02332,0.0378,0.03342,0.2115,0.2214,
2.163,0.34,0.122,0.0876,0.06429,0.1112,0.03028,0.05684,0.02335,0.03784,0.04283,0.2034,0.2203,
2.164,0.3253,0.12,0.08743,0.06451,0.112,0.03034,0.05694,0.02339,0.03918,0.04164,0.2038,0.2207,
2.165,0.3289,0.1245,0.08663,0.06395,0.1121,0.03088,0.05642,0.0234,0.03919,0.04165,0.2049,0.2165,
2.165,0.3277,0.1244,0.08655,0.0642,0.1117,0.03089,0.05644,0.0234,0.0392,0.04166,0.205,0.2166,
2.166,0.3206,0.1255,0.0864,0.06437,0.1116,0.03088,0.05641,0.02339,0.03918,0.04164,0.2059,0.2147,
2.168,0.3261,0.1293,0.0862,0.06447,0.1105,0.03146,0.05596,0.02341,0.04083,0.04009,0.2072,0.2106,
2.167,0.312,0.1294,0.08555,0.06483,0.1102,0.03149,0.05654,0.02289,0.04087,0.04012,0.2074,0.2108,
2.167,0.3153,0.1294,0.08536,0.06515,0.1092,0.03153,0.0566,0.0229,0.04246,0.03861,0.2077,0.211,
2.166,0.3194,0.128,0.08515,0.06518,0.1088,0.03207,0.0559,0.02285,0.04356,0.03735,0.2104,0.2107,
2.165,0.3122,0.1282,0.08525,0.06554,0.1068,0.03214,0.05602,0.0229,0.04366,0.03743,0.2109,0.2111,
2.165,0.3106,0.1281,0.08533,0.06562,0.1064,0.03215,0.05605,0.02291,0.04368,0.03745,0.211,0.2112,
2.167,0.3335,0.1281,0.08536,0.0657,0.1052,0.0502,0.03855,0.02237,0.04368,0.03744,0.2121,0.2113,
2.179,0.3835,0.1274,0.08559,0.06576,0.1042,0.04857,0.0385,0.02234,0.04362,0.04736,0.204,0.2126,
2.178,0.383,0.1251,0.08607,0.06578,0.1054,0.04787,0.03848,0.02233,0.04482,0.04611,0.2049,0.2131,
2.151,0.3408,0.125,0.08611,0.06588,0.1051,0.075,0.01073,0.02233,0.04676,0.0442,0.205,0.2139,
2.151,0.2987,0.1247,0.08617,0.06619,0.1051,0.075,0.01073,0.02233,0.04676,0.0442,0.205,0.2139,
2.15,0.2762,0.1237,0.08669,0.06514,0.1047,0.07506,0.01127,0.02181,0.0468,0.04424,0.2052,0.2153,
2.148,0.3177,0.1236,0.08684,0.06514,0.1047,0.07283,0.01127,0.02181,0.04796,0.04308,0.2052,0.2176,
2.147,0.3156,0.1235,0.08697,0.06521,0.1043,0.07218,0.01128,0.02182,0.04798,0.0431,0.2053,0.2183,
2.147,0.2781,0.127,0.08708,0.06402,0.1039,0.07218,0.01127,0.02181,0.04797,0.04308,0.2063,0.2154,
2.147,0.2801,0.1266,0.0872,0.0643,0.1039,0.07218,0.01127,0.02181,0.04797,0.04308,0.2063,0.2154,
2.149,0.2838,0.1312,0.08726,0.06427,0.1038,0.0721,0.01126,0.02178,0.04792,0.04304,0.2071,0.2102,
2.149,0.2826,0.1311,0.08703,0.06434,0.1038,0.07146,0.01127,0.02179,0.04794,0.04306,0.2072,0.211,
2.147,0.2901,0.1272,0.0875,0.06454,0.1068,0.06959,0.01127,0.0218,0.04796,0.04308,0.2073,0.213,
2.144,0.3022,0.1271,0.08746,0.0636,0.1065,0.06772,0.01127,0.0218,0.04797,0.04309,0.2074,0.2161,
2.144,0.2948,0.1267,0.08737,0.06382,0.1065,0.06775,0.01128,0.02181,0.04925,0.04186,0.2075,0.2162,
2.142,0.3047,0.1266,0.08661,0.06404,0.1066,0.06602,0.01129,0.02183,0.04929,0.04189,0.2077,0.2182,
2.141,0.2986,0.1263,0.08658,0.06433,0.1066,0.06602,0.01129,0.02183,0.05099,0.0402,0.2077,0.2182,
2.144,0.2963,0.1319,0.086,0.0646,0.1065,0.06598,0.01128,0.02182,0.05096,0.04017,0.2086,0.2121,
2.143,0.2953,0.1274,0.08619,0.06453,0.1099,0.06587,0.01126,0.02178,0.05087,0.0401,0.2103,0.2118,
2.144,0.3044,0.1197,0.08615,0.06444,0.1166,0.06576,0.01124,0.02273,0.05033,0.03949,0.2121,0.2114,
2.143,0.3053,0.1197,0.08621,0.06444,0.1166,0.06576,0.01124,0.02273,0.05372,0.0361,0.2121,0.2114,
2.142,0.3069,0.1196,0.08613,0.06459,0.1155,0.06578,0.01123,0.02272,0.05373,0.0361,0.2132,0.2115,
2.141,0.3139,0.1194,0.08562,0.06459,0.1155,0.06505,0.01123,0.02367,0.05376,0.03511,0.2132,0.2129,
2.136,0.3161,0.1192,0.08556,0.0649,0.1155,0.06282,0.01123,0.02367,0.05757,0.0313,0.2132,0.2151,
2.155,0.3076,0.1201,0.08563,0.06182,0.115,0.06278,0.01122,0.02365,0.05878,0.04318,0.201,0.2169,
2.155,0.29,0.1223,0.0853,0.06207,0.1143,0.06277,0.01122,0.02365,0.06078,0.04116,0.202,0.2145,
2.155,0.2827,0.1166,0.08543,0.06221,0.1189,0.06286,0.01123,0.02367,0.06085,0.04121,0.2022,0.2148,
2.155,0.2828,0.1162,0.08558,0.06225,0.1185,0.06291,0.01158,0.02335,0.06091,0.04124,0.2024,0.215,
2.143,0.2905,0.1161,0.08589,0.06231,0.1177,0.06685,0.006688,0.02283,0.06096,0.04128,0.2026,0.2168,
2.144,0.3065,0.1158,0.08597,0.0625,0.1193,0.06687,0.006685,0.02283,0.06097,0.04129,0.2037,0.2141,
2.147,0.3054,0.1192,0.08599,0.06255,0.1188,0.06683,0.006681,0.02367,0.06008,0.04126,0.2046,0.2103,
2.143,0.3156,0.1192,0.08588,0.06277,0.1185,0.06564,0.006144,0.02368,0.06146,0.03991,0.2047,0.2122,
2.141,0.2899,0.1187,0.08586,0.06295,0.1185,0.06407,0.006146,0.02369,0.06275,0.03867,0.2048,0.2138,
2.141,0.2955,0.1151,0.08585,0.06294,0.1209,0.064,0.007029,0.02276,0.06267,0.03862,0.2066,0.2136,
2.141,0.287,0.1144,0.08536,0.06343,0.121,0.06406,0.007036,0.02332,0.06219,0.03865,0.2068,0.2138,
2.141,0.2886,0.1142,0.08558,0.06351,0.1206,0.06341,0.007035,0.02332,0.06221,0.03866,0.2069,0.2146,
2.14,0.2938,0.114,0.08573,0.06292,0.1206,0.06341,0.007035,0.02332,0.06275,0.03812,0.2069,0.2152,
2.137,0.3023,0.113,0.08582,0.0631,0.1214,0.06317,0.006605,0.02332,0.06391,0.03696,0.2069,0.2159,
2.137,0.3123,0.1115,0.08617,0.0631,0.1225,0.06317,0.006605,0.02332,0.06391,0.03696,0.2069,0.2159,
2.137,0.2928,0.1109,0.08672,0.06304,0.1207,0.06337,0.006621,0.02339,0.06411,0.03707,0.2075,0.2166,
2.135,0.3081,0.1107,0.08703,0.06335,0.1191,0.06348,0.006633,0.02343,0.06822,0.03314,0.2079,0.217,
2.137,0.3063,0.1105,0.08735,0.0635,0.1183,0.06354,0.006639,0.02539,0.06634,0.03317,0.2081,0.2172,
2.137,0.3089,0.1095,0.08747,0.06359,0.1186,0.06359,0.00664,0.02642,0.06646,0.03211,0.2083,0.2174,
2.135,0.3067,0.1145,0.08737,0.06159,0.1185,0.06176,0.006633,0.02639,0.06639,0.03207,0.2091,0.2157,
2.132,0.3502,0.1144,0.08706,0.06205,0.1185,0.06,0.006633,0.02639,0.06729,0.03117,0.2091,0.2174,
2.132,0.3455,0.1158,0.08683,0.06233,0.119,0.05993,0.006626,0.02636,0.06902,0.02934,0.2099,0.2149,
2.132,0.3419,0.115,0.08672,0.06251,0.1192,0.05999,0.006632,0.02639,0.06909,0.02937,0.2101,0.215,
2.129,0.335,0.1137,0.0869,0.06257,0.1199,0.05799,0.006635,0.0264,0.07002,0.02848,0.2102,0.2172,
2.126,0.3323,0.1135,0.08681,0.06269,0.1196,0.05646,0.006638,0.02641,0.07007,0.0285,0.2104,0.219,
2.128,0.2654,0.1186,0.08713,0.06269,0.1191,0.05682,0.006192,0.02638,0.06998,0.02846,0.2122,0.2124,
2.127,0.2645,0.1163,0.08695,0.0628,0.1206,0.0567,0.006179,0.02632,0.06984,0.02839,0.2139,0.212,
2.143,0.2655,0.1158,0.08696,0.06264,0.1198,0.05655,0.006701,0.02571,0.06965,0.03711,0.2077,0.2114,
2.141,0.2719,0.1157,0.08702,0.06268,0.1198,0.05601,0.006566,0.02571,0.06965,0.03711,0.2077,0.2121,
2.14,0.2788,0.1156,0.08689,0.06274,0.1192,0.05541,0.00657,0.02574,0.06974,0.03715,0.208,0.2131,
2.145,0.2964,0.1155,0.08638,0.063,0.1192,0.05543,0.02034,0.01198,0.06977,0.03716,0.208,0.2132,
2.147,0.3152,0.1155,0.08627,0.06319,0.1189,0.05546,0.02089,0.01277,0.06846,0.03717,0.2081,0.2133,
2.142,0.3161,0.1152,0.08656,0.06322,0.1189,0.05546,0.02089,0.01277,0.07528,0.03035,0.2081,0.2133,
2.141,0.3018,0.1147,0.08599,0.0633,0.119,0.05553,0.02091,0.01279,0.07618,0.0296,0.2084,0.2135,
2.14,0.2993,0.1143,0.08578,0.06335,0.1183,0.05547,0.02088,0.01277,0.07608,0.02956,0.2103,0.2133,
2.134,0.3018,0.1143,0.08575,0.06337,0.1183,0.05204,0.02098,0.012,0.07608,0.02956,0.2103,0.2174,
2.133,0.3157,0.116,0.08554,0.06348,0.1178,0.05201,0.02096,0.01198,0.07693,0.02863,0.2112,0.2155,
2.131,0.3012,0.1175,0.08583,0.06349,0.1177,0.04971,0.02148,0.01197,0.07631,0.0286,0.212,0.2155,
2.134,0.3008,0.1158,0.08549,0.06396,0.1187,0.04975,0.02149,0.01324,0.07511,0.02862,0.2122,0.2157,
2.134,0.3024,0.1156,0.08556,0.06408,0.1187,0.04975,0.02149,0.01324,0.07511,0.02862,0.2122,0.2157,
2.134,0.2988,0.1178,0.08504,0.06407,0.1178,0.04979,0.0215,0.01324,0.07516,0.02864,0.2134,0.2135,
2.136,0.2725,0.1171,0.085,0.06418,0.1174,0.04978,0.0215,0.01438,0.074,0.02863,0.2145,0.2135,
2.137,0.2755,0.1159,0.08516,0.06446,0.1169,0.04989,0.02229,0.0145,0.07333,0.02869,0.2149,0.214,
2.142,0.2714,0.1153,0.0853,0.06458,0.1159,0.04699,0.02226,0.01447,0.07323,0.03418,0.2113,0.2166,
2.142,0.2829,0.1152,0.08529,0.06479,0.1155,0.04633,0.02227,0.0152,0.07309,0.03366,0.2114,0.2173,
2.142,0.2938,0.1152,0.08534,0.06498,0.1147,0.04637,0.02229,0.0152,0.07314,0.03367,0.2115,0.2175,
2.14,0.2937,0.1151,0.08504,0.06538,0.1147,0.04525,0.02229,0.0152,0.0737,0.03311,0.2115,0.2187,
2.14,0.289,0.1145,0.08535,0.06562,0.1137,0.04533,0.02232,0.01522,0.07383,0.03317,0.2119,0.2191,
2.141,0.2907,0.1194,0.08511,0.06573,0.1134,0.04529,0.0223,0.01574,0.07558,0.03078,0.2139,0.2127,
