entropy,entropyInd,RabA,RabB,RabC,RabD,RabE,RabF,RabG,RabH,RabI,xER,xPM,
0.8684,0.4196,0.0113,0.008895,0.009409,0.01005,0.007531,0.004842,0.003547,0.005856,0.008246,0.1865,0.7438,
0.8667,0.4092,0.01082,0.008874,0.009409,0.01004,0.007484,0.004842,0.003547,0.005857,0.008453,0.1863,0.7444,
0.8669,0.4095,0.01071,0.008867,0.009402,0.01002,0.007429,0.004839,0.003545,0.005853,0.008549,0.1868,0.744,
0.8655,0.4075,0.0105,0.008849,0.009402,0.01002,0.007357,0.004835,0.00354,0.005853,0.008549,0.1868,0.7443,
0.8652,0.404,0.01046,0.008848,0.009402,0.009989,0.007357,0.004835,0.00354,0.005852,0.008549,0.1868,0.7444,
0.8641,0.3791,0.0102,0.008812,0.009402,0.009975,0.007357,0.004835,0.00354,0.005852,0.00861,0.1867,0.7447,
0.8631,0.3872,0.01008,0.008763,0.0094,0.009971,0.00731,0.004835,0.00354,0.005853,0.00861,0.1867,0.7449,
0.8621,0.3829,0.009875,0.008729,0.009397,0.009969,0.007297,0.004835,0.00354,0.005853,0.00861,0.1868,0.7451,
0.8613,0.3802,0.009868,0.008713,0.009396,0.009947,0.007189,0.004827,0.003535,0.005853,0.00861,0.1868,0.7453,
0.8592,0.378,0.00946,0.00867,0.009395,0.009919,0.007188,0.004827,0.003535,0.005853,0.00861,0.1868,0.7458,
0.8578,0.3827,0.0092,0.008665,0.009345,0.009894,0.007189,0.004827,0.003535,0.005853,0.00861,0.1868,0.7461,
0.8574,0.3783,0.0092,0.008637,0.00927,0.009866,0.007138,0.004827,0.003534,0.005853,0.008771,0.1866,0.7463,
0.8607,0.3776,0.009477,0.008634,0.009266,0.009841,0.007137,0.004826,0.003534,0.005852,0.009424,0.1861,0.7459,
0.8598,0.375,0.009363,0.008634,0.009265,0.009777,0.007118,0.004821,0.003534,0.005852,0.009425,0.1861,0.7461,
0.8603,0.3879,0.009357,0.008628,0.009259,0.009771,0.007113,0.004818,0.003532,0.005848,0.009419,0.1867,0.7456,
0.8595,0.3778,0.009292,0.008571,0.009246,0.009732,0.00711,0.004818,0.003531,0.005848,0.009406,0.1867,0.7458,
0.8583,0.3793,0.009024,0.008564,0.009245,0.009732,0.00711,0.004818,0.003531,0.005848,0.009406,0.1867,0.746,
0.8581,0.3824,0.009024,0.008564,0.009244,0.009725,0.007092,0.004813,0.003527,0.005848,0.009404,0.1867,0.7461,
0.8578,0.3827,0.009006,0.008557,0.009243,0.009721,0.007049,0.004814,0.003527,0.005848,0.009404,0.1867,0.7461,
0.857,0.3751,0.009006,0.008557,0.009242,0.009686,0.006912,0.004808,0.003526,0.005847,0.009404,0.1867,0.7463,
0.8569,0.3626,0.008808,0.008546,0.009199,0.009672,0.006767,0.004805,0.003525,0.005845,0.009852,0.1866,0.7464,
0.8557,0.3656,0.008657,0.008502,0.009196,0.009651,0.006717,0.004793,0.00352,0.005844,0.009852,0.1866,0.7466,
0.8541,0.3663,0.008393,0.008502,0.009196,0.009651,0.006636,0.004793,0.00352,0.005844,0.009852,0.1866,0.747,
0.8529,0.3681,0.008241,0.0085,0.009192,0.009623,0.006588,0.004782,0.003513,0.005836,0.009852,0.1866,0.7472,
0.8544,0.3602,0.008272,0.008499,0.009169,0.009603,0.006582,0.004782,0.003512,0.005835,0.01038,0.1861,0.7472,
0.854,0.3616,0.008272,0.008484,0.009141,0.009603,0.006552,0.004774,0.003503,0.005836,0.01038,0.1861,0.7473,
0.8522,0.3618,0.007911,0.008459,0.009118,0.009568,0.006481,0.004772,0.003501,0.005832,0.01038,0.1866,0.7474,
0.8521,0.3602,0.007909,0.008456,0.009118,0.009558,0.006481,0.004772,0.003501,0.005832,0.01038,0.1866,0.7474,
0.8532,0.3626,0.007973,0.008456,0.009118,0.009551,0.00642,0.004771,0.003501,0.005832,0.01077,0.1862,0.7474,
0.8532,0.3578,0.007971,0.008452,0.009117,0.009543,0.00642,0.004771,0.003501,0.005832,0.01077,0.1862,0.7474,
0.8529,0.3586,0.007971,0.008452,0.009117,0.009543,0.006363,0.004767,0.003501,0.005832,0.01077,0.1862,0.7475,
0.8528,0.3657,0.007968,0.008444,0.009127,0.009529,0.006397,0.004713,0.00352,0.006043,0.01052,0.1862,0.7476,
0.8524,0.3693,0.007816,0.008457,0.009129,0.009638,0.006318,0.004684,0.00355,0.006559,0.009977,0.1862,0.7477,
0.8522,0.365,0.007766,0.008462,0.009113,0.009645,0.006318,0.004703,0.00355,0.006651,0.009866,0.1862,0.7477,
0.8554,0.378,0.007925,0.008448,0.009112,0.009626,0.006312,0.004736,0.003547,0.006966,0.01002,0.1864,0.7469,
0.8558,0.3822,0.007935,0.008443,0.009126,0.00966,0.006257,0.004705,0.003566,0.007146,0.01001,0.1862,0.7469,
0.8559,0.3761,0.007838,0.008429,0.009137,0.009724,0.00631,0.004668,0.003565,0.00743,0.009707,0.1864,0.7468,
0.8564,0.3841,0.007878,0.00841,0.009153,0.009681,0.00631,0.004621,0.003564,0.00769,0.009608,0.1864,0.7467,
0.8562,0.3672,0.007866,0.008408,0.009165,0.00967,0.006263,0.004621,0.003638,0.007659,0.009565,0.1864,0.7468,
0.8562,0.3632,0.00786,0.008391,0.009187,0.009655,0.006301,0.004584,0.003707,0.007656,0.009499,0.1864,0.7468,
0.8581,0.377,0.008017,0.008383,0.009206,0.009644,0.006272,0.004565,0.003706,0.007944,0.009673,0.1859,0.7467,
0.8598,0.3746,0.008073,0.008383,0.009208,0.009616,0.006296,0.004542,0.003711,0.008029,0.009845,0.1863,0.746,
0.8601,0.3774,0.00805,0.008395,0.009211,0.009631,0.006245,0.004515,0.003706,0.008518,0.009499,0.1862,0.746,
0.8596,0.3739,0.008046,0.008387,0.009216,0.009624,0.006186,0.004513,0.003705,0.008594,0.009386,0.1862,0.7461,
0.8602,0.3699,0.008026,0.008384,0.009179,0.009624,0.006158,0.004495,0.003736,0.008656,0.00965,0.1859,0.7462,
0.8604,0.3766,0.007923,0.008383,0.009182,0.009683,0.006175,0.004504,0.003705,0.008749,0.009551,0.1862,0.746,
0.8584,0.3858,0.007873,0.008392,0.009144,0.009657,0.008694,0.001982,0.003723,0.008913,0.00951,0.1862,0.7459,
0.8578,0.375,0.007799,0.008395,0.00915,0.009645,0.008695,0.001983,0.00376,0.008917,0.009398,0.1862,0.7461,
0.8562,0.3802,0.007501,0.008391,0.009162,0.009666,0.008625,0.001983,0.00376,0.009027,0.009288,0.1862,0.7464,
0.856,0.3861,0.007449,0.008386,0.009171,0.009655,0.008625,0.001982,0.00376,0.009226,0.00909,0.1862,0.7465,
0.8567,0.3853,0.00765,0.008384,0.009174,0.009677,0.008478,0.001978,0.003755,0.009244,0.009192,0.1861,0.7464,
0.8582,0.3723,0.007685,0.008371,0.009187,0.009645,0.008478,0.001958,0.00375,0.009318,0.009659,0.1855,0.7464,
0.858,0.3714,0.007573,0.008368,0.009188,0.009638,0.008473,0.00405,0.001654,0.009375,0.009589,0.1861,0.746,
0.8573,0.3586,0.007564,0.008334,0.009201,0.009639,0.008396,0.004032,0.00163,0.009462,0.009502,0.1861,0.7461,
0.855,0.3603,0.007486,0.008345,0.009211,0.00961,0.007981,0.004024,0.001625,0.009463,0.009503,0.1861,0.7467,
0.8544,0.3517,0.007444,0.008341,0.009226,0.009641,0.007857,0.004045,0.001618,0.009507,0.009444,0.1861,0.7468,
0.8534,0.3708,0.007381,0.008342,0.009184,0.009636,0.007779,0.004045,0.001617,0.009637,0.009239,0.1862,0.747,
0.8527,0.3696,0.007301,0.008297,0.00919,0.009636,0.007655,0.004045,0.001679,0.009678,0.009267,0.1861,0.7472,
0.8515,0.377,0.007172,0.008297,0.009125,0.00967,0.007576,0.004032,0.001667,0.009837,0.009109,0.1861,0.7474,
0.8463,0.382,0.007083,0.008308,0.009129,0.009702,0.007475,0.004005,0.001916,0.009708,0.00743,0.1876,0.7476,
0.8472,0.383,0.007029,0.008301,0.009148,0.009751,0.007523,0.003987,0.00193,0.009686,0.008002,0.1864,0.7483,
0.8462,0.3772,0.006988,0.008274,0.009082,0.009786,0.007404,0.003997,0.001928,0.009778,0.007895,0.1864,0.7485,
0.8482,0.377,0.00714,0.008283,0.009086,0.009752,0.007316,0.003991,0.001928,0.01,0.008252,0.1858,0.7485,
0.8516,0.3841,0.007622,0.008284,0.009091,0.009736,0.007316,0.003992,0.001928,0.01043,0.008252,0.1854,0.748,
0.8514,0.3762,0.007599,0.008274,0.009103,0.009714,0.007316,0.004007,0.001913,0.01048,0.008202,0.1854,0.748,
0.8519,0.3815,0.00774,0.008267,0.009112,0.009688,0.007308,0.004008,0.001954,0.01056,0.008064,0.1854,0.7479,
0.852,0.3967,0.007811,0.00826,0.009127,0.009688,0.00726,0.004008,0.001954,0.01061,0.008011,0.1854,0.7479,
0.8541,0.3834,0.007891,0.008257,0.009118,0.009626,0.007253,0.004024,0.001931,0.01066,0.008294,0.1858,0.7471,
0.8544,0.3855,0.007716,0.008225,0.009101,0.009583,0.007212,0.004041,0.001957,0.01088,0.008478,0.1857,0.7471,
0.8533,0.3641,0.007553,0.008198,0.009078,0.009579,0.007062,0.004039,0.002002,0.01096,0.008342,0.1861,0.7471,
0.8518,0.3794,0.007475,0.0082,0.009082,0.009579,0.008139,0.002909,0.002006,0.01109,0.008221,0.186,0.7473,
0.8514,0.3708,0.007459,0.008207,0.009042,0.009579,0.008139,0.002909,0.002025,0.01159,0.007709,0.186,0.7473,
0.8508,0.3691,0.007378,0.008214,0.009047,0.009647,0.00801,0.002924,0.00201,0.01163,0.007668,0.186,0.7474,
0.8501,0.3628,0.007265,0.008204,0.00906,0.009646,0.007986,0.00293,0.00201,0.01165,0.007616,0.1861,0.7476,
0.849,0.3648,0.007029,0.008202,0.009071,0.00964,0.00797,0.002926,0.002039,0.01162,0.007615,0.1861,0.7478,
0.8486,0.3656,0.006943,0.008213,0.009081,0.00964,0.007988,0.002927,0.00202,0.01162,0.007615,0.1861,0.7479,
0.8474,0.3636,0.007042,0.008208,0.009087,0.009626,0.007772,0.002908,0.00208,0.01164,0.00741,0.186,0.7482,
0.846,0.3674,0.006924,0.008206,0.009054,0.009625,0.007609,0.002904,0.00208,0.01164,0.007409,0.1861,0.7485,
0.8454,0.3728,0.006836,0.008198,0.00906,0.009605,0.007486,0.002875,0.002099,0.01162,0.007553,0.186,0.7486,
0.8464,0.3683,0.006897,0.008182,0.009069,0.009589,0.00737,0.00285,0.002097,0.01162,0.007899,0.186,0.7484,
0.8446,0.3735,0.006646,0.008182,0.009028,0.009708,0.007184,0.002869,0.002079,0.01171,0.007804,0.186,0.7488,
0.843,0.3876,0.006644,0.008169,0.009036,0.0097,0.008318,0.001516,0.002108,0.01168,0.008132,0.1857,0.749,
0.8435,0.3866,0.006613,0.008165,0.009038,0.009717,0.008162,0.002138,0.001588,0.01178,0.008142,0.1859,0.7488,
0.843,0.3676,0.006605,0.008167,0.009004,0.009711,0.008105,0.00215,0.001619,0.01174,0.00811,0.1859,0.7489,
0.8422,0.3902,0.006592,0.008172,0.009012,0.009654,0.007959,0.002145,0.001679,0.01184,0.007941,0.1859,0.7491,
0.8414,0.3777,0.00659,0.008174,0.009013,0.009624,0.007832,0.002163,0.001653,0.0119,0.00789,0.1859,0.7492,
0.8434,0.3797,0.006754,0.008187,0.009017,0.00971,0.007863,0.002108,0.001653,0.01197,0.008138,0.1856,0.749,
0.8433,0.367,0.006736,0.008176,0.009028,0.009685,0.007863,0.002108,0.001712,0.01198,0.008067,0.1856,0.749,
0.8435,0.3701,0.006876,0.008172,0.009036,0.009688,0.007719,0.002133,0.001687,0.01224,0.007898,0.1855,0.749,
0.8421,0.3683,0.006741,0.008145,0.009045,0.009653,0.007536,0.002116,0.001721,0.01239,0.007824,0.1854,0.7494,
0.8409,0.3721,0.006707,0.008151,0.009049,0.009632,0.007362,0.002081,0.001814,0.01254,0.007581,0.1854,0.7497,
0.8443,0.4558,0.00659,0.008147,0.009063,0.009711,0.007362,0.002081,0.009782,0.004573,0.00758,0.1854,0.7497,
0.8442,0.4451,0.006512,0.008149,0.009063,0.009728,0.007314,0.002126,0.009684,0.00457,0.007575,0.1859,0.7494,
0.8434,0.3825,0.006407,0.008144,0.009077,0.009701,0.007383,0.002108,0.009671,0.004602,0.007453,0.1859,0.7496,
0.8426,0.3921,0.006432,0.008132,0.009084,0.009676,0.007204,0.00209,0.009746,0.004648,0.007391,0.1858,0.7498,
0.8421,0.381,0.006425,0.008137,0.009086,0.009662,0.007091,0.002103,0.00977,0.00483,0.007171,0.1858,0.7499,
0.8459,0.3801,0.006657,0.008102,0.009006,0.009579,0.00695,0.002115,0.009784,0.004921,0.008053,0.1855,0.7493,
0.8458,0.3798,0.006594,0.008102,0.009011,0.009563,0.006977,0.002085,0.009782,0.00507,0.007901,0.1857,0.7492,
0.8445,0.386,0.00644,0.00811,0.009019,0.009592,0.006807,0.002066,0.0098,0.005278,0.007674,0.1857,0.7495,
0.8422,0.3993,0.006285,0.008112,0.008955,0.009643,0.007565,0.001241,0.009844,0.005278,0.007631,0.1857,0.7497,
0.8433,0.3936,0.006466,0.008109,0.008963,0.009581,0.007496,0.00123,0.009879,0.005462,0.007669,0.1855,0.7497,
0.8435,0.3923,0.006459,0.008108,0.008966,0.009564,0.007494,0.001288,0.009874,0.005488,0.007583,0.1857,0.7495,
0.8429,0.3913,0.006375,0.008107,0.008969,0.009633,0.007394,0.001306,0.009855,0.005775,0.007234,0.1858,0.7496,
0.8418,0.3927,0.006233,0.008102,0.008979,0.009622,0.007325,0.001297,0.009833,0.005775,0.007286,0.1857,0.7499,
0.8399,0.3859,0.006044,0.008089,0.008943,0.009578,0.007237,0.001248,0.009851,0.005808,0.007233,0.1857,0.7503,
0.8389,0.3783,0.005992,0.00809,0.008951,0.009534,0.007099,0.001266,0.009832,0.005841,0.0072,0.1857,0.7505,
0.8345,0.3781,0.005974,0.008086,0.008951,0.009518,0.006317,0.001215,0.009829,0.005917,0.007087,0.1857,0.7514,
0.8392,0.3803,0.006284,0.008079,0.008967,0.00951,0.006213,0.001218,0.009817,0.006307,0.007819,0.1846,0.7512,
0.8385,0.3701,0.006256,0.008084,0.008975,0.009497,0.006093,0.001217,0.009817,0.006369,0.007757,0.1846,0.7513,
0.8389,0.3706,0.006473,0.008082,0.008988,0.009452,0.005981,0.001217,0.009836,0.006453,0.007655,0.1846,0.7512,
0.8371,0.3815,0.006194,0.00807,0.008998,0.009447,0.0059,0.001217,0.009855,0.006434,0.007655,0.1846,0.7516,
0.8367,0.3835,0.006182,0.008076,0.009003,0.009432,0.005827,0.001217,0.009855,0.006576,0.007514,0.1846,0.7517,
0.837,0.3724,0.006043,0.008072,0.008999,0.009407,0.00582,0.001216,0.009862,0.00655,0.007506,0.1856,0.751,
0.8369,0.3796,0.006008,0.008068,0.009007,0.009438,0.00584,0.001241,0.009842,0.006525,0.007467,0.1856,0.751,
0.8359,0.3977,0.00588,0.008063,0.009022,0.009494,0.005712,0.001226,0.009867,0.00657,0.007397,0.1856,0.7512,
0.8347,0.3804,0.005714,0.008059,0.009007,0.00948,0.005647,0.001281,0.009812,0.00664,0.007327,0.1856,0.7514,
0.8344,0.3826,0.005709,0.008042,0.009014,0.009453,0.005624,0.00128,0.009812,0.006881,0.007087,0.1856,0.7515,
0.8331,0.3794,0.005785,0.008034,0.009018,0.009468,0.00516,0.001304,0.009766,0.006945,0.007203,0.1854,0.7519,
0.833,0.3851,0.00578,0.008031,0.009023,0.009457,0.005176,0.001307,0.009747,0.007044,0.007105,0.1854,0.7519,
0.8329,0.3843,0.005701,0.008026,0.009027,0.009516,0.00513,0.001361,0.009724,0.007049,0.007064,0.1855,0.7519,
0.8342,0.3823,0.005916,0.008018,0.009038,0.009488,0.005125,0.001375,0.009744,0.007193,0.006986,0.1854,0.7517,
0.834,0.3836,0.005911,0.008011,0.009051,0.009474,0.00511,0.001386,0.009808,0.007191,0.006906,0.1854,0.7517,
0.8335,0.3841,0.005891,0.007994,0.009061,0.009481,0.005024,0.001376,0.009859,0.007317,0.006727,0.1855,0.7517,
0.8334,0.3856,0.005889,0.007988,0.009046,0.009481,0.005024,0.001403,0.00989,0.007366,0.006619,0.1855,0.7518,
0.8338,0.394,0.005803,0.007992,0.00905,0.009467,0.005023,0.001436,0.0099,0.00732,0.00678,0.1855,0.7517,
0.8344,0.4007,0.005727,0.007983,0.009061,0.009467,0.005033,0.002003,0.009387,0.007366,0.006672,0.1855,0.7518,
0.8352,0.4056,0.005657,0.007978,0.00907,0.009464,0.005061,0.002019,0.009369,0.007616,0.006659,0.1855,0.7517,
0.8348,0.3956,0.005655,0.00797,0.009027,0.009421,0.005061,0.002018,0.009384,0.007807,0.006453,0.1855,0.7517,
0.8364,0.3779,0.005729,0.007939,0.008988,0.00948,0.005018,0.002033,0.009384,0.007792,0.006922,0.185,0.7517,
0.8363,0.3847,0.005728,0.007934,0.008995,0.009466,0.005036,0.002035,0.009365,0.008079,0.006636,0.185,0.7517,
0.8367,0.3824,0.005624,0.007918,0.008959,0.00946,0.004988,0.002063,0.009343,0.008179,0.006713,0.1853,0.7514,
0.8374,0.3781,0.005571,0.007909,0.008966,0.009452,0.00495,0.002096,0.00931,0.008533,0.006716,0.185,0.7515,
0.8384,0.4367,0.005555,0.007905,0.008969,0.009372,0.004948,0.007821,0.003611,0.008693,0.006464,0.1851,0.7516,
0.8382,0.4348,0.005545,0.00789,0.008978,0.009359,0.004963,0.007879,0.003589,0.008743,0.006362,0.1851,0.7516,
0.8381,0.4345,0.005533,0.007882,0.008984,0.009359,0.004982,0.007859,0.003589,0.008743,0.006362,0.1851,0.7516,
0.8377,0.3901,0.005433,0.007884,0.008988,0.009354,0.004999,0.007887,0.003613,0.008734,0.006302,0.1851,0.7517,
0.8397,0.392,0.005549,0.007886,0.00899,0.009323,0.004983,0.007866,0.003603,0.008824,0.006667,0.1849,0.7514,
0.8393,0.3803,0.005533,0.007861,0.008979,0.009336,0.00501,0.007838,0.003628,0.008905,0.006492,0.1849,0.7515,
0.8387,0.3683,0.005412,0.007861,0.008947,0.009372,0.005029,0.00782,0.003628,0.009023,0.006375,0.1849,0.7516,
0.8385,0.3695,0.005405,0.007857,0.008947,0.009338,0.005048,0.007878,0.003581,0.009025,0.006343,0.185,0.7516,
0.8403,0.3679,0.005454,0.007856,0.008941,0.009308,0.005004,0.007894,0.00356,0.009,0.006712,0.1852,0.7511,
0.8397,0.3721,0.005441,0.007863,0.008902,0.009308,0.00499,0.007909,0.003537,0.009274,0.006369,0.1853,0.7511,
0.8396,0.3759,0.005419,0.007851,0.008911,0.009301,0.004971,0.00788,0.003492,0.009338,0.006451,0.1852,0.7512,
0.8392,0.3702,0.005406,0.007851,0.008916,0.009255,0.00496,0.007904,0.003477,0.00932,0.006446,0.1852,0.7513,
0.8402,0.3773,0.005479,0.007851,0.008921,0.009241,0.00496,0.007923,0.003457,0.009351,0.006622,0.185,0.7512,
0.8402,0.383,0.005414,0.007846,0.00893,0.009302,0.005023,0.00789,0.003428,0.009351,0.006622,0.185,0.7512,
0.8399,0.3809,0.005406,0.007845,0.008935,0.009262,0.004995,0.00788,0.003513,0.009421,0.006466,0.185,0.7513,
0.8398,0.3791,0.005404,0.007843,0.008939,0.009262,0.004995,0.00788,0.003513,0.009479,0.006407,0.185,0.7513,
0.8398,0.3844,0.005396,0.007828,0.00895,0.009239,0.005006,0.007936,0.003444,0.009595,0.006288,0.1852,0.7511,
0.8392,0.38,0.005308,0.007817,0.008913,0.009258,0.005005,0.008026,0.003437,0.009627,0.006173,0.1852,0.7512,
0.8386,0.3914,0.005179,0.007814,0.008918,0.009319,0.004982,0.008044,0.00345,0.009856,0.005913,0.1852,0.7513,
0.8422,0.3799,0.005369,0.007804,0.008924,0.009265,0.004935,0.00804,0.003481,0.00982,0.006735,0.1847,0.751,
0.8451,0.3788,0.005428,0.007783,0.008894,0.009213,0.004941,0.008037,0.003473,0.009859,0.007256,0.185,0.7501,
0.8456,0.3694,0.005557,0.007772,0.008907,0.009198,0.004888,0.008058,0.003493,0.00987,0.007258,0.185,0.75,
0.8453,0.3638,0.005476,0.007771,0.008918,0.009198,0.004923,0.008039,0.003454,0.009929,0.007263,0.1849,0.7501,
0.8436,0.4138,0.005471,0.007768,0.008926,0.009168,0.009728,0.004297,0.002392,0.01,0.007189,0.1849,0.7502,
0.8424,0.4016,0.005313,0.007726,0.008936,0.009177,0.009724,0.004349,0.002321,0.01014,0.007011,0.185,0.7503,
0.8422,0.3996,0.005307,0.007719,0.008949,0.009163,0.009812,0.004279,0.002321,0.01024,0.006893,0.185,0.7504,
0.842,0.3994,0.005275,0.007706,0.008953,0.009158,0.009812,0.0043,0.002301,0.0103,0.006836,0.185,0.7504,
0.8427,0.3718,0.005372,0.007701,0.008899,0.009134,0.009856,0.004357,0.0022,0.01046,0.006889,0.1848,0.7504,
0.8428,0.3939,0.005364,0.007703,0.008904,0.00912,0.009874,0.004354,0.002347,0.01038,0.006802,0.1848,0.7504,
0.8424,0.3773,0.005277,0.007688,0.00892,0.009115,0.009911,0.004353,0.002371,0.01032,0.006802,0.1848,0.7505,
0.8424,0.3765,0.005302,0.00768,0.008931,0.009069,0.009935,0.004345,0.002326,0.01036,0.006814,0.1848,0.7504,
0.8431,0.3768,0.005383,0.007669,0.00894,0.009067,0.00995,0.004347,0.002326,0.01043,0.006762,0.1849,0.7502,
0.8442,0.3776,0.005483,0.007667,0.008946,0.009067,0.009969,0.004343,0.002366,0.01042,0.00689,0.1848,0.7501,
0.8439,0.3894,0.005391,0.007677,0.00895,0.009067,0.01001,0.004306,0.002431,0.01036,0.00689,0.1848,0.7501,
0.8453,0.3758,0.005386,0.007663,0.008951,0.009056,0.01,0.004304,0.00243,0.01035,0.007211,0.1849,0.7498,
0.8456,0.3749,0.005342,0.007672,0.008959,0.009056,0.01001,0.004258,0.002426,0.01054,0.007265,0.1846,0.7499,
0.8456,0.3774,0.005228,0.00767,0.008923,0.009088,0.01,0.004244,0.002408,0.01054,0.007492,0.1844,0.75,
0.8454,0.3684,0.005211,0.007675,0.008936,0.009088,0.009979,0.004258,0.002393,0.01054,0.007492,0.1844,0.75,
0.845,0.3736,0.005185,0.007676,0.008943,0.009106,0.009929,0.004229,0.002393,0.01074,0.007291,0.1844,0.7501,
0.8447,0.3866,0.005073,0.007667,0.008949,0.009101,0.009906,0.004241,0.002373,0.01077,0.007254,0.1848,0.7499,
0.8453,0.3775,0.005242,0.007666,0.008958,0.009087,0.00985,0.004202,0.002374,0.01076,0.007323,0.1847,0.7498,
0.8445,0.3849,0.005166,0.00765,0.008963,0.009087,0.009815,0.004155,0.002427,0.01099,0.007047,0.1848,0.7499,
0.8437,0.3872,0.005154,0.007658,0.008966,0.009087,0.00965,0.00417,0.002412,0.01108,0.006939,0.1848,0.7501,
0.8422,0.3897,0.004939,0.007655,0.008976,0.009102,0.009555,0.004192,0.002394,0.01116,0.006835,0.1848,0.7504,
0.8442,0.3858,0.00514,0.007638,0.008985,0.009094,0.009477,0.004171,0.002416,0.01116,0.007296,0.1843,0.7503,
0.8439,0.3831,0.00514,0.007622,0.009001,0.009072,0.009433,0.004211,0.002375,0.01116,0.007296,0.1843,0.7504,
0.8458,0.3785,0.005286,0.007612,0.008976,0.009074,0.00934,0.0042,0.002441,0.01112,0.007617,0.1843,0.75,
0.8442,0.3868,0.004921,0.007609,0.008987,0.009115,0.009383,0.004176,0.002477,0.01119,0.007494,0.1843,0.7503,
0.8452,0.3787,0.004911,0.007594,0.00899,0.009081,0.009383,0.004142,0.002476,0.0113,0.00772,0.1843,0.7501,
0.8442,0.3801,0.004826,0.007585,0.009002,0.009027,0.00933,0.004158,0.002431,0.0113,0.007719,0.1843,0.7503,
0.844,0.3907,0.004808,0.007556,0.009002,0.008986,0.009335,0.004138,0.00243,0.01133,0.007681,0.1846,0.7501,
0.8429,0.4136,0.004765,0.007544,0.008977,0.008957,0.009347,0.004036,0.002424,0.01158,0.00743,0.1846,0.7503,
0.8448,0.3786,0.004939,0.007531,0.008985,0.008954,0.0092,0.00403,0.00252,0.01155,0.007758,0.1845,0.7501,
0.8441,0.3801,0.00493,0.007528,0.008923,0.008927,0.009158,0.00404,0.002503,0.01167,0.007618,0.1846,0.7502,
0.8441,0.3828,0.004966,0.007533,0.008932,0.008924,0.00909,0.004046,0.002481,0.01166,0.007676,0.1845,0.7502,
0.844,0.3837,0.004924,0.007531,0.008937,0.008948,0.009102,0.004034,0.002481,0.01168,0.007658,0.1845,0.7502,
0.8439,0.3843,0.004897,0.007535,0.008944,0.00895,0.009102,0.004067,0.002448,0.01172,0.007618,0.1845,0.7502,
0.8438,0.3866,0.005015,0.007536,0.008913,0.008899,0.008898,0.004043,0.002448,0.01185,0.007714,0.1843,0.7503,
0.8428,0.3977,0.005008,0.00753,0.008911,0.008871,0.008784,0.003991,0.002448,0.0119,0.007647,0.1843,0.7506,
0.8428,0.3925,0.004999,0.007526,0.008918,0.008855,0.008763,0.003985,0.002462,0.012,0.007532,0.1845,0.7504,
0.8415,0.3979,0.004922,0.00751,0.008878,0.008835,0.00874,0.003929,0.002462,0.01222,0.007309,0.1845,0.7507,
0.842,0.3997,0.004983,0.007489,0.008846,0.008835,0.008694,0.003948,0.002458,0.01231,0.007393,0.1844,0.7507,
0.842,0.3976,0.005013,0.007478,0.00886,0.008807,0.008633,0.003944,0.002458,0.01233,0.007477,0.1843,0.7507,
0.8418,0.4005,0.004901,0.007477,0.008868,0.008807,0.008633,0.003944,0.002476,0.01239,0.007487,0.1842,0.7508,
0.8427,0.3982,0.005002,0.007473,0.008872,0.008794,0.008605,0.00394,0.002476,0.0128,0.007344,0.1839,0.7508,
0.8436,0.3961,0.005066,0.007454,0.008868,0.008795,0.00855,0.003955,0.002475,0.01285,0.007332,0.1844,0.7502,
0.8439,0.4218,0.005164,0.007449,0.00882,0.00878,0.00855,0.003974,0.002456,0.01298,0.007244,0.1844,0.7502,
0.8447,0.4061,0.005196,0.007441,0.008786,0.008772,0.008517,0.004315,0.002186,0.01315,0.007402,0.184,0.7503,
0.8443,0.401,0.005181,0.007431,0.008796,0.008758,0.008508,0.004277,0.002205,0.01316,0.007368,0.184,0.7504,
0.8449,0.3881,0.00529,0.007423,0.008808,0.008704,0.008526,0.004259,0.002204,0.01323,0.007402,0.1839,0.7503,
0.8392,0.3894,0.005288,0.007393,0.008803,0.008674,0.007408,0.004258,0.00218,0.01335,0.007258,0.1839,0.7515,
0.8404,0.4082,0.005298,0.007371,0.008805,0.008658,0.007418,0.004282,0.002165,0.01339,0.00734,0.1843,0.7509,
0.84,0.3994,0.005231,0.007363,0.008815,0.008658,0.007418,0.004282,0.002165,0.01353,0.007208,0.1843,0.751,
0.8378,0.3912,0.004947,0.007366,0.00882,0.008648,0.007314,0.004234,0.002164,0.01353,0.007207,0.1843,0.7514,
0.8374,0.3952,0.004935,0.007358,0.008827,0.008635,0.007269,0.004221,0.002159,0.01358,0.007151,0.1843,0.7515,
0.8363,0.3877,0.004896,0.007348,0.00883,0.008651,0.007062,0.004222,0.002192,0.01363,0.007068,0.1843,0.7518,
0.8355,0.3803,0.004785,0.007348,0.008832,0.008651,0.007074,0.004224,0.002177,0.0139,0.006803,0.1843,0.7519,
0.8338,0.3887,0.004781,0.007343,0.008841,0.008651,0.008849,0.002412,0.002247,0.01388,0.006754,0.1843,0.7519,
0.8336,0.3933,0.004781,0.007328,0.008856,0.008651,0.008839,0.002375,0.002284,0.01387,0.00672,0.1843,0.752,
0.836,0.3695,0.004888,0.007321,0.008867,0.008673,0.008818,0.002434,0.002237,0.01401,0.007165,0.1837,0.7518,
0.8362,0.3698,0.004875,0.007323,0.008865,0.008654,0.008723,0.002456,0.002266,0.01397,0.007142,0.1842,0.7515,
0.8355,0.3598,0.004619,0.007316,0.008826,0.008639,0.008729,0.002427,0.002244,0.01405,0.007425,0.1839,0.7518,
0.8378,0.3579,0.00467,0.007311,0.008833,0.008651,0.008723,0.002408,0.002269,0.0141,0.008039,0.1832,0.7518,
0.8401,0.3863,0.004734,0.007302,0.008831,0.008627,0.008723,0.002403,0.002303,0.01409,0.008318,0.1837,0.751,
0.8411,0.3746,0.004802,0.007308,0.008833,0.00861,0.008707,0.002401,0.002346,0.01405,0.00842,0.1838,0.7507,
0.8445,0.3654,0.004798,0.007297,0.008773,0.008559,0.008716,0.002392,0.004211,0.01229,0.008777,0.1834,0.7508,
0.8459,0.365,0.004754,0.007305,0.008776,0.008621,0.008717,0.002425,0.004252,0.01243,0.008969,0.183,0.7508,
0.8451,0.3749,0.004749,0.007292,0.008792,0.008594,0.008606,0.002424,0.004255,0.0127,0.008681,0.183,0.7509,
0.8443,0.4022,0.004607,0.007279,0.008787,0.008613,0.008618,0.002391,0.004332,0.01266,0.00864,0.183,0.7511,
0.8442,0.3769,0.004605,0.00727,0.008798,0.008591,0.008645,0.00237,0.004381,0.01263,0.008604,0.183,0.7511,
0.8434,0.3668,0.004502,0.007264,0.008797,0.008584,0.00866,0.002332,0.004382,0.01263,0.008604,0.183,0.7512,
0.8428,0.3843,0.004628,0.007256,0.008807,0.008569,0.008595,0.002316,0.004367,0.01275,0.008259,0.1832,0.7512,
0.8434,0.3743,0.004622,0.007242,0.008811,0.008547,0.008622,0.002295,0.004349,0.01285,0.008142,0.1839,0.7506,
0.8427,0.3605,0.004591,0.007247,0.008816,0.008542,0.008611,0.002239,0.004361,0.01285,0.008095,0.1839,0.7508,
0.8446,0.3792,0.004735,0.007242,0.008819,0.00851,0.008567,0.002272,0.00432,0.01303,0.008305,0.1838,0.7504,
0.8441,0.3738,0.004711,0.007245,0.008785,0.008515,0.008568,0.002254,0.00433,0.0131,0.008179,0.1838,0.7505,
0.844,0.3683,0.004711,0.007238,0.008791,0.008515,0.008612,0.002228,0.00434,0.01313,0.008124,0.1838,0.7505,
0.8441,0.3625,0.004728,0.007228,0.008714,0.008455,0.008563,0.002251,0.004424,0.01309,0.008218,0.1838,0.7505,
0.8432,0.364,0.004721,0.007221,0.008717,0.008441,0.008565,0.002251,0.004425,0.01319,0.007948,0.1838,0.7507,
0.8427,0.3757,0.004721,0.007215,0.008723,0.008441,0.00845,0.002285,0.004391,0.01319,0.007948,0.1838,0.7508,
0.8437,0.3707,0.004874,0.0072,0.008731,0.00843,0.008464,0.002271,0.004391,0.01329,0.007986,0.1837,0.7506,
0.8423,0.3686,0.004702,0.007201,0.00874,0.008401,0.008359,0.002271,0.004409,0.01337,0.007885,0.1837,0.7509,
0.8424,0.3875,0.004698,0.007197,0.008744,0.008399,0.008358,0.002297,0.004416,0.01343,0.007791,0.1838,0.7508,
0.842,0.3676,0.004636,0.007196,0.008748,0.008385,0.008382,0.002299,0.004418,0.01353,0.007658,0.1838,0.7509,
0.8422,0.3703,0.004727,0.007187,0.008719,0.00837,0.008325,0.002287,0.004453,0.01354,0.007699,0.1837,0.7509,
0.8425,0.3655,0.004782,0.007174,0.008691,0.008341,0.008284,0.002286,0.004452,0.01354,0.007815,0.1838,0.7508,
0.8422,0.3693,0.00478,0.007162,0.008705,0.008341,0.008196,0.002319,0.004419,0.01354,0.007815,0.1838,0.7509,
0.8409,0.3718,0.004754,0.007157,0.008604,0.00835,0.008087,0.00231,0.004433,0.01386,0.007483,0.1838,0.7512,
0.8423,0.3685,0.004842,0.007153,0.008518,0.008321,0.008074,0.002277,0.00446,0.01402,0.007864,0.1832,0.7512,
0.8407,0.3741,0.004698,0.007149,0.008527,0.008307,0.007979,0.002263,0.004484,0.01419,0.00761,0.1833,0.7515,
0.8394,0.3735,0.004345,0.007139,0.008535,0.00832,0.007984,0.002252,0.0045,0.01432,0.007454,0.1837,0.7514,
0.8392,0.3808,0.004338,0.00713,0.008543,0.008316,0.007995,0.002256,0.004482,0.01448,0.007289,0.1837,0.7514,
0.8384,0.3695,0.004304,0.007126,0.008552,0.008332,0.00792,0.002253,0.004491,0.0145,0.007173,0.1838,0.7515,
0.8382,0.3891,0.004254,0.007119,0.008562,0.008365,0.007939,0.002254,0.004543,0.01462,0.006983,0.1838,0.7516,
0.8371,0.3876,0.004097,0.007116,0.008572,0.00832,0.007941,0.002269,0.004511,0.01469,0.006913,0.1838,0.7518,
0.8366,0.3882,0.004059,0.007101,0.008569,0.008322,0.007907,0.002279,0.004485,0.01469,0.006913,0.1838,0.7519,
0.8366,0.3777,0.004005,0.007092,0.008579,0.008374,0.007917,0.002294,0.004522,0.0147,0.006837,0.1838,0.7519,
0.8363,0.3525,0.003982,0.007105,0.008589,0.008352,0.007905,0.002328,0.004481,0.01477,0.006757,0.1838,0.752,
0.8373,0.3539,0.004048,0.007099,0.008589,0.008339,0.007901,0.002327,0.004498,0.01515,0.006595,0.1837,0.7517,
0.8367,0.3575,0.004047,0.007054,0.008568,0.008339,0.007866,0.002349,0.004447,0.01517,0.006577,0.1837,0.7518,
0.8363,0.3566,0.004046,0.007041,0.008578,0.008304,0.007838,0.002349,0.004446,0.01519,0.00654,0.1837,0.7519,
0.8351,0.3664,0.004045,0.007032,0.008588,0.008305,0.007641,0.002361,0.004435,0.01519,0.006482,0.1838,0.7522,
0.836,0.3553,0.004131,0.007029,0.008596,0.008291,0.007628,0.002363,0.004438,0.01532,0.00654,0.1836,0.7521,
0.8376,0.3542,0.004275,0.007032,0.008549,0.008257,0.007585,0.002345,0.004526,0.01536,0.006858,0.1831,0.7521,
0.8367,0.3682,0.00407,0.007028,0.008545,0.008268,0.007463,0.002358,0.004537,0.01533,0.006836,0.1836,0.7519,
0.8362,0.3666,0.00405,0.007024,0.008552,0.008261,0.007419,0.002343,0.004561,0.01536,0.006787,0.1837,0.752,
0.8357,0.3682,0.00405,0.00701,0.008519,0.008238,0.007405,0.002315,0.004575,0.01534,0.006783,0.1837,0.7521,
0.8352,0.3685,0.004048,0.007,0.00853,0.008196,0.007391,0.002334,0.004647,0.01536,0.006612,0.1837,0.7522,
0.8355,0.3735,0.004069,0.00699,0.008543,0.008186,0.007306,0.002294,0.004679,0.01558,0.006655,0.1834,0.7523,
0.8354,0.3699,0.004064,0.006989,0.008545,0.008161,0.007305,0.00232,0.004704,0.01558,0.006602,0.1834,0.7523,
0.8357,0.3615,0.00414,0.006972,0.008551,0.008134,0.007303,0.002313,0.00469,0.0156,0.006609,0.1835,0.7522,
0.8353,0.3581,0.004131,0.006951,0.008555,0.008116,0.007341,0.002304,0.004694,0.01591,0.00627,0.1835,0.7522,
0.8349,0.3787,0.004129,0.006938,0.00857,0.008102,0.00729,0.002337,0.004711,0.0159,0.006206,0.1835,0.7523,
0.8348,0.3536,0.004126,0.006936,0.00857,0.008065,0.007302,0.002477,0.004585,0.01594,0.006141,0.1835,0.7523,
0.8347,0.3533,0.004122,0.006926,0.00858,0.008064,0.007252,0.002492,0.004569,0.01593,0.006141,0.1836,0.7523,
0.8333,0.3715,0.003962,0.006933,0.008546,0.008129,0.007248,0.002449,0.004569,0.01636,0.005718,0.1836,0.7524,
0.8326,0.3582,0.003888,0.006917,0.008493,0.008129,0.007269,0.002429,0.004569,0.01639,0.005683,0.1836,0.7526,
0.8336,0.3563,0.004006,0.006908,0.008506,0.008158,0.007243,0.002422,0.004601,0.01637,0.005806,0.1835,0.7525,
0.8333,0.3679,0.004003,0.006896,0.008509,0.008154,0.007189,0.00244,0.004615,0.01641,0.005731,0.1835,0.7526,
0.8326,0.3825,0.004003,0.006874,0.008516,0.008155,0.00706,0.004668,0.002415,0.01645,0.005667,0.1835,0.7527,
0.833,0.3775,0.004103,0.006844,0.008524,0.008123,0.006994,0.004659,0.002465,0.01654,0.005686,0.1833,0.7527,
0.8324,0.3777,0.004102,0.006837,0.00849,0.008115,0.006941,0.004676,0.002447,0.01656,0.005648,0.1833,0.7528,
0.8323,0.3944,0.004101,0.006832,0.008491,0.008112,0.006904,0.00465,0.002437,0.01656,0.005646,0.1836,0.7527,
0.8321,0.3502,0.004094,0.006834,0.008495,0.008084,0.006919,0.004635,0.002479,0.01657,0.005552,0.1837,0.7527,
0.8313,0.3608,0.004087,0.006825,0.008503,0.008066,0.006778,0.00465,0.002507,0.01657,0.005509,0.1836,0.7529,
0.8306,0.3625,0.004079,0.006816,0.008516,0.008027,0.00672,0.004658,0.002476,0.01663,0.005454,0.1836,0.753,
0.8298,0.3529,0.003971,0.00681,0.008525,0.008027,0.006667,0.004672,0.002461,0.01666,0.005417,0.1836,0.7531,
0.8289,0.3553,0.003964,0.006791,0.008465,0.008012,0.006623,0.004687,0.002465,0.01689,0.005177,0.1836,0.7533,
0.8295,0.3472,0.004042,0.006787,0.008471,0.008012,0.006569,0.004701,0.002463,0.01707,0.005184,0.1834,0.7533,
0.8298,0.3423,0.004136,0.006749,0.008413,0.007999,0.006599,0.004701,0.002433,0.01707,0.005275,0.1833,0.7533,
0.8312,0.3374,0.004176,0.006727,0.008413,0.007989,0.00662,0.004672,0.00245,0.01704,0.005574,0.1833,0.753,
0.8311,0.3507,0.004169,0.00672,0.008426,0.007967,0.006616,0.004671,0.002449,0.01704,0.005574,0.1833,0.7531,
0.8305,0.3375,0.004053,0.006705,0.008438,0.007969,0.006601,0.004689,0.002413,0.01703,0.005529,0.1836,0.753,
0.831,0.3383,0.004042,0.006707,0.008441,0.008004,0.006611,0.005266,0.001821,0.01709,0.005779,0.1833,0.7529,
0.8331,0.3329,0.004124,0.006702,0.008444,0.007969,0.006592,0.005253,0.00182,0.01712,0.006264,0.1829,0.7528,
0.8306,0.3535,0.00412,0.006665,0.008435,0.007935,0.008998,0.002828,0.001813,0.01712,0.006188,0.183,0.7529,
0.8308,0.3422,0.004114,0.006663,0.008431,0.007909,0.008947,0.002845,0.001827,0.01717,0.006092,0.1834,0.7526,
0.8301,0.3319,0.004093,0.006666,0.008437,0.007912,0.008792,0.002882,0.001789,0.01717,0.006092,0.1834,0.7527,
0.8296,0.3347,0.00409,0.006658,0.008445,0.007902,0.008686,0.002944,0.001831,0.01711,0.006037,0.1834,0.7529,
0.8348,0.4063,0.003814,0.006647,0.00839,0.007931,0.00867,0.002962,0.008811,0.0101,0.005983,0.1835,0.7532,
0.834,0.4042,0.003809,0.006645,0.008397,0.007923,0.008517,0.002966,0.00883,0.01007,0.005984,0.1835,0.7534,
0.8341,0.4027,0.003897,0.006639,0.008363,0.007916,0.008351,0.002943,0.00883,0.01007,0.00622,0.1832,0.7536,
0.8302,0.348,0.003889,0.006625,0.00836,0.0079,0.007568,0.002954,0.008793,0.01019,0.006093,0.1832,0.7544,
0.831,0.3431,0.003898,0.006617,0.008365,0.007905,0.007373,0.002954,0.008848,0.01025,0.006467,0.1828,0.7546,
0.8299,0.3474,0.00386,0.006608,0.008377,0.007897,0.007228,0.002939,0.008933,0.01037,0.006263,0.1828,0.7548,
0.8302,0.3465,0.003818,0.006605,0.008374,0.007926,0.007192,0.002945,0.008919,0.01051,0.006093,0.1833,0.7543,
0.8307,0.3598,0.003946,0.006603,0.008382,0.007897,0.007039,0.00297,0.008915,0.01054,0.006231,0.1831,0.7543,
0.8302,0.3481,0.003928,0.006601,0.008333,0.007874,0.007031,0.002961,0.008917,0.01079,0.005952,0.1833,0.7543,
0.8296,0.3625,0.00392,0.006602,0.008335,0.007838,0.006965,0.002944,0.008953,0.01089,0.005821,0.1833,0.7544,
0.8286,0.3662,0.003913,0.006598,0.008345,0.007807,0.006901,0.00292,0.008953,0.01113,0.005541,0.1833,0.7545,
0.8285,0.3592,0.003899,0.006601,0.008346,0.007801,0.006937,0.002896,0.00896,0.01119,0.005465,0.1834,0.7546,
0.83,0.365,0.003926,0.006593,0.008353,0.007801,0.00694,0.002884,0.009013,0.0111,0.005805,0.1833,0.7543,
0.8294,0.3612,0.003921,0.006591,0.008361,0.007801,0.006866,0.002877,0.009012,0.01112,0.00573,0.1833,0.7544,
0.8283,0.3613,0.003917,0.006593,0.008362,0.007801,0.007878,0.001877,0.009089,0.01105,0.005708,0.1833,0.7544,
0.8276,0.3495,0.003906,0.006596,0.008368,0.00779,0.00785,0.001839,0.009076,0.01109,0.005634,0.1833,0.7545,
0.8293,0.3511,0.004058,0.006577,0.008373,0.007774,0.00787,0.001815,0.009074,0.01115,0.005843,0.1833,0.7542,
0.8297,0.3452,0.004086,0.006571,0.008381,0.007703,0.007846,0.001825,0.009061,0.01127,0.005875,0.1832,0.7541,
0.8293,0.343,0.004079,0.006573,0.008385,0.007661,0.007845,0.001802,0.009061,0.01131,0.005832,0.1833,0.7542,
0.829,0.3483,0.004058,0.00656,0.00839,0.007637,0.007871,0.001773,0.009061,0.01131,0.005831,0.1833,0.7542,
0.8288,0.3397,0.004052,0.006559,0.008394,0.007626,0.007827,0.001773,0.009061,0.01131,0.005831,0.1833,0.7543,
0.8273,0.341,0.003958,0.006559,0.008371,0.007631,0.007618,0.001805,0.009044,0.01134,0.005783,0.1833,0.7546,
0.8265,0.3429,0.003954,0.006557,0.008325,0.007631,0.007504,0.001839,0.008994,0.01137,0.005753,0.1833,0.7548,
0.826,0.3429,0.003947,0.006546,0.00833,0.007629,0.007409,0.001839,0.008994,0.01137,0.005753,0.1833,0.7549,
0.8246,0.3466,0.003935,0.006549,0.008339,0.007629,0.007195,0.001822,0.008976,0.01137,0.005709,0.1833,0.7552,
0.8227,0.3484,0.003884,0.006551,0.008305,0.007629,0.006927,0.001835,0.008943,0.0116,0.005476,0.1833,0.7556,
0.8249,0.3605,0.004003,0.006536,0.008312,0.007614,0.006831,0.00318,0.007584,0.01174,0.005542,0.1831,0.7556,
0.8252,0.3585,0.004149,0.006538,0.008316,0.007614,0.006585,0.003198,0.007566,0.01176,0.005704,0.1829,0.7557,
0.826,0.3547,0.004108,0.006533,0.008317,0.007614,0.006585,0.003198,0.007566,0.01194,0.005866,0.1826,0.7557,
0.8276,0.3788,0.004224,0.006522,0.008322,0.007574,0.006512,0.003903,0.006875,0.01217,0.005962,0.1822,0.7557,
0.8275,0.3685,0.00422,0.006517,0.008328,0.007519,0.006509,0.0045,0.006277,0.01219,0.005925,0.1822,0.7558,
0.8314,0.3614,0.004392,0.006501,0.008332,0.007498,0.006472,0.004457,0.00627,0.01235,0.006527,0.1824,0.7549,
0.8309,0.3624,0.00434,0.006478,0.008311,0.007506,0.006318,0.004454,0.00626,0.01235,0.006488,0.183,0.7545,
0.8307,0.3811,0.00434,0.006466,0.008323,0.007492,0.00628,0.004476,0.006238,0.01238,0.006453,0.183,0.7546,
0.8303,0.384,0.004334,0.006463,0.008332,0.007478,0.00628,0.004476,0.006312,0.01255,0.006174,0.183,0.7546,
0.83,0.3947,0.004277,0.006466,0.008333,0.007472,0.006314,0.004545,0.006261,0.01258,0.006094,0.183,0.7547,
0.8296,0.3818,0.004271,0.006459,0.008345,0.00746,0.006258,0.004565,0.006222,0.01258,0.006093,0.183,0.7547,
0.8292,0.3852,0.004267,0.006453,0.008353,0.007447,0.006205,0.004575,0.006192,0.01258,0.006093,0.183,0.7548,
0.829,0.3812,0.004251,0.006427,0.008365,0.007463,0.006191,0.004586,0.006209,0.01258,0.006054,0.183,0.7549,
0.8326,0.3762,0.004527,0.006407,0.008373,0.007448,0.006191,0.004586,0.006243,0.01255,0.006739,0.1823,0.7546,
0.8332,0.3617,0.004523,0.006395,0.008375,0.007442,0.006205,0.004565,0.006308,0.01262,0.006583,0.1829,0.7541,
0.8329,0.3755,0.004389,0.006377,0.00838,0.007443,0.006177,0.004565,0.007965,0.011,0.006491,0.1829,0.7543,
0.8321,0.3575,0.004267,0.006373,0.008386,0.007434,0.006175,0.004561,0.007989,0.01096,0.006491,0.1829,0.7545,
0.8328,0.3948,0.004337,0.006369,0.00839,0.00741,0.006169,0.004542,0.007989,0.01103,0.006595,0.1827,0.7544,
0.8331,0.3656,0.004363,0.006366,0.008398,0.00736,0.006266,0.00444,0.00799,0.01114,0.006634,0.1826,0.7544,
0.8317,0.3708,0.004361,0.006358,0.008349,0.007346,0.006106,0.004458,0.007971,0.01124,0.006476,0.1826,0.7547,
0.8326,0.3373,0.004467,0.006352,0.008314,0.007333,0.006125,0.004452,0.007951,0.01147,0.006367,0.1828,0.7544,
0.8335,0.3332,0.004431,0.006356,0.008316,0.007283,0.006142,0.00443,0.008003,0.01146,0.00672,0.1824,0.7545,
0.8338,0.3312,0.004424,0.006345,0.008315,0.007275,0.006131,0.004413,0.008017,0.01143,0.006717,0.1828,0.7541,
0.8331,0.3292,0.004422,0.006342,0.008243,0.007275,0.006115,0.004391,0.007996,0.0115,0.00665,0.1828,0.7543,
0.8325,0.3503,0.004418,0.006339,0.00825,0.007275,0.006144,0.004276,0.008014,0.01166,0.006474,0.1828,0.7544,
0.8323,0.3428,0.004406,0.006341,0.008259,0.007262,0.006107,0.004307,0.007973,0.01166,0.006474,0.1828,0.7544,
0.8322,0.3358,0.004402,0.00634,0.008264,0.007262,0.006104,0.00435,0.007934,0.01171,0.006401,0.1828,0.7544,
0.8343,0.3359,0.004554,0.006339,0.008272,0.007283,0.006113,0.004322,0.007907,0.01173,0.006811,0.1824,0.7543,
0.8339,0.3295,0.004552,0.006338,0.008244,0.007283,0.00615,0.004319,0.007916,0.01168,0.006747,0.1824,0.7543,
0.8334,0.3296,0.004392,0.006335,0.008244,0.007267,0.006162,0.004303,0.007913,0.01171,0.006714,0.1827,0.7542,
0.8333,0.3558,0.004391,0.006333,0.008208,0.007254,0.006139,0.004804,0.007411,0.01175,0.006673,0.1828,0.7543,
0.8333,0.3537,0.004421,0.006324,0.008227,0.007307,0.006016,0.004807,0.007392,0.01177,0.006739,0.1827,0.7543,
0.832,0.3499,0.0042,0.006319,0.008234,0.007279,0.006043,0.004779,0.007392,0.0118,0.006709,0.1827,0.7546,
0.8318,0.3515,0.004152,0.006313,0.008241,0.007304,0.006021,0.004787,0.007469,0.01185,0.006556,0.1827,0.7546,
0.8304,0.3533,0.003993,0.006308,0.00825,0.007283,0.005957,0.004808,0.007447,0.01213,0.006271,0.1828,0.7548,
0.8312,0.3696,0.004141,0.006293,0.008267,0.007283,0.005925,0.004791,0.007461,0.0122,0.006288,0.1826,0.7547,
0.8307,0.3505,0.004141,0.006277,0.008245,0.007283,0.005894,0.004769,0.00749,0.01223,0.006227,0.1826,0.7548,
0.8335,0.3383,0.004298,0.006275,0.008246,0.007282,0.005824,0.004769,0.007509,0.01233,0.006626,0.1826,0.7542,
0.8332,0.3538,0.004273,0.006264,0.00822,0.007276,0.005823,0.004768,0.007527,0.01242,0.006517,0.1826,0.7543,
0.8347,0.3491,0.004353,0.006256,0.008228,0.007276,0.005823,0.004783,0.007512,0.01242,0.006856,0.1823,0.7542,
0.8343,0.3573,0.004264,0.006241,0.008201,0.007274,0.00584,0.004778,0.007547,0.01255,0.006666,0.1826,0.7541,
0.8347,0.3663,0.004292,0.006235,0.008206,0.00726,0.005843,0.004782,0.007542,0.01254,0.006768,0.1825,0.754,
0.8363,0.3516,0.00446,0.006222,0.008207,0.007253,0.005852,0.004804,0.007506,0.01254,0.007028,0.1822,0.7539,
0.8358,0.3476,0.004407,0.006215,0.008153,0.007211,0.005837,0.004801,0.007503,0.0126,0.006956,0.1825,0.7538,
0.8354,0.3493,0.004368,0.006225,0.008158,0.007177,0.005794,0.004868,0.007489,0.01255,0.006956,0.1826,0.7539,
0.8357,0.3341,0.004415,0.00622,0.008164,0.00715,0.005762,0.004853,0.007555,0.0125,0.007054,0.1824,0.7539,
0.8352,0.3277,0.004402,0.006193,0.008171,0.007149,0.005685,0.004874,0.007542,0.01262,0.006913,0.1825,0.7539,
0.836,0.3335,0.004497,0.00619,0.008178,0.007175,0.005718,0.004841,0.007542,0.01272,0.006895,0.1825,0.7538,
0.8356,0.3212,0.00449,0.006194,0.008181,0.007164,0.005697,0.004799,0.00756,0.0128,0.006796,0.1825,0.7539,
0.8361,0.3218,0.00452,0.006172,0.008167,0.007164,0.005661,0.004756,0.00757,0.01295,0.006959,0.1821,0.754,
0.8376,0.3301,0.004644,0.006171,0.008148,0.007164,0.005675,0.004756,0.007555,0.01298,0.007229,0.1818,0.7538,
0.8395,0.3191,0.00463,0.006158,0.008147,0.007181,0.005612,0.004726,0.007532,0.01302,0.007577,0.1824,0.753,
0.8394,0.3219,0.004607,0.006159,0.008157,0.00718,0.005613,0.004726,0.007556,0.01311,0.00746,0.1823,0.7531,
