entropy,entropyInd,RabA,RabB,RabC,RabD,RabE,RabF,RabG,RabH,RabI,xER,xPM,
0.8684,0.4196,0.0113,0.008895,0.009409,0.01005,0.007531,0.004842,0.003547,0.005856,0.008246,0.1865,0.7438,
0.8669,0.4161,0.01113,0.008878,0.009406,0.01005,0.007383,0.004837,0.003547,0.005856,0.008246,0.1865,0.7442,
0.8649,0.4077,0.01079,0.008874,0.009406,0.01001,0.007285,0.004837,0.003546,0.005855,0.008246,0.1865,0.7446,
0.866,0.4078,0.01089,0.008871,0.009356,0.009973,0.007271,0.004835,0.003545,0.005853,0.008502,0.1866,0.7443,
0.8636,0.4087,0.01053,0.008849,0.009317,0.009973,0.007123,0.004835,0.003545,0.005853,0.008502,0.1866,0.7449,
0.8616,0.4093,0.01022,0.008806,0.009317,0.009931,0.007034,0.004831,0.00354,0.005853,0.008583,0.1865,0.7454,
0.8619,0.4037,0.01025,0.008806,0.009316,0.009875,0.006897,0.004827,0.00354,0.005853,0.008906,0.1862,0.7455,
0.8625,0.4052,0.01021,0.008793,0.009308,0.009823,0.006771,0.004819,0.003538,0.005849,0.009239,0.1864,0.7452,
0.8611,0.4002,0.009988,0.008781,0.009305,0.009801,0.006711,0.004819,0.003538,0.005849,0.009239,0.1864,0.7456,
0.861,0.3855,0.009901,0.008778,0.009302,0.009798,0.006708,0.004817,0.003537,0.005847,0.009236,0.1867,0.7454,
0.8599,0.3932,0.009724,0.008771,0.009301,0.009774,0.006672,0.004809,0.003537,0.005847,0.009236,0.1867,0.7456,
0.856,0.3921,0.009496,0.008756,0.0093,0.009742,0.006176,0.004779,0.003528,0.00583,0.009221,0.1867,0.7465,
0.8547,0.3942,0.009257,0.00875,0.009299,0.009738,0.006132,0.004769,0.003528,0.00583,0.009222,0.1867,0.7468,
0.8537,0.3946,0.009162,0.008739,0.009298,0.009712,0.00606,0.00476,0.003523,0.00583,0.009222,0.1867,0.747,
0.8533,0.3957,0.009162,0.008739,0.009298,0.009698,0.006002,0.004757,0.003518,0.005829,0.009222,0.1867,0.7471,
0.8541,0.3913,0.009233,0.008699,0.009297,0.009663,0.006002,0.004757,0.003518,0.005829,0.00949,0.1865,0.7471,
0.8533,0.3913,0.009155,0.008689,0.009288,0.009647,0.005886,0.004752,0.003512,0.005828,0.009488,0.1867,0.7471,
0.8547,0.3872,0.009278,0.008687,0.009242,0.009626,0.005771,0.004744,0.003508,0.005828,0.01011,0.1861,0.7471,
0.8563,0.3807,0.009357,0.008685,0.009242,0.009615,0.005771,0.004744,0.003508,0.005828,0.01055,0.1856,0.7471,
0.8553,0.3731,0.009214,0.00867,0.009242,0.009601,0.005749,0.004738,0.003501,0.005819,0.01055,0.1856,0.7473,
0.8544,0.3714,0.009085,0.008669,0.009242,0.009586,0.005698,0.004738,0.003501,0.005819,0.01055,0.1856,0.7475,
0.8542,0.3701,0.009085,0.008669,0.009203,0.009586,0.005675,0.004738,0.003501,0.005819,0.01055,0.1856,0.7475,
0.854,0.3694,0.009079,0.00866,0.009203,0.009572,0.005675,0.004738,0.003501,0.00582,0.01055,0.1856,0.7476,
0.8546,0.377,0.008966,0.008637,0.009165,0.009543,0.005668,0.004733,0.003497,0.005813,0.01065,0.1865,0.7468,
0.8536,0.3753,0.008907,0.008607,0.009096,0.009514,0.005633,0.004733,0.003497,0.005813,0.01065,0.1865,0.7471,
0.8535,0.369,0.008908,0.008607,0.009096,0.009469,0.005633,0.004733,0.003497,0.005813,0.01065,0.1865,0.7471,
0.8518,0.3711,0.008749,0.008607,0.009097,0.009439,0.005466,0.004733,0.003497,0.005813,0.01065,0.1865,0.7474,
0.852,0.3708,0.00882,0.008606,0.009095,0.009399,0.005435,0.004725,0.003496,0.005813,0.01073,0.1864,0.7474,
0.8508,0.3753,0.008642,0.008604,0.009093,0.009307,0.005434,0.004726,0.003496,0.005813,0.01073,0.1865,0.7477,
0.8504,0.37,0.008641,0.008604,0.009093,0.009279,0.005374,0.004726,0.003496,0.005813,0.01073,0.1865,0.7478,
0.8507,0.3746,0.008641,0.008594,0.009092,0.009265,0.005374,0.004726,0.003496,0.005814,0.01087,0.1863,0.7478,
0.8528,0.3781,0.008759,0.008604,0.009094,0.00933,0.00545,0.004696,0.003446,0.005953,0.01104,0.1863,0.7474,
0.8529,0.3869,0.008749,0.0086,0.009109,0.00933,0.005469,0.004677,0.003479,0.006069,0.0109,0.1863,0.7474,
0.8527,0.3876,0.008668,0.008591,0.009117,0.009308,0.005484,0.004693,0.003592,0.006175,0.01065,0.1863,0.7475,
0.8522,0.3908,0.008583,0.008564,0.009121,0.009308,0.005503,0.004672,0.00359,0.006276,0.01053,0.1863,0.7476,
0.8536,0.3945,0.008603,0.008562,0.00913,0.009386,0.005515,0.004652,0.00357,0.006704,0.01027,0.1864,0.7472,
0.853,0.4015,0.008439,0.008554,0.009144,0.009405,0.005527,0.004634,0.003552,0.006909,0.01007,0.1864,0.7473,
0.8523,0.4046,0.008349,0.008567,0.009099,0.009392,0.005558,0.004604,0.00357,0.006979,0.00994,0.1864,0.7475,
0.8516,0.4132,0.008199,0.008567,0.009106,0.009401,0.005577,0.004616,0.00354,0.007256,0.009625,0.1865,0.7476,
0.8512,0.3996,0.008179,0.008563,0.009061,0.009379,0.005557,0.004597,0.003583,0.007631,0.009207,0.1865,0.7478,
0.8498,0.4025,0.00799,0.008556,0.009073,0.009348,0.005542,0.004575,0.00356,0.007804,0.008987,0.1865,0.748,
0.851,0.4043,0.008109,0.008585,0.009082,0.009419,0.005578,0.004539,0.003579,0.008196,0.008658,0.1864,0.7479,
0.8505,0.3955,0.008081,0.008593,0.009086,0.009391,0.005548,0.00452,0.003585,0.008227,0.008602,0.1864,0.748,
0.8523,0.3945,0.008261,0.008595,0.009088,0.009391,0.005567,0.004538,0.003548,0.008296,0.008853,0.1861,0.7478,
0.8523,0.4047,0.008265,0.008603,0.009098,0.00939,0.005519,0.004556,0.003529,0.008351,0.008855,0.186,0.7478,
0.8506,0.4166,0.00825,0.008609,0.009106,0.009364,0.007712,0.002324,0.003529,0.008771,0.008433,0.186,0.7479,
0.8512,0.4132,0.008238,0.008615,0.009109,0.009395,0.007685,0.002307,0.003559,0.008896,0.008318,0.1864,0.7475,
0.8529,0.395,0.008272,0.008636,0.009114,0.009421,0.007703,0.002289,0.00364,0.00932,0.008237,0.186,0.7474,
0.8534,0.3801,0.008274,0.008605,0.009133,0.009414,0.007688,0.002285,0.003679,0.009339,0.008399,0.1858,0.7474,
0.8522,0.3815,0.008043,0.008614,0.00914,0.009347,0.007687,0.002284,0.003696,0.009339,0.00838,0.1858,0.7477,
0.8525,0.3736,0.008031,0.008616,0.009143,0.009376,0.007646,0.002817,0.003163,0.009421,0.008382,0.1857,0.7477,
0.8526,0.3683,0.007988,0.008614,0.009074,0.009355,0.007738,0.002694,0.003295,0.009421,0.008235,0.1863,0.7473,
0.8526,0.3688,0.007848,0.008617,0.009084,0.009378,0.007772,0.00266,0.003295,0.009607,0.008238,0.1861,0.7474,
0.8522,0.3762,0.007738,0.008627,0.009089,0.009414,0.007791,0.002618,0.003295,0.00977,0.008075,0.1861,0.7474,
0.8539,0.3724,0.007761,0.008631,0.009104,0.009452,0.007768,0.002618,0.003295,0.01017,0.008189,0.1856,0.7474,
0.856,0.3815,0.007782,0.008624,0.009107,0.009412,0.00774,0.002564,0.003354,0.01035,0.00838,0.1861,0.7466,
0.8557,0.3752,0.007774,0.00861,0.00912,0.009391,0.007739,0.002542,0.003373,0.01065,0.008066,0.1861,0.7466,
0.8568,0.3696,0.007807,0.008616,0.009133,0.009362,0.007767,0.002514,0.003398,0.01082,0.008187,0.1858,0.7466,
0.8565,0.3695,0.007704,0.008632,0.009143,0.009259,0.007777,0.002505,0.003416,0.0109,0.008261,0.1857,0.7467,
0.8574,0.3778,0.007789,0.008633,0.009145,0.009245,0.007799,0.002478,0.003397,0.01103,0.008345,0.1855,0.7467,
0.8562,0.3764,0.007568,0.008635,0.009026,0.009209,0.007775,0.002491,0.003394,0.01135,0.007994,0.186,0.7465,
0.8567,0.3712,0.00759,0.008652,0.009026,0.009174,0.007773,0.002472,0.003376,0.01139,0.008186,0.1858,0.7465,
0.8579,0.3757,0.007576,0.008655,0.009042,0.009189,0.007734,0.002472,0.003395,0.01155,0.008437,0.1854,0.7466,
0.8579,0.377,0.007662,0.008652,0.008998,0.009166,0.007715,0.002467,0.003429,0.01162,0.008324,0.1854,0.7466,
0.8577,0.3613,0.007727,0.008655,0.008939,0.009117,0.007706,0.002451,0.003429,0.01162,0.008365,0.1854,0.7466,
0.856,0.367,0.007528,0.008618,0.008947,0.00909,0.007583,0.002488,0.003393,0.01182,0.008165,0.1854,0.747,
0.8575,0.3649,0.007542,0.008621,0.008908,0.00911,0.007579,0.002469,0.003422,0.012,0.008491,0.1849,0.747,
0.8579,0.3671,0.007468,0.00859,0.008909,0.009084,0.007615,0.002421,0.003443,0.0121,0.008304,0.1859,0.7462,
0.8577,0.3684,0.007373,0.008605,0.008921,0.009152,0.0076,0.002417,0.003438,0.01226,0.008138,0.1859,0.7462,
0.8576,0.3762,0.007372,0.00858,0.008933,0.009137,0.0076,0.003397,0.00249,0.01229,0.008082,0.1859,0.7462,
0.8573,0.3875,0.007356,0.008564,0.008938,0.009124,0.007579,0.00341,0.002472,0.01237,0.008002,0.1859,0.7463,
0.8567,0.3926,0.007246,0.00855,0.008959,0.009114,0.007593,0.003418,0.002471,0.01235,0.008001,0.1859,0.7464,
0.8564,0.3737,0.007212,0.008548,0.008968,0.009066,0.007594,0.003418,0.002471,0.01235,0.008002,0.1859,0.7465,
0.8563,0.3732,0.007176,0.008548,0.008975,0.009066,0.007612,0.0034,0.002486,0.01238,0.00795,0.1859,0.7465,
0.8574,0.3725,0.007159,0.008559,0.008981,0.009066,0.007612,0.003426,0.002516,0.01247,0.008142,0.1856,0.7465,
0.8574,0.3745,0.007148,0.008554,0.008988,0.009063,0.007555,0.003448,0.00256,0.01243,0.008087,0.1858,0.7463,
0.8569,0.3762,0.007138,0.008546,0.008941,0.00905,0.007588,0.00339,0.002597,0.01243,0.008049,0.1859,0.7464,
0.8565,0.3875,0.007123,0.008546,0.008947,0.009043,0.007533,0.003363,0.002642,0.01245,0.007987,0.1859,0.7465,
0.8562,0.3793,0.007073,0.008538,0.008956,0.009064,0.007517,0.003335,0.00269,0.01241,0.007968,0.1859,0.7466,
0.8557,0.371,0.007042,0.008539,0.008921,0.009036,0.007517,0.003335,0.002727,0.01238,0.007913,0.1859,0.7467,
0.8555,0.3744,0.007035,0.008537,0.00893,0.009023,0.007517,0.003335,0.002764,0.01261,0.00764,0.1859,0.7467,
0.856,0.3747,0.007095,0.008534,0.008944,0.009041,0.007465,0.003331,0.00279,0.01258,0.007756,0.1858,0.7467,
0.8555,0.3743,0.006989,0.008517,0.008963,0.00904,0.007413,0.003331,0.002864,0.01254,0.007718,0.1859,0.7468,
0.8551,0.3787,0.006976,0.008508,0.008971,0.009025,0.007371,0.00335,0.002846,0.01264,0.007621,0.1859,0.7468,
0.8547,0.3855,0.00697,0.008495,0.008987,0.008984,0.007349,0.00335,0.002886,0.01262,0.007551,0.1859,0.7469,
0.8544,0.3843,0.006941,0.008512,0.008998,0.008971,0.007306,0.003345,0.002904,0.01265,0.007504,0.1859,0.7469,
0.8545,0.384,0.006974,0.008503,0.009009,0.008976,0.007333,0.00333,0.002955,0.01265,0.007392,0.186,0.7469,
0.8541,0.3872,0.006906,0.008508,0.009018,0.008976,0.007291,0.00334,0.003035,0.01271,0.007241,0.186,0.747,
0.8532,0.4075,0.006847,0.008498,0.008987,0.009009,0.00912,0.001543,0.004554,0.01121,0.007189,0.1859,0.7471,
0.8526,0.3945,0.006756,0.008488,0.008951,0.009022,0.009135,0.001543,0.004582,0.01136,0.006989,0.1859,0.7473,
0.8522,0.3916,0.006751,0.008474,0.008908,0.009007,0.00915,0.00154,0.004589,0.01147,0.006859,0.1859,0.7473,
0.8518,0.3605,0.006743,0.008478,0.008912,0.008993,0.009106,0.001535,0.004601,0.01158,0.006732,0.1859,0.7474,
0.8519,0.3655,0.006725,0.008481,0.008927,0.008993,0.009096,0.001528,0.004639,0.01161,0.006745,0.1858,0.7475,
0.8516,0.3602,0.006706,0.008485,0.008939,0.008991,0.009063,0.001509,0.004671,0.01169,0.006623,0.1859,0.7474,
0.8527,0.3612,0.006759,0.008477,0.008926,0.008991,0.009063,0.001509,0.004695,0.01182,0.006739,0.1856,0.7474,
0.8533,0.3596,0.006779,0.008471,0.008938,0.009036,0.009051,0.00148,0.004757,0.01183,0.006822,0.1855,0.7474,
0.8505,0.3678,0.006694,0.008466,0.008936,0.009111,0.008672,0.001436,0.004749,0.01213,0.006382,0.1856,0.7479,
0.8487,0.3719,0.006607,0.008432,0.008945,0.009082,0.008489,0.001408,0.004784,0.01234,0.006067,0.1859,0.748,
0.848,0.3712,0.006585,0.008426,0.008953,0.009101,0.008365,0.001435,0.004757,0.01264,0.005762,0.1859,0.7481,
0.8485,0.3812,0.00668,0.008419,0.008956,0.009098,0.008273,0.001439,0.004738,0.01276,0.005828,0.1857,0.7481,
0.8494,0.3673,0.006819,0.0084,0.008963,0.00907,0.008223,0.001438,0.004756,0.01276,0.005938,0.1857,0.7479,
0.8512,0.3634,0.006888,0.008385,0.008911,0.00907,0.008223,0.001438,0.004756,0.01293,0.006325,0.1852,0.7479,
0.8506,0.3654,0.006816,0.008382,0.008868,0.009128,0.008305,0.001389,0.0047,0.01305,0.006207,0.1852,0.748,
0.8502,0.3674,0.006806,0.008376,0.008783,0.009121,0.008223,0.001395,0.004713,0.01334,0.005882,0.1857,0.7476,
0.8502,0.3673,0.006791,0.00838,0.008793,0.009094,0.008223,0.00142,0.004725,0.0133,0.005882,0.1857,0.7477,
0.8496,0.3789,0.006788,0.008373,0.008802,0.009094,0.008166,0.00142,0.004744,0.01363,0.005536,0.1857,0.7477,
0.8493,0.3634,0.006766,0.008367,0.008798,0.009098,0.008134,0.001437,0.004717,0.01367,0.005496,0.1857,0.7478,
0.8487,0.3613,0.006727,0.008364,0.008802,0.009121,0.008085,0.00143,0.004701,0.01374,0.005403,0.1857,0.7479,
0.8492,0.362,0.006834,0.008366,0.008815,0.009113,0.008004,0.001449,0.004701,0.01385,0.005384,0.1856,0.7479,
0.849,0.3678,0.006791,0.008369,0.008823,0.009135,0.007976,0.001487,0.004708,0.01391,0.005278,0.1856,0.7479,
0.8519,0.3661,0.00696,0.00836,0.008821,0.00913,0.007973,0.001499,0.004695,0.01392,0.005777,0.1854,0.7474,
0.8514,0.3741,0.006896,0.00836,0.008762,0.009186,0.007744,0.002698,0.003577,0.01401,0.005551,0.1856,0.7476,
0.852,0.3788,0.007001,0.008352,0.008773,0.009165,0.007678,0.002723,0.003589,0.01402,0.005648,0.1855,0.7476,
0.8528,0.3837,0.007012,0.008352,0.008781,0.009151,0.007693,0.002835,0.003481,0.01405,0.005827,0.1852,0.7476,
0.8551,0.3665,0.007097,0.008331,0.008787,0.009221,0.00767,0.002849,0.00362,0.01395,0.006222,0.1848,0.7474,
0.8547,0.3708,0.007071,0.00832,0.008779,0.009234,0.007613,0.002863,0.003671,0.01394,0.006164,0.1848,0.7475,
0.8562,0.3659,0.00733,0.008311,0.008785,0.009185,0.007604,0.002913,0.003639,0.01394,0.006324,0.1846,0.7474,
0.8549,0.3779,0.007104,0.008304,0.008791,0.009173,0.007585,0.003748,0.002832,0.01395,0.00628,0.1846,0.7476,
0.8546,0.3741,0.007128,0.008304,0.008773,0.009117,0.007558,0.003736,0.002866,0.01396,0.00624,0.1846,0.7477,
0.8542,0.3808,0.007121,0.0083,0.008784,0.009117,0.007529,0.003757,0.002855,0.0141,0.006067,0.1846,0.7478,
0.8538,0.3774,0.007147,0.008286,0.00874,0.009108,0.007482,0.003771,0.002855,0.01406,0.006067,0.1846,0.7479,
0.8536,0.3737,0.007095,0.008289,0.008743,0.009125,0.007506,0.003762,0.002872,0.01412,0.005977,0.1846,0.7479,
0.8533,0.3961,0.007059,0.008261,0.008745,0.009118,0.007516,0.003771,0.002872,0.01419,0.005891,0.1846,0.7479,
0.854,0.3782,0.007047,0.008234,0.008746,0.00908,0.007508,0.003799,0.002892,0.01414,0.005866,0.1855,0.7472,
0.8559,0.3639,0.007146,0.008246,0.008744,0.009058,0.007521,0.003832,0.002868,0.01418,0.006126,0.1855,0.7468,
0.8545,0.3597,0.006919,0.008248,0.00871,0.009,0.007522,0.003832,0.002905,0.01425,0.006055,0.1855,0.7471,
0.8537,0.363,0.006912,0.008251,0.008713,0.008971,0.007411,0.003875,0.002838,0.01428,0.006016,0.1855,0.7473,
0.8528,0.3715,0.006907,0.00824,0.008725,0.00896,0.007322,0.003857,0.002811,0.01438,0.005896,0.1855,0.7474,
0.8524,0.3663,0.006865,0.008236,0.008733,0.00896,0.007268,0.003889,0.002851,0.01441,0.005797,0.1855,0.7475,
0.8518,0.3671,0.006808,0.00823,0.008739,0.009001,0.007171,0.003878,0.002836,0.01441,0.005797,0.1855,0.7476,
0.8508,0.3698,0.006735,0.008231,0.008753,0.008973,0.007118,0.003876,0.002807,0.0146,0.005606,0.1855,0.7478,
0.8498,0.373,0.006553,0.008234,0.008766,0.008973,0.007118,0.003942,0.002773,0.01457,0.005558,0.1855,0.748,
0.8503,0.3907,0.00669,0.008229,0.008776,0.008957,0.007127,0.004137,0.002578,0.01469,0.005438,0.1855,0.7479,
0.8489,0.3791,0.006441,0.00822,0.008784,0.008933,0.007142,0.004137,0.002593,0.01472,0.005376,0.1855,0.7481,
0.8486,0.3764,0.006378,0.008221,0.008769,0.008986,0.007158,0.004109,0.002596,0.01476,0.005323,0.1855,0.7482,
0.8482,0.3832,0.006334,0.008214,0.008782,0.008984,0.007171,0.004072,0.002595,0.01493,0.005159,0.1855,0.7482,
0.8478,0.379,0.006315,0.008219,0.008781,0.008959,0.007187,0.00409,0.002535,0.01493,0.005158,0.1855,0.7483,
0.8478,0.3779,0.006305,0.008222,0.008788,0.008959,0.007187,0.004105,0.002566,0.01495,0.005085,0.1855,0.7483,
0.8485,0.3894,0.006097,0.008217,0.008794,0.008964,0.007187,0.004166,0.002618,0.01501,0.005382,0.1851,0.7485,
0.851,0.3799,0.00626,0.008207,0.008793,0.008959,0.00706,0.004113,0.002614,0.01517,0.005845,0.1849,0.7481,
0.8513,0.3854,0.006396,0.008193,0.008754,0.008934,0.007038,0.004147,0.00259,0.0152,0.005693,0.1854,0.7476,
0.8508,0.3857,0.006327,0.008188,0.008766,0.008923,0.007082,0.004133,0.002624,0.01525,0.00557,0.1854,0.7478,
0.8506,0.3878,0.006302,0.008205,0.008772,0.008911,0.007067,0.004129,0.002638,0.01533,0.005481,0.1854,0.7478,
0.8505,0.3892,0.006302,0.008199,0.008779,0.008897,0.007086,0.00411,0.002652,0.01536,0.005431,0.1854,0.7478,
0.8522,0.385,0.006286,0.008197,0.008784,0.00896,0.007079,0.004094,0.002652,0.01536,0.005908,0.1849,0.7478,
0.8531,0.3877,0.006411,0.008208,0.008787,0.00896,0.007007,0.004082,0.00263,0.01545,0.006062,0.1846,0.7478,
0.8534,0.3939,0.006424,0.008201,0.008802,0.008956,0.007026,0.004094,0.0026,0.01566,0.005963,0.1845,0.7477,
0.8529,0.3988,0.006374,0.008202,0.008803,0.008962,0.006865,0.00407,0.002593,0.01588,0.005714,0.1852,0.7473,
0.8517,0.3871,0.006324,0.0082,0.008812,0.009005,0.007725,0.003147,0.002571,0.01587,0.005714,0.1852,0.7474,
0.8513,0.3668,0.006271,0.008207,0.00882,0.009029,0.007702,0.00316,0.002558,0.0159,0.005621,0.1853,0.7475,
0.8524,0.3646,0.006399,0.008204,0.008771,0.009016,0.007684,0.003193,0.00252,0.01596,0.005869,0.1849,0.7475,
0.8519,0.3663,0.006342,0.008203,0.008779,0.008971,0.00771,0.003168,0.00252,0.01601,0.005814,0.1849,0.7476,
0.8513,0.372,0.00634,0.008202,0.008783,0.008957,0.007741,0.003155,0.002502,0.01622,0.005533,0.185,0.7476,
0.8508,0.376,0.006336,0.008199,0.008785,0.008932,0.007668,0.003155,0.00252,0.01625,0.005492,0.185,0.7477,
0.852,0.3691,0.006404,0.008189,0.008787,0.008923,0.007655,0.003128,0.002543,0.01624,0.005637,0.1852,0.7473,
0.854,0.3672,0.006638,0.008186,0.00874,0.008909,0.00768,0.003103,0.002543,0.01639,0.005888,0.1848,0.7472,
0.8536,0.3697,0.006637,0.008174,0.008753,0.008881,0.007667,0.003136,0.002485,0.01643,0.005833,0.1848,0.7472,
0.8538,0.3694,0.006486,0.008161,0.008716,0.008858,0.007629,0.003175,0.002516,0.01636,0.006206,0.1844,0.7475,
0.853,0.3725,0.006451,0.008157,0.008673,0.008858,0.007555,0.003175,0.002516,0.01645,0.006125,0.1844,0.7476,
0.8527,0.3698,0.006351,0.008122,0.008665,0.008851,0.007491,0.003172,0.002514,0.01643,0.006086,0.1851,0.7472,
0.8524,0.3712,0.006345,0.008121,0.008672,0.008851,0.007454,0.003172,0.002514,0.01652,0.005998,0.1851,0.7473,
0.852,0.3723,0.006319,0.008121,0.008678,0.008812,0.007454,0.003531,0.002155,0.01655,0.005971,0.1851,0.7473,
0.8509,0.3726,0.006174,0.008115,0.008683,0.008753,0.007413,0.003543,0.002143,0.01655,0.005971,0.1851,0.7475,
0.8553,0.3625,0.006478,0.008104,0.008697,0.008831,0.007413,0.003525,0.002129,0.01658,0.006755,0.1843,0.7472,
0.8535,0.3594,0.006195,0.0081,0.008666,0.008801,0.007432,0.003506,0.002129,0.01667,0.006667,0.1843,0.7475,
0.854,0.3602,0.006182,0.008095,0.008664,0.008772,0.007447,0.003498,0.002109,0.01668,0.006633,0.185,0.747,
0.8543,0.3672,0.006198,0.008087,0.008675,0.008744,0.007447,0.00351,0.002097,0.01673,0.006706,0.1848,0.747,
0.8538,0.3665,0.006184,0.008094,0.008682,0.008729,0.007376,0.003526,0.00207,0.01684,0.006593,0.1848,0.7471,
0.8584,0.35,0.006307,0.00808,0.008687,0.0087,0.007309,0.003496,0.01402,0.004871,0.006749,0.1847,0.7471,
0.8599,0.3488,0.006459,0.008072,0.008687,0.008635,0.007303,0.003517,0.014,0.004827,0.006986,0.1849,0.7466,
0.8592,0.3498,0.006404,0.008079,0.008689,0.008608,0.007225,0.003506,0.014,0.0049,0.006912,0.1849,0.7468,
0.8579,0.3741,0.006581,0.008074,0.008702,0.008651,0.007272,0.003477,0.01639,0.002738,0.006915,0.1846,0.7466,
0.8581,0.3742,0.006542,0.008063,0.0087,0.008729,0.007155,0.003511,0.01633,0.002783,0.006998,0.1847,0.7465,
0.8589,0.4002,0.006677,0.008067,0.008702,0.008729,0.007175,0.003473,0.0164,0.002701,0.007121,0.1846,0.7464,
0.8586,0.3761,0.006624,0.008056,0.008726,0.008741,0.007133,0.003458,0.0164,0.002742,0.007079,0.1846,0.7464,
0.8581,0.3741,0.006569,0.008038,0.008739,0.008687,0.007132,0.003495,0.01637,0.002797,0.007022,0.1846,0.7465,
0.857,0.3753,0.006371,0.008029,0.008751,0.008657,0.00713,0.003494,0.01639,0.002818,0.006905,0.1848,0.7466,
0.8577,0.3869,0.006279,0.008025,0.008751,0.008725,0.007122,0.003479,0.01639,0.003006,0.00694,0.1846,0.7467,
0.8575,0.379,0.006187,0.008031,0.008758,0.008731,0.007121,0.003527,0.01634,0.003172,0.006774,0.1846,0.7467,
0.8591,0.3463,0.006348,0.008037,0.008763,0.008645,0.007053,0.003549,0.01635,0.0032,0.007154,0.1842,0.7467,
0.8573,0.3488,0.006198,0.008037,0.008768,0.008592,0.007023,0.003535,0.01679,0.002774,0.007136,0.1842,0.7469,
0.8599,0.3539,0.006266,0.008037,0.008764,0.008605,0.007054,0.00356,0.01671,0.003423,0.006721,0.1847,0.7461,
0.8587,0.3544,0.006056,0.008029,0.008775,0.008605,0.007013,0.00356,0.01671,0.003423,0.006721,0.1847,0.7464,
0.857,0.3647,0.006046,0.008032,0.008782,0.00859,0.008586,0.001969,0.01675,0.003598,0.006502,0.1847,0.7464,
0.8575,0.3546,0.006083,0.008023,0.008784,0.00859,0.008584,0.001906,0.01675,0.003756,0.006548,0.1845,0.7465,
0.8567,0.3383,0.005973,0.008016,0.008788,0.008567,0.008522,0.001906,0.01673,0.003754,0.006546,0.1847,0.7465,
0.8576,0.339,0.006042,0.008009,0.008752,0.008483,0.008513,0.001905,0.01673,0.003952,0.006652,0.1844,0.7466,
0.8575,0.3433,0.006042,0.008002,0.008759,0.008483,0.008513,0.001905,0.01681,0.003943,0.006587,0.1844,0.7466,
0.8586,0.3407,0.006085,0.008,0.008762,0.008467,0.008511,0.001979,0.01677,0.003919,0.006825,0.1841,0.7465,
0.8582,0.3398,0.006064,0.007995,0.008761,0.008462,0.008356,0.001978,0.01676,0.003964,0.006737,0.1846,0.7463,
0.8586,0.343,0.006132,0.007976,0.008762,0.008463,0.008241,0.001978,0.01678,0.003945,0.006951,0.1844,0.7464,
0.8581,0.3383,0.006117,0.007961,0.008764,0.008445,0.008055,0.001977,0.01683,0.00394,0.007091,0.1842,0.7466,
0.8586,0.3412,0.006182,0.007928,0.008778,0.008445,0.007963,0.002131,0.01668,0.004048,0.00706,0.1842,0.7466,
0.8567,0.3391,0.006172,0.007927,0.008775,0.008369,0.007668,0.002164,0.0166,0.004039,0.00705,0.1842,0.747,
0.856,0.3363,0.006022,0.007913,0.008788,0.008353,0.007587,0.002237,0.01648,0.004037,0.007045,0.1846,0.747,
0.8544,0.3382,0.005745,0.00791,0.008804,0.008376,0.007445,0.002344,0.01637,0.004193,0.006889,0.1846,0.7473,
0.8534,0.3474,0.005529,0.007909,0.008811,0.008376,0.00746,0.002385,0.01637,0.004166,0.006855,0.1846,0.7476,
0.8555,0.3438,0.005687,0.007902,0.008819,0.008389,0.007489,0.002409,0.01636,0.004174,0.007167,0.1842,0.7474,
0.8568,0.3566,0.005643,0.007894,0.008797,0.00841,0.00736,0.003718,0.01507,0.004265,0.007044,0.1842,0.7476,
0.8569,0.3596,0.005613,0.0079,0.008797,0.008423,0.007348,0.003739,0.01501,0.004332,0.006958,0.1845,0.7474,
0.8561,0.3632,0.005434,0.007893,0.008804,0.008423,0.007348,0.003831,0.01492,0.004423,0.006867,0.1845,0.7475,
0.8561,0.3597,0.005449,0.007895,0.008808,0.008383,0.007326,0.00389,0.01491,0.004396,0.006872,0.1845,0.7475,
0.8557,0.3671,0.00543,0.007884,0.008826,0.00838,0.007245,0.003909,0.01489,0.004428,0.00684,0.1845,0.7476,
0.8562,0.3911,0.005352,0.007888,0.008833,0.00838,0.007129,0.005097,0.01367,0.004649,0.006611,0.1845,0.7479,
0.8567,0.3826,0.005357,0.007882,0.008839,0.008366,0.007129,0.005116,0.01369,0.004644,0.006768,0.1843,0.7479,
0.8564,0.3816,0.005354,0.00788,0.00884,0.008364,0.007003,0.005137,0.01365,0.004843,0.006567,0.1845,0.7479,
0.8551,0.378,0.005134,0.007856,0.00882,0.008395,0.006952,0.005192,0.0136,0.00507,0.00634,0.1845,0.7481,
0.8548,0.3825,0.005131,0.007845,0.008835,0.008364,0.006921,0.005253,0.01355,0.005104,0.006288,0.1845,0.7482,
0.8541,0.3808,0.005123,0.00785,0.008838,0.008335,0.006775,0.005353,0.01349,0.005055,0.006288,0.1845,0.7484,
0.8533,0.3794,0.005013,0.007842,0.008845,0.008331,0.006758,0.005394,0.01342,0.00524,0.006102,0.1845,0.7485,
0.8532,0.3775,0.005002,0.007839,0.008851,0.008341,0.006734,0.005394,0.0134,0.005334,0.006008,0.1845,0.7486,
0.8547,0.3802,0.005211,0.007825,0.008867,0.008341,0.006699,0.005502,0.01329,0.005329,0.006173,0.1844,0.7484,
0.8561,0.4029,0.005197,0.007834,0.008869,0.008339,0.006707,0.008167,0.01059,0.005426,0.006057,0.1845,0.7483,
0.8561,0.4027,0.005286,0.007832,0.008882,0.008328,0.006625,0.008148,0.01058,0.005519,0.005985,0.1845,0.7484,
0.8558,0.3901,0.005337,0.007834,0.008885,0.008285,0.006495,0.008194,0.01052,0.005777,0.005769,0.1845,0.7484,
0.8551,0.385,0.005314,0.007835,0.008888,0.008291,0.00638,0.00826,0.01054,0.005993,0.005468,0.1845,0.7486,
0.8548,0.3884,0.005311,0.007818,0.008898,0.008271,0.006338,0.008315,0.0105,0.006057,0.005389,0.1845,0.7486,
0.8553,0.3878,0.005367,0.007811,0.008912,0.008214,0.006352,0.008355,0.01046,0.006226,0.005333,0.1844,0.7486,
0.8558,0.3873,0.005465,0.007806,0.00886,0.008186,0.006381,0.008363,0.01043,0.006481,0.005202,0.1843,0.7486,
0.8553,0.3881,0.00546,0.007793,0.008868,0.008157,0.006335,0.008418,0.01043,0.006698,0.004919,0.1843,0.7487,
0.8552,0.3897,0.00541,0.007794,0.008875,0.0082,0.006357,0.008431,0.01036,0.006734,0.004882,0.1843,0.7487,
0.855,0.3921,0.005403,0.007783,0.008892,0.008173,0.006378,0.008521,0.01032,0.00666,0.004882,0.1843,0.7487,
0.8542,0.4176,0.005402,0.007777,0.008859,0.008133,0.006402,0.008491,0.01033,0.006926,0.004516,0.1843,0.7488,
0.854,0.396,0.00539,0.00778,0.008868,0.008105,0.006402,0.00855,0.01027,0.007197,0.004245,0.1844,0.7488,
0.8538,0.4197,0.005385,0.007779,0.008874,0.008105,0.006435,0.01084,0.007982,0.007214,0.004197,0.1844,0.7488,
0.8542,0.4163,0.005437,0.007776,0.008883,0.00809,0.006366,0.0109,0.007919,0.007276,0.004274,0.1842,0.7489,
0.8539,0.4177,0.005328,0.007774,0.008888,0.008087,0.006397,0.01087,0.007935,0.007376,0.004153,0.1845,0.7487,
0.8535,0.4745,0.005323,0.007764,0.008903,0.008072,0.01104,0.006208,0.007898,0.00741,0.004119,0.1845,0.7488,
0.8539,0.4596,0.005457,0.007759,0.008913,0.008072,0.01113,0.0062,0.01067,0.004684,0.004271,0.1842,0.7486,
0.8551,0.4346,0.005635,0.007758,0.00892,0.008072,0.01116,0.006219,0.01062,0.004838,0.004191,0.1841,0.7485,
0.8545,0.4344,0.005569,0.007751,0.008931,0.008057,0.01124,0.006217,0.01056,0.004878,0.004103,0.1841,0.7486,
0.8557,0.4177,0.005679,0.007751,0.008931,0.008055,0.01127,0.0062,0.01058,0.004931,0.004094,0.1843,0.7482,
0.8588,0.3971,0.00587,0.007749,0.008934,0.00805,0.01136,0.007114,0.0095,0.004935,0.004514,0.1843,0.7477,
0.8584,0.3967,0.005942,0.007738,0.008937,0.008029,0.01096,0.007015,0.009534,0.005043,0.004692,0.1843,0.7478,
0.8576,0.3964,0.005978,0.007733,0.008942,0.008016,0.01043,0.007745,0.008729,0.00511,0.005048,0.1838,0.7484,
0.8506,0.4041,0.005939,0.007716,0.008955,0.008007,0.008828,0.007677,0.008695,0.005091,0.005254,0.1836,0.7502,
0.8517,0.3903,0.006036,0.007705,0.008965,0.008,0.008775,0.007668,0.008706,0.005063,0.005567,0.1833,0.7502,
0.8541,0.393,0.006134,0.007694,0.00896,0.007993,0.008766,0.007679,0.008679,0.005168,0.005742,0.1838,0.7494,
0.8526,0.3996,0.006121,0.00769,0.008922,0.00799,0.008443,0.007703,0.008632,0.005167,0.005741,0.1841,0.7495,
0.85,0.4365,0.006101,0.007677,0.008936,0.008008,0.008247,0.01167,0.004675,0.005254,0.005586,0.1841,0.7497,
0.8492,0.434,0.006016,0.007664,0.008943,0.008008,0.00819,0.01168,0.004659,0.005254,0.005581,0.1841,0.7499,
0.8484,0.4334,0.006012,0.007654,0.008956,0.007994,0.008127,0.0117,0.004637,0.005221,0.005508,0.1842,0.75,
0.848,0.437,0.006054,0.007646,0.008901,0.007991,0.007991,0.01168,0.004637,0.00531,0.00551,0.1841,0.7502,
0.8456,0.4344,0.005862,0.007649,0.008908,0.007968,0.007752,0.01166,0.004613,0.005382,0.005427,0.1841,0.7507,
0.845,0.4205,0.005816,0.007646,0.008872,0.007934,0.007782,0.0117,0.004564,0.005382,0.005407,0.1841,0.7508,
0.8431,0.4449,0.005674,0.007629,0.008875,0.00792,0.007616,0.01193,0.004334,0.005425,0.005339,0.1841,0.7512,
0.8419,0.3893,0.005636,0.00763,0.008882,0.007935,0.007402,0.01197,0.004351,0.005395,0.005296,0.1841,0.7514,
0.8416,0.3902,0.005625,0.007616,0.008897,0.007889,0.007425,0.01194,0.004359,0.005403,0.00526,0.1841,0.7515,
0.8411,0.3918,0.005623,0.007611,0.008903,0.00785,0.007379,0.01198,0.004332,0.005442,0.0052,0.1841,0.7516,
0.8408,0.3937,0.00562,0.007603,0.008913,0.00785,0.007372,0.01198,0.00432,0.005523,0.005094,0.1841,0.7516,
0.8398,0.3917,0.005512,0.007595,0.008925,0.007821,0.007314,0.01201,0.004301,0.005523,0.005058,0.1841,0.7518,
0.8385,0.4132,0.005278,0.007573,0.008933,0.007896,0.007221,0.01203,0.004283,0.005609,0.004972,0.1841,0.7521,
0.8398,0.398,0.005239,0.007569,0.008935,0.008001,0.007191,0.01201,0.004299,0.005738,0.005095,0.1841,0.7518,
0.8399,0.406,0.005228,0.007573,0.008943,0.007972,0.007958,0.01122,0.004395,0.005643,0.005095,0.1841,0.7519,
0.8387,0.4011,0.005111,0.007574,0.008947,0.007958,0.0079,0.01117,0.004368,0.005712,0.005025,0.1841,0.7521,
0.8391,0.4052,0.005098,0.007566,0.008904,0.007922,0.007937,0.01111,0.004366,0.00571,0.005231,0.1841,0.7521,
0.8397,0.4033,0.005201,0.007563,0.008904,0.007913,0.008893,0.01011,0.004366,0.005691,0.005262,0.1841,0.752,
0.8409,0.4095,0.005226,0.007565,0.008905,0.00791,0.008823,0.01042,0.004061,0.005616,0.005692,0.184,0.7518,
0.8409,0.4334,0.005286,0.007553,0.008917,0.007924,0.01229,0.006895,0.004024,0.00565,0.005887,0.1838,0.7518,
0.8406,0.418,0.005408,0.007539,0.008912,0.007911,0.01175,0.006891,0.004005,0.005745,0.006182,0.1835,0.7521,
0.8406,0.4016,0.005437,0.007535,0.008918,0.007906,0.01174,0.006841,0.003985,0.005899,0.006132,0.1834,0.7522,
0.8377,0.3984,0.005547,0.007525,0.008904,0.007915,0.01131,0.008129,0.002574,0.005872,0.006206,0.1833,0.7527,
0.8402,0.3964,0.005578,0.007512,0.008893,0.007873,0.01137,0.007994,0.002567,0.006015,0.006592,0.1838,0.7519,
0.8292,0.4104,0.00554,0.007489,0.008897,0.007865,0.008869,0.007979,0.002577,0.005987,0.006651,0.1837,0.7544,
0.825,0.416,0.005594,0.007479,0.008908,0.007865,0.007873,0.007892,0.002574,0.006023,0.006756,0.1835,0.7555,
0.8259,0.4144,0.005593,0.007486,0.008914,0.007851,0.007785,0.00791,0.002603,0.005961,0.00716,0.1831,0.7556,
0.826,0.4223,0.005589,0.00748,0.008911,0.007818,0.007742,0.00789,0.002583,0.005976,0.007137,0.1837,0.7552,
0.8276,0.4048,0.005821,0.007478,0.008914,0.007758,0.007566,0.007855,0.002607,0.005951,0.007663,0.1831,0.7552,
0.8273,0.4105,0.005668,0.007472,0.008913,0.007744,0.007596,0.007869,0.002584,0.006159,0.007414,0.1836,0.755,
0.8267,0.414,0.0056,0.007473,0.00892,0.007731,0.007611,0.007743,0.002584,0.006229,0.007423,0.1835,0.7552,
0.8254,0.4123,0.005505,0.007467,0.008921,0.007719,0.007468,0.007692,0.002583,0.00628,0.00737,0.1836,0.7554,
0.8257,0.4197,0.005492,0.007455,0.008924,0.007688,0.00748,0.007684,0.003628,0.005305,0.007269,0.1836,0.7555,
0.8261,0.4152,0.0056,0.007441,0.008937,0.007688,0.007477,0.007666,0.003665,0.005302,0.007263,0.1835,0.7555,
0.8264,0.4221,0.005579,0.007439,0.008948,0.007688,0.007514,0.007664,0.003631,0.005394,0.007278,0.1834,0.7555,
0.8252,0.4318,0.005382,0.007435,0.008941,0.007689,0.007502,0.007648,0.003631,0.00541,0.007245,0.1834,0.7557,
0.8249,0.4315,0.005371,0.007428,0.008956,0.007642,0.007507,0.00758,0.00363,0.005427,0.007225,0.1836,0.7557,
0.8248,0.4431,0.005364,0.007425,0.008966,0.007642,0.007489,0.00755,0.003648,0.005633,0.007,0.1836,0.7557,
0.8231,0.4399,0.005306,0.007418,0.008975,0.007629,0.007552,0.008738,0.002415,0.005648,0.006925,0.1836,0.7558,
0.825,0.4477,0.005452,0.007413,0.008977,0.007624,0.007538,0.008771,0.002568,0.005455,0.007316,0.1832,0.7557,
0.826,0.454,0.005557,0.007408,0.008987,0.007624,0.007504,0.008729,0.002586,0.005469,0.007522,0.183,0.7556,
0.8252,0.4487,0.005467,0.007403,0.008984,0.007624,0.007541,0.008689,0.002582,0.005519,0.007392,0.1831,0.7557,
0.8248,0.4492,0.00546,0.007401,0.00899,0.007614,0.007519,0.00875,0.002526,0.005532,0.007326,0.1831,0.7558,
0.825,0.4462,0.00543,0.007397,0.008989,0.007604,0.007507,0.008708,0.002562,0.005586,0.007229,0.1835,0.7555,
0.8261,0.444,0.005629,0.007389,0.009,0.00759,0.007507,0.008706,0.002558,0.005567,0.007324,0.1834,0.7553,
0.8258,0.4445,0.005625,0.007388,0.008966,0.00759,0.007571,0.008637,0.002591,0.00558,0.00726,0.1834,0.7554,
0.8247,0.4514,0.005443,0.007381,0.008969,0.007582,0.007549,0.008595,0.002632,0.005681,0.007114,0.1834,0.7556,
0.8239,0.4318,0.00543,0.007387,0.008976,0.00757,0.009366,0.0067,0.002622,0.005716,0.007061,0.1834,0.7558,
0.8263,0.4286,0.005531,0.007375,0.00898,0.007566,0.009398,0.006656,0.002639,0.00574,0.007464,0.1834,0.7553,
0.8257,0.4243,0.005473,0.007377,0.008979,0.007621,0.009312,0.006648,0.002672,0.005675,0.007455,0.1834,0.7554,
0.8269,0.4286,0.005539,0.007378,0.008984,0.007621,0.009254,0.006643,0.002709,0.005833,0.007576,0.1831,0.7554,
0.8264,0.4403,0.005497,0.007377,0.00899,0.007658,0.009193,0.006623,0.002709,0.005815,0.007576,0.1831,0.7555,
0.8236,0.4412,0.005491,0.00735,0.008963,0.007655,0.008591,0.006609,0.002705,0.005923,0.007429,0.1833,0.7559,
0.8229,0.4443,0.005463,0.007348,0.008969,0.007642,0.008468,0.006627,0.002705,0.005987,0.007347,0.1833,0.7561,
0.8199,0.4421,0.005453,0.007341,0.008958,0.007598,0.007923,0.006638,0.002709,0.006001,0.007277,0.1834,0.7568,
0.8186,0.4495,0.005451,0.00734,0.00896,0.007586,0.007684,0.006595,0.002704,0.006097,0.007181,0.1834,0.757,
0.8177,0.4543,0.00553,0.007337,0.008891,0.007575,0.007481,0.006606,0.002695,0.006178,0.007125,0.1833,0.7573,
0.8177,0.4757,0.005469,0.007328,0.008901,0.007564,0.007471,0.006616,0.005607,0.003356,0.007009,0.1833,0.7574,
0.8188,0.4722,0.005544,0.007325,0.008908,0.007564,0.007458,0.006602,0.005588,0.003409,0.007243,0.183,0.7573,
0.8209,0.4623,0.005774,0.007318,0.008894,0.007554,0.007384,0.006597,0.005588,0.003623,0.007424,0.1826,0.7572,
0.8228,0.464,0.005886,0.00732,0.008897,0.007554,0.007362,0.00656,0.005615,0.003889,0.007562,0.1822,0.7571,
0.8232,0.4319,0.005875,0.007307,0.008895,0.007545,0.007251,0.006539,0.005609,0.003884,0.007553,0.1832,0.7564,
0.8232,0.439,0.005867,0.007311,0.008898,0.007514,0.007294,0.006473,0.005601,0.003973,0.007525,0.1831,0.7564,
0.8226,0.4434,0.005858,0.007311,0.008891,0.0075,0.007291,0.006398,0.005674,0.003979,0.007405,0.1832,0.7565,
0.8259,0.442,0.006071,0.007301,0.008902,0.007477,0.007289,0.00639,0.005655,0.004155,0.007954,0.1825,0.7563,
0.8271,0.4328,0.006225,0.007302,0.008903,0.007425,0.007298,0.006347,0.005629,0.004155,0.008288,0.1822,0.7563,
0.8261,0.4299,0.006005,0.007296,0.00891,0.007441,0.007265,0.006402,0.005669,0.004443,0.007892,0.1822,0.7565,
0.8252,0.4463,0.005885,0.007296,0.008873,0.007434,0.007247,0.006395,0.005663,0.004534,0.007783,0.1822,0.7567,
0.8261,0.4466,0.005877,0.007286,0.008868,0.007426,0.007276,0.006351,0.005658,0.004606,0.007698,0.183,0.7559,
0.8278,0.4281,0.006029,0.007278,0.008877,0.007426,0.007238,0.00636,0.005639,0.004726,0.007919,0.1827,0.7558,
0.8273,0.4347,0.005916,0.007271,0.008881,0.007424,0.007731,0.005841,0.005638,0.004775,0.007878,0.1829,0.7558,
0.8262,0.4333,0.005895,0.007251,0.008881,0.007394,0.009201,0.004352,0.005681,0.004759,0.007846,0.1829,0.7558,
0.8261,0.4379,0.005798,0.007227,0.008855,0.00738,0.009213,0.004332,0.005661,0.005017,0.007734,0.1829,0.7559,
0.8245,0.4491,0.005556,0.007223,0.00885,0.00742,0.009459,0.004024,0.005637,0.005086,0.007665,0.1829,0.7561,
0.8242,0.4392,0.005554,0.007209,0.008866,0.007407,0.009434,0.004061,0.005672,0.005129,0.00752,0.1829,0.7562,
0.8261,0.4539,0.005674,0.007194,0.008882,0.007404,0.009452,0.00402,0.005699,0.005149,0.007914,0.1825,0.7561,
0.8267,0.4519,0.005791,0.007192,0.008885,0.007398,0.00942,0.004053,0.005684,0.005218,0.007891,0.1824,0.756,
0.8262,0.447,0.005779,0.007179,0.008888,0.007378,0.009401,0.004017,0.00567,0.005218,0.007889,0.1824,0.7561,
0.8226,0.4463,0.005759,0.007186,0.008885,0.007354,0.008708,0.003963,0.005669,0.005218,0.007888,0.1824,0.7569,
0.8218,0.4439,0.005597,0.007176,0.008891,0.007376,0.008739,0.00393,0.005674,0.00536,0.007718,0.1825,0.7571,
0.8218,0.4405,0.005579,0.007182,0.008897,0.007368,0.008757,0.003923,0.005686,0.005366,0.007687,0.1825,0.7571,
0.8207,0.4387,0.005404,0.007168,0.008904,0.007364,0.00866,0.003861,0.005683,0.005465,0.007582,0.1829,0.757,
0.8195,0.4438,0.005392,0.007161,0.008873,0.007376,0.009254,0.003175,0.005713,0.005491,0.007527,0.1829,0.7572,
0.8183,0.432,0.005494,0.007137,0.008834,0.007341,0.008719,0.003126,0.005763,0.005471,0.007813,0.1828,0.7575,
0.8195,0.4184,0.005598,0.007131,0.008848,0.007342,0.008629,0.003101,0.005788,0.00548,0.008048,0.1828,0.7573,
0.8191,0.4134,0.005589,0.007113,0.008854,0.007333,0.008591,0.003093,0.005773,0.005621,0.007907,0.1828,0.7573,
0.8162,0.4405,0.005421,0.007095,0.008862,0.007333,0.008282,0.006256,0.002575,0.005749,0.007766,0.1828,0.7579,
0.8159,0.4458,0.005415,0.007097,0.008865,0.007333,0.008223,0.006259,0.002557,0.005822,0.007693,0.1828,0.7579,
0.8155,0.4511,0.005407,0.007092,0.00883,0.007333,0.008062,0.006259,0.003447,0.005087,0.007538,0.1828,0.7582,
0.8144,0.4539,0.005274,0.007085,0.008837,0.007304,0.007982,0.006298,0.003456,0.005065,0.007507,0.1828,0.7584,
0.8141,0.4553,0.005264,0.007066,0.008852,0.007283,0.007942,0.006284,0.003579,0.005268,0.007179,0.1828,0.7585,
0.8151,0.454,0.005396,0.007062,0.008861,0.007245,0.00788,0.006274,0.003621,0.005326,0.007318,0.1826,0.7584,
0.8174,0.434,0.005593,0.007053,0.008873,0.00722,0.007625,0.006298,0.003558,0.005369,0.008155,0.1817,0.7586,
0.8179,0.4368,0.005494,0.007031,0.008869,0.007257,0.007597,0.006324,0.00352,0.005445,0.008037,0.1826,0.7578,
0.8146,0.4048,0.005483,0.00702,0.008874,0.007257,0.006951,0.006291,0.003525,0.005551,0.007892,0.1826,0.7585,
0.8136,0.4091,0.005348,0.007017,0.008891,0.007257,0.006939,0.006242,0.003525,0.005551,0.007892,0.1826,0.7587,
0.8175,0.3998,0.005467,0.007007,0.008901,0.007293,0.006939,0.006263,0.003503,0.005755,0.008652,0.1817,0.7586,
0.8171,0.4045,0.005451,0.00701,0.008902,0.007235,0.006935,0.006243,0.003537,0.005845,0.008526,0.1817,0.7586,
0.8176,0.4077,0.005433,0.007013,0.008893,0.00722,0.006899,0.006248,0.003561,0.006114,0.008135,0.1825,0.758,
0.8192,0.4145,0.005682,0.007017,0.008894,0.007187,0.006855,0.007342,0.002467,0.006168,0.008588,0.182,0.7578,
0.8177,0.4264,0.005542,0.007011,0.008901,0.007143,0.006739,0.007331,0.002488,0.006167,0.008554,0.182,0.7581,
0.8179,0.4397,0.005562,0.007003,0.008904,0.007143,0.006758,0.007331,0.002485,0.006195,0.00857,0.1819,0.7581,
0.8178,0.4204,0.005518,0.006975,0.008914,0.00718,0.006806,0.007301,0.002488,0.006293,0.008446,0.1819,0.7581,
0.8188,0.4203,0.005514,0.006972,0.008909,0.007174,0.006627,0.007272,0.002486,0.006358,0.008701,0.1823,0.7577,
0.8177,0.4064,0.005513,0.006966,0.008916,0.00712,0.006553,0.007232,0.0025,0.006459,0.008485,0.1824,0.7578,
0.818,0.3995,0.005542,0.006967,0.008926,0.00712,0.006545,0.007199,0.00252,0.006486,0.008522,0.1823,0.7579,
0.8169,0.403,0.005392,0.00696,0.008932,0.007106,0.006545,0.007199,0.002544,0.006502,0.008404,0.1824,0.758,
0.8159,0.4091,0.005227,0.006963,0.008941,0.007079,0.006519,0.007179,0.002594,0.006585,0.008272,0.1824,0.7583,
0.8166,0.405,0.005343,0.006952,0.008949,0.007064,0.00648,0.00715,0.002575,0.006632,0.008383,0.1823,0.7581,
0.8172,0.4098,0.005392,0.006947,0.008958,0.007129,0.006463,0.007145,0.002589,0.006726,0.008308,0.1823,0.7581,
0.8146,0.404,0.005424,0.006955,0.008952,0.007129,0.005869,0.007137,0.00254,0.006784,0.008393,0.1821,0.7587,
0.8153,0.4356,0.00556,0.006944,0.008967,0.007141,0.005846,0.007251,0.002402,0.006949,0.008327,0.182,0.7586,
0.8147,0.4045,0.005487,0.006938,0.008978,0.007141,0.0058,0.007303,0.002383,0.006992,0.008249,0.182,0.7587,
0.8141,0.4099,0.005328,0.006933,0.008989,0.007141,0.005792,0.00731,0.002362,0.007089,0.008224,0.1819,0.7589,
0.8139,0.4105,0.005322,0.006891,0.009007,0.007142,0.005804,0.00731,0.002365,0.007225,0.008074,0.1819,0.7589,
0.8126,0.4052,0.005229,0.006897,0.009009,0.007128,0.005655,0.007301,0.002365,0.007317,0.007944,0.182,0.7592,
0.8147,0.403,0.005348,0.006885,0.009022,0.007128,0.00561,0.007301,0.002402,0.007311,0.008461,0.1814,0.7591,
0.8144,0.4019,0.00529,0.006871,0.009028,0.007146,0.005603,0.007301,0.002416,0.007329,0.008428,0.1814,0.7591,
0.8145,0.4047,0.005351,0.006861,0.008993,0.007136,0.005577,0.007301,0.002465,0.007529,0.008178,0.1814,0.7592,
0.8165,0.4087,0.005488,0.006842,0.008935,0.007113,0.00559,0.007294,0.002445,0.007572,0.008394,0.1819,0.7584,
0.8167,0.4077,0.005474,0.006849,0.008936,0.007111,0.005589,0.007317,0.002453,0.007639,0.008289,0.1822,0.7582,
0.8157,0.4127,0.005315,0.006847,0.008944,0.007124,0.005523,0.007302,0.002497,0.007593,0.008289,0.1822,0.7584,
0.8164,0.4165,0.005254,0.006843,0.008952,0.007114,0.005532,0.007292,0.002541,0.007618,0.008535,0.1819,0.7585,
0.8158,0.4241,0.005251,0.006837,0.008953,0.007107,0.005499,0.007254,0.002516,0.007683,0.00847,0.1819,0.7586,
0.818,0.4225,0.005332,0.006817,0.008955,0.007097,0.005514,0.007209,0.002556,0.007904,0.008612,0.182,0.758,
0.8169,0.4124,0.005327,0.006799,0.008961,0.007084,0.00868,0.004043,0.002525,0.00789,0.008612,0.182,0.7581,
0.8188,0.3958,0.005486,0.006778,0.008946,0.007087,0.009765,0.002958,0.002584,0.008019,0.009176,0.1812,0.758,
0.8197,0.3948,0.005635,0.006775,0.008952,0.007107,0.009782,0.002939,0.002582,0.008,0.009241,0.1812,0.7578,
0.82,0.3952,0.00571,0.006759,0.00897,0.007107,0.009768,0.002935,0.002577,0.008034,0.009208,0.1812,0.7578,
0.8188,0.4166,0.005697,0.006766,0.008975,0.007094,0.009503,0.002921,0.002601,0.008346,0.008872,0.1812,0.7581,
