entropy,entropyInd,RabA,RabB,RabC,RabD,RabE,RabF,RabG,RabH,RabI,xER,xPM,
0.8923,0.3774,0.01033,0.009296,0.006561,0.01344,0.0152,0.007128,0.007695,0.004022,0.005507,0.1748,0.746,
0.8809,0.3781,0.01039,0.009294,0.00654,0.01323,0.0126,0.007106,0.007669,0.004002,0.0055,0.1749,0.7488,
0.8759,0.3776,0.01037,0.009284,0.006539,0.01291,0.01169,0.007107,0.007669,0.004001,0.005499,0.1749,0.75,
0.8743,0.3784,0.01036,0.00927,0.006533,0.01263,0.01141,0.007095,0.007659,0.003991,0.005491,0.1757,0.7499,
0.873,0.3776,0.01043,0.009261,0.006451,0.01239,0.01123,0.007091,0.007654,0.003989,0.005651,0.1756,0.7502,
0.8702,0.3766,0.01046,0.009223,0.006433,0.01223,0.01058,0.00708,0.00765,0.00398,0.005874,0.1754,0.7511,
0.8671,0.382,0.01045,0.009216,0.006385,0.01202,0.01014,0.007062,0.007643,0.003979,0.005873,0.1755,0.7518,
0.866,0.3829,0.01047,0.009214,0.006375,0.01185,0.009903,0.007054,0.00764,0.003977,0.006042,0.1753,0.7521,
0.8655,0.3819,0.01046,0.009195,0.006371,0.01169,0.009836,0.007051,0.007635,0.003974,0.006039,0.1758,0.7519,
0.8658,0.3858,0.01062,0.009192,0.006371,0.01156,0.009542,0.007046,0.007635,0.003974,0.006484,0.1754,0.7522,
0.8643,0.3773,0.0106,0.009185,0.006333,0.01136,0.009447,0.007043,0.007636,0.003971,0.006482,0.1754,0.7525,
0.864,0.3761,0.01064,0.009174,0.006332,0.01133,0.009263,0.007037,0.007628,0.003967,0.006661,0.1753,0.7527,
0.8633,0.3762,0.01064,0.009173,0.006331,0.01126,0.00917,0.007037,0.007628,0.003967,0.006661,0.1753,0.7528,
0.8661,0.3714,0.01072,0.009161,0.006323,0.01119,0.009103,0.007025,0.007615,0.003957,0.007227,0.1757,0.752,
0.8655,0.3707,0.01072,0.009161,0.006324,0.01105,0.009086,0.007022,0.007616,0.003957,0.007228,0.1757,0.7521,
0.864,0.3767,0.01072,0.009162,0.006324,0.01102,0.008799,0.007018,0.007612,0.003957,0.007228,0.1757,0.7524,
0.8628,0.3714,0.01072,0.009162,0.006283,0.01098,0.008613,0.00701,0.007612,0.003957,0.007228,0.1758,0.7527,
0.8631,0.3676,0.0108,0.009155,0.006283,0.01096,0.00848,0.007002,0.007608,0.003957,0.00746,0.1755,0.7528,
0.8648,0.3665,0.01095,0.009155,0.006283,0.01092,0.008328,0.006998,0.007608,0.003957,0.008052,0.1749,0.7528,
0.8671,0.3697,0.011,0.009148,0.006278,0.0109,0.008321,0.006992,0.007602,0.003954,0.008494,0.1752,0.7521,
0.8671,0.3678,0.01107,0.009118,0.006266,0.01087,0.00823,0.006989,0.007598,0.003954,0.008665,0.175,0.7522,
0.8657,0.359,0.01107,0.009119,0.006266,0.01082,0.007958,0.006989,0.007598,0.003954,0.008665,0.175,0.7525,
0.8654,0.3658,0.01106,0.009118,0.006267,0.01081,0.007922,0.006986,0.007594,0.003954,0.008666,0.175,0.7526,
0.8649,0.3667,0.01105,0.009108,0.006261,0.01079,0.00773,0.006973,0.007584,0.003951,0.00866,0.1755,0.7523,
0.8666,0.3602,0.01125,0.009101,0.00626,0.01074,0.007466,0.006965,0.007584,0.003951,0.00942,0.1748,0.7525,
0.8659,0.3602,0.01123,0.009101,0.00626,0.01065,0.007426,0.006965,0.007584,0.003949,0.009417,0.1748,0.7526,
0.8658,0.3644,0.01123,0.009102,0.00626,0.01062,0.007426,0.006965,0.007584,0.003949,0.009417,0.1748,0.7526,
0.8649,0.3718,0.01123,0.009102,0.00626,0.0106,0.007257,0.006965,0.007584,0.003949,0.009417,0.1748,0.7528,
0.864,0.3619,0.01122,0.0091,0.006258,0.01057,0.007107,0.006959,0.007577,0.003949,0.009418,0.1748,0.753,
0.8643,0.3475,0.01119,0.009084,0.006253,0.01053,0.007061,0.006954,0.007572,0.003946,0.009411,0.1755,0.7525,
0.8642,0.3471,0.01119,0.009084,0.006253,0.01052,0.007061,0.006954,0.007572,0.003946,0.009411,0.1755,0.7525,
0.8638,0.3506,0.01117,0.009094,0.006262,0.01049,0.007093,0.006906,0.007522,0.00399,0.009367,0.1755,0.7526,
0.8632,0.3555,0.0111,0.009105,0.006227,0.01052,0.007109,0.006943,0.007478,0.003991,0.009262,0.1755,0.7527,
0.8631,0.3595,0.01109,0.009117,0.006231,0.01052,0.00717,0.006872,0.007454,0.004308,0.008917,0.1755,0.7528,
0.863,0.3678,0.01104,0.009129,0.006239,0.01052,0.007917,0.006144,0.007437,0.004457,0.008769,0.1755,0.7529,
0.8624,0.3826,0.011,0.009135,0.006249,0.0105,0.007924,0.006121,0.007448,0.004435,0.008687,0.1756,0.7529,
0.8623,0.3837,0.01093,0.009142,0.006264,0.01051,0.007959,0.006156,0.007398,0.004497,0.008609,0.1755,0.753,
0.8611,0.4024,0.01094,0.009143,0.006213,0.01052,0.007913,0.009545,0.00398,0.004567,0.00863,0.1755,0.7531,
0.8603,0.4034,0.01093,0.009137,0.006228,0.01045,0.007808,0.009612,0.003909,0.004631,0.008566,0.1755,0.7532,
0.8597,0.4113,0.01087,0.009162,0.006235,0.01045,0.007752,0.009612,0.003874,0.004834,0.008317,0.1756,0.7533,
0.8605,0.4146,0.01101,0.009186,0.006237,0.01039,0.007703,0.009594,0.003856,0.005068,0.00823,0.1755,0.7532,
0.8599,0.4203,0.01098,0.009215,0.006239,0.01037,0.00763,0.009597,0.003815,0.005289,0.007995,0.1755,0.7534,
0.8599,0.381,0.01086,0.009238,0.006242,0.01045,0.007648,0.00958,0.003832,0.005271,0.007995,0.1755,0.7534,
0.8613,0.3852,0.01087,0.00925,0.00625,0.01051,0.00771,0.009472,0.003829,0.005298,0.008385,0.1751,0.7533,
0.8611,0.3864,0.01082,0.009256,0.00623,0.01042,0.007734,0.009443,0.003841,0.005507,0.008103,0.1755,0.7532,
0.8608,0.404,0.01073,0.009264,0.006236,0.01047,0.007775,0.009376,0.003824,0.005636,0.007975,0.1755,0.7532,
0.8607,0.409,0.01085,0.009246,0.006243,0.01044,0.007683,0.009418,0.0038,0.005754,0.007816,0.1755,0.7532,
0.8605,0.3816,0.01083,0.009256,0.006251,0.01045,0.00757,0.009383,0.003782,0.00589,0.007832,0.1754,0.7534,
0.8594,0.3779,0.01081,0.009259,0.006259,0.01042,0.007346,0.009399,0.003764,0.005952,0.007766,0.1755,0.7535,
0.8591,0.3784,0.0108,0.009258,0.006268,0.01042,0.007304,0.009377,0.003746,0.00645,0.007268,0.1755,0.7536,
0.8581,0.3844,0.01079,0.009256,0.006273,0.01038,0.007214,0.009346,0.003761,0.006715,0.006926,0.1755,0.7538,
0.8576,0.3674,0.01077,0.009264,0.006284,0.01034,0.007236,0.009313,0.003758,0.006833,0.006726,0.1756,0.7539,
0.8573,0.377,0.01074,0.009264,0.006291,0.01033,0.007226,0.009296,0.003741,0.006912,0.006648,0.1756,0.754,
0.8584,0.3745,0.01079,0.009267,0.006298,0.01027,0.007205,0.009294,0.003722,0.007103,0.006767,0.1755,0.7538,
0.8575,0.3757,0.01077,0.009283,0.006306,0.01021,0.007157,0.009191,0.003722,0.007291,0.00658,0.1755,0.754,
0.8566,0.3838,0.0107,0.009304,0.006312,0.01017,0.007079,0.009165,0.003705,0.007415,0.006456,0.1755,0.7542,
0.8556,0.3864,0.01057,0.009303,0.006328,0.01025,0.006998,0.009122,0.003687,0.007627,0.006204,0.1756,0.7543,
0.8553,0.393,0.01053,0.009278,0.00633,0.01022,0.007014,0.009133,0.003676,0.007642,0.006172,0.1756,0.7544,
0.8558,0.3791,0.01071,0.009239,0.006323,0.0102,0.006998,0.009086,0.003659,0.007811,0.006172,0.1754,0.7544,
0.853,0.392,0.01061,0.009227,0.006327,0.01021,0.006955,0.01061,0.002099,0.007911,0.006012,0.1755,0.7545,
0.8527,0.3893,0.01052,0.009236,0.006337,0.01021,0.007054,0.01049,0.002099,0.007911,0.006011,0.1756,0.7546,
0.8548,0.3809,0.01069,0.009232,0.006346,0.01021,0.007103,0.01044,0.002099,0.007912,0.006425,0.1751,0.7544,
0.8547,0.3822,0.01066,0.009215,0.006334,0.01016,0.00709,0.01042,0.002097,0.007975,0.006355,0.1755,0.7542,
0.8545,0.3968,0.01066,0.009203,0.006343,0.01015,0.007073,0.01042,0.002097,0.008006,0.006324,0.1755,0.7542,
0.8542,0.3851,0.01064,0.009197,0.006355,0.01011,0.007091,0.0104,0.00208,0.008038,0.006292,0.1755,0.7543,
0.8525,0.406,0.0106,0.0092,0.006362,0.0101,0.01189,0.005488,0.002079,0.008169,0.006134,0.1755,0.7545,
0.8522,0.3876,0.01047,0.009218,0.006364,0.01018,0.01186,0.005475,0.002085,0.008146,0.006134,0.1755,0.7545,
0.8531,0.4634,0.01044,0.00923,0.006378,0.01021,0.01181,0.005464,0.002072,0.008173,0.006382,0.1755,0.7544,
0.8546,0.4625,0.01055,0.009245,0.006389,0.01024,0.01182,0.005467,0.002037,0.008173,0.006639,0.1752,0.7542,
0.8544,0.455,0.01053,0.009244,0.0064,0.01021,0.01176,0.005434,0.002068,0.008139,0.006638,0.1754,0.7541,
0.8549,0.4478,0.01047,0.009241,0.006404,0.01041,0.01164,0.005414,0.00205,0.008175,0.00675,0.1754,0.754,
0.853,0.4267,0.01042,0.009256,0.006406,0.01036,0.01134,0.005399,0.00208,0.008407,0.006431,0.1754,0.7545,
0.8506,0.4212,0.01039,0.009271,0.006409,0.0103,0.01099,0.005285,0.002095,0.008467,0.006331,0.1755,0.755,
0.8506,0.412,0.01032,0.009265,0.006426,0.01035,0.01094,0.005277,0.002081,0.008624,0.006281,0.1754,0.755,
0.8498,0.412,0.01028,0.00927,0.006434,0.01037,0.01079,0.005227,0.002143,0.008579,0.006263,0.1754,0.7552,
0.8483,0.4091,0.01025,0.009282,0.006445,0.01034,0.01064,0.005179,0.002175,0.008536,0.006134,0.1756,0.7554,
0.8481,0.4004,0.01037,0.009265,0.006428,0.01031,0.01033,0.005157,0.002207,0.008622,0.006308,0.1753,0.7557,
0.8475,0.3783,0.01039,0.009279,0.006434,0.01031,0.009949,0.005142,0.002189,0.008743,0.006456,0.1752,0.756,
0.8453,0.3831,0.01037,0.009286,0.006394,0.01022,0.009667,0.005079,0.002195,0.008752,0.006423,0.1752,0.7564,
0.8471,0.386,0.01059,0.009289,0.006397,0.01027,0.009522,0.005088,0.0022,0.009193,0.006208,0.1754,0.7559,
0.8455,0.3953,0.01057,0.009303,0.006399,0.01026,0.009171,0.005084,0.002217,0.009254,0.006129,0.1754,0.7563,
0.8393,0.3953,0.01051,0.009294,0.006396,0.01035,0.007784,0.004958,0.002215,0.009261,0.006315,0.1752,0.7578,
0.8391,0.3912,0.01062,0.009305,0.006319,0.01031,0.007469,0.004973,0.002196,0.009334,0.006514,0.1752,0.7578,
0.8383,0.3942,0.01067,0.009302,0.006321,0.01031,0.007194,0.004918,0.002196,0.009451,0.006524,0.1752,0.758,
0.8365,0.4,0.01059,0.0093,0.006273,0.01029,0.00698,0.004895,0.002348,0.009541,0.006247,0.1752,0.7583,
0.836,0.4079,0.01056,0.009304,0.00628,0.01025,0.006898,0.004913,0.002372,0.009628,0.006118,0.1753,0.7584,
0.8359,0.4075,0.0106,0.009314,0.006289,0.01021,0.006614,0.004899,0.002372,0.009739,0.006368,0.1749,0.7586,
0.8351,0.4082,0.01059,0.009324,0.006291,0.01018,0.006413,0.004903,0.002363,0.009929,0.00616,0.1753,0.7586,
0.8363,0.4048,0.01073,0.009335,0.006302,0.01018,0.006319,0.004903,0.00239,0.009971,0.006372,0.175,0.7585,
0.8354,0.406,0.0107,0.009327,0.006309,0.01013,0.006205,0.004917,0.002373,0.009988,0.006352,0.175,0.7587,
0.8347,0.4045,0.0107,0.009297,0.006326,0.01011,0.006098,0.004884,0.002369,0.01007,0.006251,0.1752,0.7587,
0.8356,0.4316,0.01073,0.00929,0.00633,0.01004,0.00598,0.004827,0.002391,0.01004,0.006846,0.1746,0.7589,
0.8371,0.4113,0.0109,0.009287,0.006334,0.01004,0.00629,0.004495,0.002399,0.01017,0.007025,0.1743,0.7587,
0.8373,0.3935,0.01084,0.009273,0.006343,0.009973,0.006255,0.004504,0.002374,0.01021,0.006966,0.1751,0.7582,
0.8365,0.3879,0.01073,0.009283,0.006289,0.01002,0.006183,0.004537,0.002341,0.01025,0.006933,0.1751,0.7583,
0.8359,0.389,0.01072,0.009296,0.006291,0.009971,0.006112,0.004551,0.002359,0.01037,0.006764,0.1751,0.7585,
0.8359,0.3914,0.0108,0.00929,0.006297,0.009918,0.00609,0.00453,0.00236,0.01037,0.006799,0.1751,0.7584,
0.8356,0.3823,0.01078,0.009276,0.0063,0.009891,0.006073,0.004525,0.002359,0.01037,0.0068,0.1751,0.7585,
0.8342,0.3899,0.01078,0.009267,0.006313,0.009862,0.005844,0.004525,0.002385,0.01042,0.006648,0.1752,0.7588,
0.8332,0.3911,0.01083,0.009212,0.006318,0.009775,0.005658,0.004539,0.002427,0.01039,0.006692,0.1751,0.759,
0.8325,0.3784,0.01079,0.009218,0.006285,0.009736,0.005604,0.004548,0.002433,0.01039,0.006672,0.1752,0.7591,
0.8317,0.3812,0.01071,0.009216,0.006253,0.009727,0.005579,0.004518,0.002428,0.01039,0.006672,0.1752,0.7593,
0.8308,0.3906,0.01068,0.00921,0.006262,0.0097,0.005517,0.004532,0.00245,0.01048,0.006452,0.1753,0.7594,
0.8302,0.3939,0.01066,0.009196,0.006271,0.009648,0.005516,0.00451,0.002467,0.01048,0.006384,0.1753,0.7595,
0.8295,0.3914,0.01063,0.009208,0.006225,0.009593,0.005534,0.004523,0.002464,0.01055,0.006297,0.1753,0.7597,
0.8295,0.3879,0.01062,0.009202,0.006236,0.009582,0.005535,0.004523,0.002464,0.01057,0.006268,0.1753,0.7597,
0.8293,0.3897,0.01059,0.009198,0.006243,0.009566,0.005513,0.004544,0.002527,0.01055,0.006211,0.1753,0.7598,
0.8286,0.3924,0.01056,0.009198,0.006209,0.009515,0.005473,0.004539,0.002564,0.01056,0.006163,0.1753,0.7599,
0.8281,0.3939,0.01055,0.009192,0.006213,0.009516,0.00541,0.004563,0.002771,0.01041,0.005985,0.1753,0.7601,
0.8276,0.3928,0.01052,0.009199,0.006222,0.009497,0.005364,0.004568,0.00279,0.0104,0.005953,0.1753,0.7602,
0.8292,0.3928,0.01056,0.00919,0.006236,0.009478,0.00533,0.004585,0.00279,0.01042,0.006396,0.1748,0.7602,
0.8296,0.4002,0.01054,0.00919,0.006246,0.009474,0.005249,0.004595,0.00319,0.01002,0.006355,0.1752,0.7599,
0.8302,0.3995,0.01059,0.009185,0.006254,0.009422,0.005267,0.004577,0.003242,0.01005,0.006443,0.1751,0.7599,
0.8297,0.4042,0.01037,0.009194,0.006261,0.00959,0.005248,0.004609,0.003184,0.01011,0.006331,0.1751,0.76,
0.8308,0.4511,0.01034,0.009194,0.006272,0.009569,0.00521,0.004592,0.007533,0.005814,0.006208,0.1752,0.7601,
0.8299,0.4568,0.01031,0.009172,0.006194,0.009555,0.005152,0.004645,0.007506,0.005816,0.006178,0.1752,0.7603,
0.8292,0.4511,0.01029,0.009154,0.0062,0.009462,0.005105,0.004645,0.007588,0.005896,0.006015,0.1753,0.7604,
0.8286,0.467,0.01025,0.009147,0.006214,0.009421,0.005123,0.007592,0.004641,0.005932,0.005896,0.1754,0.7604,
0.8295,0.4711,0.01044,0.009147,0.006186,0.009377,0.005096,0.007594,0.004618,0.006051,0.005923,0.1753,0.7603,
0.8291,0.47,0.01037,0.009162,0.006191,0.009358,0.005063,0.007615,0.004612,0.006108,0.005853,0.1753,0.7604,
0.8306,0.4664,0.01049,0.009169,0.0062,0.009331,0.00508,0.007589,0.004619,0.006231,0.006045,0.175,0.7602,
0.8309,0.4368,0.01047,0.009168,0.006208,0.009315,0.005096,0.007587,0.004617,0.006258,0.005996,0.1753,0.76,
0.831,0.4379,0.01055,0.009175,0.006214,0.009301,0.005023,0.007587,0.004617,0.006387,0.005926,0.1752,0.76,
0.831,0.423,0.01045,0.009173,0.006228,0.009376,0.005041,0.007569,0.004634,0.006424,0.00587,0.1753,0.76,
0.8316,0.4215,0.01054,0.009177,0.006234,0.00935,0.005036,0.007552,0.004634,0.006457,0.005918,0.1752,0.7599,
0.8312,0.4255,0.01054,0.009172,0.006249,0.009323,0.004999,0.007569,0.004643,0.006604,0.005745,0.1752,0.76,
0.8307,0.4239,0.01046,0.009142,0.006253,0.009368,0.004995,0.007531,0.00466,0.006618,0.005675,0.1753,0.76,
0.8305,0.4243,0.01042,0.009171,0.00626,0.009315,0.005048,0.007478,0.004678,0.006697,0.005578,0.1753,0.7601,
0.8325,0.444,0.01031,0.009166,0.00626,0.009416,0.007147,0.005373,0.004731,0.006938,0.005713,0.1752,0.7597,
0.8329,0.4422,0.01022,0.009155,0.006278,0.00956,0.007165,0.005337,0.004757,0.006918,0.005778,0.1751,0.7597,
0.8334,0.429,0.01035,0.009161,0.006285,0.009519,0.007129,0.005388,0.004705,0.00715,0.005617,0.1751,0.7596,
0.8355,0.4458,0.01047,0.009132,0.006298,0.009506,0.007129,0.005364,0.004705,0.007211,0.006027,0.1747,0.7594,
0.8351,0.4373,0.01034,0.009138,0.00631,0.009594,0.007092,0.005395,0.004669,0.007446,0.005793,0.1747,0.7595,
0.8346,0.438,0.01018,0.009134,0.006317,0.009699,0.006991,0.005386,0.004883,0.007272,0.00563,0.1752,0.7593,
0.8315,0.4504,0.01016,0.009131,0.006325,0.009659,0.006393,0.005386,0.004883,0.007272,0.00563,0.1752,0.76,
0.8299,0.4346,0.01022,0.009145,0.00633,0.009646,0.005955,0.005386,0.0049,0.00748,0.005469,0.1752,0.7603,
0.8294,0.4335,0.01012,0.009141,0.006337,0.009655,0.005941,0.005396,0.004882,0.00751,0.00544,0.1752,0.7604,
0.8293,0.4341,0.01012,0.009153,0.006339,0.00976,0.005755,0.005396,0.004881,0.007552,0.005475,0.1751,0.7605,
0.8293,0.4388,0.01024,0.009149,0.006348,0.009749,0.005552,0.005404,0.00488,0.007614,0.005526,0.1751,0.7604,
0.8289,0.4279,0.01023,0.009143,0.006358,0.009748,0.005449,0.005417,0.004866,0.007614,0.005526,0.1751,0.7605,
0.8289,0.4266,0.01023,0.009124,0.006304,0.009871,0.005295,0.005453,0.004831,0.007614,0.005698,0.175,0.7606,
0.8287,0.4259,0.01022,0.009125,0.006321,0.009815,0.005295,0.005453,0.004831,0.007614,0.005698,0.175,0.7606,
0.8298,0.4256,0.01042,0.009125,0.006336,0.009744,0.00528,0.005433,0.004828,0.007725,0.005795,0.1748,0.7605,
0.828,0.4401,0.0104,0.009101,0.006339,0.009704,0.005099,0.006496,0.003715,0.007801,0.005714,0.1748,0.7608,
0.827,0.4173,0.01038,0.009106,0.006351,0.009663,0.005973,0.005451,0.003715,0.007865,0.005652,0.1748,0.761,
0.827,0.4176,0.01035,0.009105,0.006359,0.009659,0.005906,0.005488,0.003675,0.007929,0.005582,0.1751,0.7608,
0.826,0.4407,0.01034,0.009099,0.006375,0.009659,0.007061,0.005638,0.002401,0.007934,0.005546,0.1751,0.7608,
0.8271,0.4224,0.01035,0.009094,0.006385,0.009732,0.007016,0.005634,0.002397,0.007973,0.005782,0.1748,0.7608,
0.8272,0.4231,0.01034,0.009085,0.006398,0.009716,0.00697,0.005632,0.002466,0.0079,0.00578,0.1751,0.7606,
0.8266,0.4243,0.01025,0.009063,0.006372,0.009755,0.006966,0.005613,0.002483,0.007929,0.005733,0.1751,0.7607,
0.8264,0.4313,0.0102,0.009051,0.00638,0.009787,0.006982,0.005659,0.002422,0.007986,0.005677,0.1751,0.7608,
0.825,0.4656,0.01014,0.009067,0.006386,0.009792,0.006814,0.006136,0.001965,0.007998,0.00563,0.1751,0.761,
0.8243,0.4546,0.01012,0.009061,0.006397,0.009729,0.006767,0.006137,0.001948,0.008141,0.005486,0.1751,0.7611,
0.8259,0.4465,0.01026,0.009054,0.006406,0.009727,0.006783,0.006118,0.001947,0.008223,0.005615,0.1751,0.7608,
0.8254,0.4101,0.01023,0.009048,0.006379,0.009756,0.006735,0.006119,0.001946,0.008239,0.005582,0.1751,0.7609,
0.8244,0.4247,0.01023,0.009035,0.006383,0.009723,0.006593,0.006101,0.001967,0.008258,0.005538,0.1751,0.7611,
0.8234,0.4124,0.0101,0.009039,0.006388,0.009819,0.006418,0.006084,0.002005,0.008214,0.005538,0.1751,0.7613,
0.8254,0.4036,0.01024,0.009041,0.006343,0.009903,0.006404,0.00608,0.002032,0.008218,0.005854,0.1748,0.7611,
0.8249,0.3996,0.01012,0.009042,0.006346,0.009922,0.006333,0.006091,0.002008,0.008209,0.005851,0.1751,0.761,
0.8261,0.4043,0.01008,0.009058,0.006354,0.009894,0.006333,0.006091,0.003253,0.006964,0.005851,0.1751,0.7611,
0.8257,0.403,0.01008,0.009055,0.006359,0.009824,0.006351,0.006079,0.003279,0.006944,0.005819,0.1751,0.7611,
0.8254,0.4109,0.01003,0.009069,0.006366,0.009837,0.006289,0.006079,0.003296,0.00699,0.005755,0.1751,0.7612,
0.8251,0.3997,0.01001,0.009083,0.00637,0.009823,0.006306,0.006072,0.003263,0.006988,0.005754,0.1751,0.7612,
0.8249,0.4329,0.009984,0.00909,0.006385,0.009766,0.00632,0.006092,0.003265,0.007252,0.005456,0.1751,0.7613,
0.8237,0.4034,0.009956,0.009101,0.006395,0.009654,0.006203,0.006133,0.003223,0.007283,0.005422,0.1751,0.7615,
0.824,0.4162,0.009935,0.0091,0.006375,0.009617,0.006234,0.006131,0.00431,0.006168,0.005422,0.1751,0.7616,
0.8233,0.4222,0.009924,0.009103,0.006381,0.009594,0.006233,0.007053,0.003428,0.006176,0.00533,0.1752,0.7616,
0.8231,0.4259,0.009774,0.009112,0.006395,0.009709,0.006212,0.007088,0.003393,0.006177,0.005331,0.1751,0.7617,
0.8225,0.4245,0.00977,0.00911,0.00634,0.009697,0.006199,0.007057,0.003419,0.006205,0.005261,0.1751,0.7618,
0.8223,0.424,0.009757,0.009112,0.006339,0.009679,0.006219,0.007015,0.003469,0.006156,0.005261,0.1752,0.7618,
0.8219,0.4261,0.009641,0.009132,0.006345,0.009743,0.006205,0.006991,0.003499,0.006308,0.00506,0.1752,0.7619,
0.8215,0.4324,0.009579,0.00915,0.006351,0.00974,0.006179,0.007013,0.003527,0.006444,0.004857,0.1752,0.762,
0.821,0.4413,0.009565,0.009153,0.006357,0.009766,0.006127,0.008148,0.002433,0.006433,0.005042,0.1749,0.762,
0.8234,0.4488,0.009609,0.009165,0.00637,0.009739,0.006096,0.008214,0.002372,0.006445,0.005727,0.1742,0.762,
0.8228,0.458,0.009502,0.009169,0.006387,0.009784,0.006008,0.00821,0.002422,0.006454,0.005653,0.1742,0.7622,
0.8234,0.4445,0.009774,0.009165,0.006399,0.009759,0.006004,0.008431,0.002194,0.006664,0.00541,0.1742,0.762,
0.8235,0.4544,0.009635,0.00917,0.006347,0.009787,0.005962,0.008426,0.002225,0.006661,0.005354,0.175,0.7614,
0.8204,0.4818,0.009623,0.009168,0.006361,0.009758,0.01085,0.003306,0.002242,0.006823,0.005175,0.175,0.7616,
0.8202,0.4728,0.009645,0.009186,0.006364,0.009709,0.01076,0.003298,0.002228,0.006913,0.005183,0.175,0.7618,
0.8225,0.454,0.009779,0.009185,0.006334,0.0097,0.01075,0.003333,0.002204,0.006971,0.005515,0.175,0.7613,
0.8229,0.4257,0.009885,0.009151,0.006344,0.009674,0.01078,0.003552,0.002004,0.006981,0.005523,0.1749,0.7612,
0.8246,0.4139,0.01003,0.009152,0.00631,0.009627,0.01063,0.003552,0.001967,0.007028,0.005943,0.1749,0.7609,
0.8277,0.3998,0.01021,0.009149,0.006318,0.009655,0.01058,0.003516,0.001981,0.007046,0.006695,0.1741,0.7607,
0.8279,0.3921,0.0103,0.009149,0.006318,0.009626,0.01021,0.003525,0.001968,0.007173,0.00674,0.1746,0.7604,
0.8292,0.3962,0.01038,0.00913,0.006336,0.009625,0.01023,0.00346,0.002026,0.007132,0.00703,0.1744,0.7602,
0.8304,0.3955,0.01037,0.00911,0.006321,0.009684,0.01008,0.003471,0.002032,0.007097,0.007596,0.1739,0.7604,
0.8243,0.3941,0.01029,0.009096,0.006344,0.009675,0.008796,0.003468,0.00209,0.007091,0.007518,0.1739,0.7618,
0.8229,0.3972,0.01027,0.009098,0.006357,0.009645,0.008504,0.003501,0.002091,0.007098,0.007474,0.1739,0.7621,
0.8233,0.417,0.01034,0.009103,0.006369,0.009666,0.008315,0.003491,0.003069,0.006127,0.007444,0.1739,0.7622,
0.8236,0.4148,0.01045,0.009089,0.00638,0.009622,0.008319,0.003484,0.003093,0.006224,0.007307,0.1739,0.7621,
0.822,0.4177,0.01041,0.009086,0.006358,0.009642,0.008076,0.003521,0.003109,0.006166,0.007241,0.174,0.7624,
0.8212,0.4173,0.01025,0.009071,0.00629,0.009749,0.00789,0.003508,0.003072,0.006214,0.007175,0.1746,0.7621,
0.8203,0.4302,0.01023,0.009086,0.0063,0.009724,0.007733,0.003484,0.003089,0.006255,0.007117,0.1747,0.7623,
0.8194,0.4408,0.01024,0.009082,0.006273,0.009767,0.007404,0.003491,0.003088,0.006529,0.006994,0.1745,0.7626,
0.8208,0.4469,0.01049,0.009077,0.006283,0.00974,0.006965,0.003487,0.005268,0.004419,0.007522,0.1739,0.7629,
0.8198,0.4487,0.0106,0.009063,0.006232,0.009688,0.006717,0.003482,0.005432,0.00431,0.007524,0.1739,0.7631,
0.8202,0.4469,0.01072,0.009065,0.006238,0.009676,0.00667,0.003459,0.005432,0.004327,0.007586,0.1738,0.7631,
0.8199,0.4532,0.01068,0.009067,0.006224,0.009658,0.006657,0.003469,0.005484,0.004401,0.007441,0.1738,0.7631,
0.8206,0.4574,0.01072,0.009057,0.006229,0.009636,0.006629,0.003474,0.005447,0.004397,0.007417,0.1745,0.7625,
0.8198,0.4463,0.01063,0.009053,0.006243,0.009664,0.006502,0.003498,0.005418,0.004503,0.007311,0.1745,0.7626,
0.8197,0.4548,0.01061,0.009043,0.006257,0.009641,0.006516,0.003502,0.005401,0.004504,0.007312,0.1745,0.7627,
0.8187,0.4531,0.01046,0.009043,0.006271,0.009745,0.006319,0.003528,0.005367,0.004583,0.007233,0.1746,0.7629,
0.8185,0.4461,0.01045,0.009036,0.00628,0.009719,0.006342,0.003505,0.005396,0.004669,0.007117,0.1746,0.7629,
0.8181,0.4405,0.01044,0.009024,0.006292,0.009675,0.006303,0.003539,0.005431,0.004598,0.007117,0.1746,0.763,
0.8171,0.4431,0.01035,0.009025,0.0063,0.009716,0.006136,0.003556,0.00544,0.004605,0.007047,0.1746,0.7632,
0.8168,0.4126,0.01021,0.009019,0.006298,0.009827,0.006122,0.00354,0.005465,0.004597,0.00703,0.1746,0.7633,
0.8169,0.4202,0.01034,0.009032,0.00626,0.009829,0.005969,0.00354,0.005465,0.004623,0.007131,0.1745,0.7633,
0.8166,0.434,0.01031,0.009035,0.006264,0.009802,0.005953,0.003557,0.005473,0.004612,0.007074,0.1746,0.7633,
0.8207,0.4051,0.0105,0.009016,0.006276,0.009816,0.005977,0.003532,0.005487,0.004598,0.008131,0.1735,0.7631,
0.8201,0.4114,0.01056,0.009035,0.006245,0.009793,0.005837,0.003529,0.005482,0.004598,0.008132,0.1735,0.7633,
0.8217,0.4066,0.01059,0.009017,0.006249,0.009784,0.005813,0.003534,0.005462,0.004733,0.008089,0.1744,0.7623,
0.8211,0.4051,0.01056,0.009007,0.006261,0.009761,0.005836,0.003495,0.005458,0.00484,0.007918,0.1744,0.7625,
0.8207,0.4053,0.01055,0.008999,0.006275,0.009723,0.005796,0.003519,0.005424,0.004833,0.007909,0.1744,0.7626,
0.8207,0.4058,0.01053,0.009005,0.006284,0.009698,0.005796,0.003559,0.005397,0.005026,0.007701,0.1744,0.7626,
0.8199,0.4037,0.0105,0.009001,0.006236,0.009694,0.00578,0.003548,0.00536,0.005043,0.007684,0.1744,0.7627,
0.8192,0.4091,0.01048,0.008997,0.006213,0.00965,0.005715,0.003546,0.005372,0.005161,0.00754,0.1744,0.7629,
0.8207,0.3988,0.01052,0.008983,0.006224,0.009549,0.005722,0.003551,0.005337,0.005395,0.007876,0.1739,0.7629,
0.8196,0.4339,0.01045,0.008985,0.006239,0.009653,0.006094,0.003158,0.007794,0.002984,0.007867,0.1738,0.7629,
0.8202,0.4246,0.0105,0.008988,0.006207,0.009632,0.007266,0.00198,0.007789,0.003304,0.007786,0.1741,0.7624,
0.8214,0.4248,0.01054,0.009005,0.006166,0.009712,0.007282,0.001974,0.00777,0.003364,0.007881,0.1742,0.7621,
0.8211,0.4259,0.01039,0.009004,0.006136,0.009796,0.007319,0.001954,0.00775,0.003554,0.007625,0.1744,0.7621,
0.8205,0.4222,0.01035,0.009016,0.006138,0.00976,0.007251,0.001983,0.007704,0.003622,0.007556,0.1744,0.7622,
0.8203,0.3884,0.01034,0.009018,0.006147,0.009731,0.007238,0.001986,0.007734,0.003611,0.007521,0.1744,0.7623,
0.8202,0.3892,0.01023,0.009024,0.006155,0.009775,0.007238,0.002036,0.007697,0.003643,0.007474,0.1744,0.7623,
0.8204,0.3948,0.01023,0.009015,0.006172,0.009768,0.006999,0.002036,0.007773,0.003808,0.007625,0.174,0.7626,
0.8199,0.3934,0.01021,0.009029,0.006181,0.009741,0.006951,0.002018,0.007801,0.00378,0.007625,0.174,0.7627,
0.821,0.4095,0.01015,0.009027,0.006189,0.009824,0.007021,0.002008,0.007782,0.003855,0.007789,0.1737,0.7627,
0.8209,0.4067,0.01015,0.009026,0.0062,0.009874,0.006829,0.002002,0.007768,0.004133,0.007677,0.1735,0.7628,
0.8202,0.4187,0.01012,0.009037,0.006207,0.009786,0.006747,0.002023,0.007737,0.004275,0.007536,0.1736,0.763,
0.82,0.4244,0.01007,0.009022,0.006178,0.009778,0.006656,0.002001,0.007709,0.00447,0.007279,0.1743,0.7625,
0.8195,0.4113,0.01001,0.009034,0.006181,0.009784,0.006527,0.001983,0.007692,0.004531,0.007336,0.1743,0.7627,
0.8184,0.4164,0.009968,0.009041,0.00619,0.00977,0.006725,0.001641,0.007726,0.004771,0.00706,0.1743,0.7628,
0.8183,0.4066,0.01006,0.009041,0.0062,0.009755,0.006445,0.001623,0.007726,0.004818,0.007318,0.174,0.7631,
0.8184,0.4286,0.01007,0.009047,0.006113,0.009783,0.006456,0.001629,0.007709,0.004993,0.007226,0.1739,0.7631,
0.8176,0.4081,0.01006,0.009015,0.00612,0.009719,0.006388,0.001631,0.007773,0.004961,0.007174,0.1739,0.7633,
0.8193,0.4005,0.0101,0.009042,0.006048,0.00977,0.006383,0.001612,0.007802,0.005003,0.007615,0.1734,0.7632,
0.8181,0.3963,0.009999,0.009048,0.006053,0.009721,0.006253,0.00164,0.007767,0.005036,0.007584,0.1734,0.7635,
0.8171,0.4005,0.009971,0.009041,0.006029,0.009692,0.006111,0.001663,0.007735,0.005078,0.007541,0.1734,0.7637,
0.8193,0.3888,0.01001,0.009045,0.006028,0.009598,0.00612,0.001699,0.007686,0.00516,0.007754,0.1741,0.7628,
0.8184,0.3913,0.009987,0.009034,0.00604,0.00955,0.006008,0.001726,0.007637,0.005193,0.007722,0.1742,0.7629,
0.8186,0.3932,0.009989,0.009003,0.006032,0.009556,0.006005,0.001728,0.007617,0.005348,0.00766,0.1741,0.763,
0.8175,0.3906,0.009812,0.009006,0.005978,0.009639,0.005947,0.001728,0.007581,0.005347,0.007661,0.1741,0.7632,
0.8168,0.3901,0.009804,0.008998,0.005968,0.009592,0.005875,0.001727,0.007581,0.005411,0.007595,0.1741,0.7634,
0.8164,0.3964,0.009738,0.008988,0.005978,0.009615,0.005796,0.001744,0.007545,0.005591,0.007414,0.1742,0.7634,
0.8159,0.3951,0.009626,0.008997,0.005988,0.009584,0.005797,0.00178,0.00751,0.005591,0.007414,0.1742,0.7635,
0.8167,0.395,0.009685,0.008989,0.005997,0.009527,0.005889,0.001642,0.0075,0.005593,0.00769,0.1742,0.7633,
0.8181,0.389,0.009693,0.008996,0.005934,0.009531,0.005909,0.001618,0.007497,0.005652,0.008005,0.1741,0.7631,
0.8179,0.3978,0.009553,0.008994,0.005942,0.009637,0.005866,0.001653,0.007479,0.005816,0.007824,0.1741,0.7631,
0.819,0.3979,0.009693,0.008997,0.005954,0.009638,0.005831,0.001645,0.007479,0.006022,0.00782,0.1739,0.763,
0.8191,0.4032,0.009715,0.009,0.005962,0.009589,0.00581,0.001661,0.007461,0.006077,0.007814,0.1739,0.763,
0.8185,0.39,0.009632,0.009014,0.005969,0.0096,0.005788,0.001661,0.007461,0.006116,0.00769,0.174,0.7631,
0.8181,0.3967,0.009684,0.009009,0.005979,0.009564,0.005722,0.001647,0.007515,0.006274,0.007439,0.174,0.7632,
0.8185,0.3957,0.009765,0.009015,0.005985,0.009552,0.005684,0.001658,0.007504,0.006455,0.007336,0.1739,0.7631,
0.8187,0.403,0.009751,0.00901,0.005996,0.009538,0.005697,0.001661,0.007485,0.006503,0.007285,0.1741,0.763,
0.8185,0.4013,0.009719,0.009012,0.006012,0.009498,0.005711,0.001664,0.00753,0.006536,0.00719,0.1741,0.763,
0.8196,0.4014,0.009845,0.009008,0.006026,0.009466,0.005674,0.001647,0.00753,0.006631,0.007386,0.1738,0.7629,
0.8196,0.4034,0.009762,0.009001,0.006035,0.009525,0.005682,0.0016,0.007528,0.006714,0.0073,0.1741,0.7628,
0.8189,0.4048,0.009723,0.00902,0.006041,0.009431,0.005607,0.001665,0.007489,0.006724,0.007262,0.1741,0.7629,
0.8196,0.3999,0.009608,0.009023,0.00605,0.009578,0.005629,0.001683,0.007449,0.006898,0.007211,0.174,0.7629,
0.8233,0.3988,0.009817,0.00902,0.006053,0.009556,0.005673,0.001633,0.007444,0.007003,0.007766,0.174,0.7621,
0.823,0.4013,0.009754,0.009006,0.006065,0.009566,0.005634,0.001669,0.007421,0.007167,0.007589,0.174,0.7622,
0.823,0.4022,0.009658,0.008999,0.006072,0.009648,0.005579,0.001721,0.007391,0.007244,0.007564,0.1739,0.7622,
0.8233,0.3967,0.009711,0.009022,0.006076,0.009597,0.005618,0.001725,0.007394,0.007195,0.007634,0.1738,0.7622,
0.823,0.4077,0.009705,0.009008,0.006089,0.009561,0.005649,0.001711,0.007399,0.00721,0.007532,0.174,0.7621,
0.8225,0.4064,0.009672,0.009012,0.006098,0.009496,0.005636,0.001689,0.007399,0.007378,0.007364,0.174,0.7622,
0.8237,0.3899,0.009708,0.009006,0.00611,0.009475,0.005641,0.00167,0.007363,0.00738,0.007672,0.174,0.762,
0.8246,0.3965,0.009663,0.009004,0.006082,0.009546,0.0056,0.001665,0.007398,0.007384,0.00802,0.1736,0.7621,
0.8237,0.3932,0.00963,0.009002,0.00609,0.009523,0.005523,0.001684,0.007357,0.007413,0.007928,0.1736,0.7623,
0.8242,0.3886,0.009602,0.008996,0.006097,0.009588,0.005564,0.001678,0.007348,0.007571,0.007841,0.1735,0.7622,
0.8237,0.3955,0.009544,0.008994,0.006106,0.009625,0.005512,0.001696,0.007288,0.007626,0.007786,0.1735,0.7623,
0.823,0.3906,0.009506,0.00899,0.00608,0.009576,0.005545,0.001639,0.007309,0.007647,0.007737,0.1735,0.7624,
0.8264,0.3843,0.009819,0.008994,0.006083,0.009549,0.00554,0.001623,0.007355,0.007802,0.008262,0.1728,0.7622,
0.8271,0.3852,0.009785,0.008982,0.006085,0.009484,0.005508,0.001653,0.007309,0.007832,0.0082,0.1738,0.7613,
0.83,0.3914,0.01003,0.008981,0.006096,0.009461,0.005508,0.002411,0.00655,0.00788,0.008444,0.1735,0.7611,
0.8304,0.4134,0.01001,0.008982,0.006103,0.009434,0.005514,0.003354,0.00558,0.007971,0.008353,0.1735,0.7612,
0.8298,0.4103,0.009997,0.008975,0.006087,0.009397,0.005497,0.003367,0.005557,0.008026,0.008247,0.1736,0.7613,
0.8301,0.4161,0.009873,0.008974,0.006068,0.009538,0.005444,0.003938,0.004983,0.008178,0.008149,0.1737,0.7611,
0.8299,0.4078,0.009829,0.008972,0.006071,0.009529,0.005445,0.003972,0.004975,0.008216,0.008084,0.1737,0.7612,
0.8298,0.4166,0.009818,0.00897,0.006081,0.009503,0.005487,0.005039,0.003892,0.008352,0.007923,0.1737,0.7612,
0.8293,0.432,0.009784,0.008967,0.006092,0.009489,0.005424,0.005053,0.003884,0.00856,0.007701,0.1737,0.7613,
0.8288,0.4275,0.009771,0.008959,0.006109,0.009447,0.005467,0.004998,0.003873,0.00856,0.007599,0.1739,0.7613,
0.8289,0.4266,0.009691,0.008951,0.006115,0.009529,0.005377,0.004991,0.003907,0.00851,0.007764,0.1738,0.7614,
0.8284,0.4091,0.009687,0.008938,0.006131,0.009504,0.005314,0.004972,0.003924,0.008577,0.007679,0.1738,0.7615,
0.8283,0.4164,0.009667,0.008946,0.006143,0.009491,0.005314,0.004986,0.003955,0.008824,0.007387,0.1738,0.7615,
0.8279,0.4138,0.009549,0.008944,0.006152,0.009561,0.005302,0.004966,0.003973,0.008957,0.007225,0.1738,0.7615,
0.8271,0.4294,0.009543,0.008942,0.00616,0.009561,0.007028,0.003259,0.003954,0.009057,0.007089,0.1739,0.7615,
0.8266,0.416,0.009522,0.00894,0.006179,0.009512,0.006991,0.003249,0.003966,0.009185,0.006936,0.1739,0.7617,
0.8262,0.416,0.009442,0.008933,0.006188,0.009524,0.007044,0.003217,0.003993,0.009155,0.006919,0.1739,0.7617,
0.8259,0.416,0.009437,0.00893,0.006196,0.009459,0.007043,0.003216,0.003993,0.009257,0.006816,0.1739,0.7618,
0.8259,0.4147,0.009427,0.008929,0.006202,0.009484,0.006981,0.003223,0.00397,0.009329,0.00685,0.1737,0.7619,
0.8266,0.415,0.009429,0.008929,0.006219,0.009501,0.006955,0.003225,0.003958,0.00936,0.007011,0.1736,0.7619,
0.8261,0.4192,0.009403,0.00892,0.006223,0.009457,0.006857,0.00323,0.003937,0.009357,0.007009,0.1738,0.7618,
0.8254,0.4059,0.009525,0.008921,0.006229,0.009444,0.006516,0.003222,0.003936,0.009404,0.007104,0.1737,0.762,
0.8247,0.4107,0.009515,0.008918,0.006238,0.009443,0.006377,0.003207,0.003936,0.009511,0.006994,0.1738,0.762,
0.82,0.4244,0.00951,0.008917,0.006245,0.009429,0.005479,0.003238,0.003866,0.009588,0.0069,0.1738,0.763,
0.8194,0.4049,0.009495,0.008908,0.006247,0.00937,0.005498,0.003236,0.003843,0.009698,0.006736,0.1739,0.7631,
0.8186,0.4124,0.009394,0.008905,0.006257,0.009423,0.005404,0.00324,0.003861,0.009987,0.006414,0.1738,0.7633,
0.8188,0.4067,0.009467,0.008903,0.006272,0.009398,0.005336,0.003232,0.003849,0.0101,0.006432,0.1737,0.7633,
0.8182,0.4083,0.009464,0.008895,0.006283,0.009386,0.005276,0.003217,0.003876,0.01031,0.006179,0.1737,0.7634,
0.8176,0.4065,0.009417,0.008884,0.006297,0.009416,0.005228,0.003205,0.003886,0.01051,0.00595,0.1737,0.7635,
0.818,0.4043,0.009457,0.008905,0.0063,0.009422,0.005214,0.003201,0.003922,0.01073,0.005777,0.1736,0.7634,
0.8172,0.4085,0.00919,0.008914,0.006296,0.009618,0.005138,0.003198,0.003935,0.01088,0.005612,0.1736,0.7636,
0.8163,0.4196,0.009155,0.008899,0.006311,0.009584,0.005099,0.004708,0.002458,0.01091,0.005519,0.1737,0.7637,
0.8168,0.4367,0.009245,0.008895,0.006319,0.009583,0.005055,0.004743,0.002423,0.01127,0.005316,0.1735,0.7636,
0.8165,0.4236,0.009056,0.008896,0.006323,0.00969,0.005066,0.004705,0.002402,0.01129,0.005279,0.1738,0.7635,
0.8162,0.4169,0.008984,0.008899,0.00633,0.009671,0.005101,0.004723,0.002381,0.01129,0.005244,0.1738,0.7635,
0.8154,0.4245,0.008947,0.008894,0.006334,0.009668,0.004986,0.004731,0.002412,0.01135,0.005144,0.1739,0.7637,
0.8152,0.425,0.008805,0.008899,0.00634,0.00976,0.005012,0.004704,0.002412,0.01135,0.005143,0.1739,0.7637,
0.8142,0.4326,0.008865,0.008886,0.006345,0.009753,0.007325,0.002327,0.002458,0.01154,0.005072,0.1737,0.7637,
0.8159,0.4026,0.008986,0.008878,0.006303,0.009711,0.007328,0.002294,0.002446,0.01157,0.005468,0.1735,0.7635,
0.8161,0.382,0.008975,0.008863,0.006311,0.009746,0.007297,0.00224,0.002446,0.01165,0.005579,0.1733,0.7636,
0.8166,0.388,0.009038,0.008846,0.00632,0.009734,0.007228,0.002238,0.002476,0.01171,0.005504,0.1737,0.7632,
0.8183,0.4001,0.009136,0.008841,0.006323,0.009696,0.007214,0.002235,0.002523,0.0117,0.005902,0.1733,0.7631,
0.8179,0.3769,0.009214,0.008824,0.006329,0.009657,0.007086,0.002211,0.002521,0.01176,0.005906,0.1732,0.7633,
0.813,0.3791,0.009295,0.008816,0.006291,0.00962,0.005954,0.002164,0.002534,0.01175,0.006151,0.173,0.7645,
0.8121,0.3794,0.00926,0.008809,0.00629,0.009622,0.005846,0.002145,0.002541,0.01174,0.006134,0.173,0.7646,
0.8083,0.3829,0.009107,0.008804,0.006288,0.009744,0.005144,0.002167,0.002495,0.01173,0.006121,0.173,0.7654,
0.8078,0.3904,0.00909,0.008759,0.006294,0.009733,0.005109,0.002157,0.002509,0.01172,0.00612,0.173,0.7655,
0.8081,0.383,0.009047,0.008741,0.006291,0.009702,0.005061,0.002187,0.002476,0.01171,0.006114,0.1737,0.765,
0.81,0.3814,0.009129,0.008741,0.006308,0.009702,0.005023,0.002138,0.002476,0.01171,0.006693,0.1731,0.765,
0.8086,0.3867,0.009041,0.008747,0.006284,0.009762,0.004836,0.002112,0.002486,0.01173,0.006661,0.1731,0.7652,
0.8083,0.3897,0.009034,0.008742,0.006291,0.009711,0.004819,0.002142,0.002468,0.01179,0.006582,0.1731,0.7653,
0.8078,0.3929,0.009027,0.008733,0.006268,0.00965,0.004834,0.002139,0.002483,0.01185,0.006485,0.1731,0.7654,
0.8074,0.395,0.008935,0.008728,0.006267,0.009708,0.004853,0.002167,0.002413,0.01191,0.006428,0.1731,0.7655,
0.8079,0.3996,0.008958,0.008714,0.006263,0.009674,0.004779,0.002166,0.002397,0.01192,0.006485,0.1736,0.765,
0.8078,0.413,0.008939,0.008711,0.006277,0.009606,0.004776,0.002165,0.002661,0.01182,0.006319,0.1736,0.7651,
0.8075,0.4146,0.008915,0.008722,0.00629,0.009521,0.004777,0.002176,0.00265,0.01189,0.00625,0.1736,0.7652,
0.8072,0.4123,0.008896,0.008721,0.006298,0.009494,0.00479,0.002162,0.002664,0.012,0.006134,0.1736,0.7652,
0.8073,0.4141,0.008978,0.00872,0.006265,0.009485,0.004742,0.00216,0.00266,0.01206,0.006139,0.1736,0.7652,
0.8073,0.4147,0.008949,0.008715,0.006267,0.009488,0.004741,0.002159,0.002714,0.012,0.006139,0.1736,0.7652,
0.8076,0.4157,0.009045,0.008719,0.00628,0.009463,0.00475,0.00215,0.002745,0.01217,0.005924,0.1737,0.7651,
0.8071,0.4297,0.008989,0.008731,0.006249,0.009467,0.004744,0.002213,0.002677,0.01219,0.005875,0.1737,0.7652,
0.8126,0.4214,0.009167,0.008739,0.006247,0.00944,0.00471,0.002796,0.002131,0.01233,0.006823,0.1735,0.7642,
0.8117,0.4137,0.009157,0.008711,0.00621,0.009411,0.004632,0.002796,0.002143,0.0123,0.006824,0.1735,0.7643,
0.8106,0.4172,0.009009,0.008711,0.00617,0.00952,0.004513,0.002786,0.002157,0.01229,0.006788,0.1735,0.7645,
0.8112,0.4166,0.009148,0.008704,0.006186,0.009442,0.004526,0.002772,0.002157,0.01236,0.006823,0.1734,0.7645,
0.8135,0.4162,0.009439,0.008693,0.006201,0.009442,0.004512,0.002768,0.002219,0.01229,0.007136,0.1731,0.7642,
0.815,0.42,0.00944,0.008693,0.006212,0.009483,0.004413,0.002754,0.00223,0.01238,0.007483,0.173,0.7639,
0.815,0.4156,0.009371,0.008674,0.006216,0.009475,0.004411,0.002751,0.002276,0.01233,0.007441,0.1734,0.7637,
0.8171,0.4232,0.009599,0.008674,0.006222,0.009475,0.004411,0.002769,0.002359,0.0124,0.007574,0.1731,0.7634,
0.8175,0.4322,0.009476,0.008678,0.006227,0.009524,0.004398,0.002778,0.002903,0.0119,0.007502,0.1731,0.7635,
0.817,0.4166,0.009288,0.008679,0.006231,0.00956,0.004382,0.002768,0.002882,0.01199,0.007416,0.1734,0.7634,
0.8163,0.4116,0.009199,0.008679,0.006242,0.009582,0.004364,0.002775,0.002849,0.012,0.00733,0.1734,0.7635,
0.8157,0.4194,0.009177,0.008651,0.006196,0.009551,0.004365,0.002775,0.002867,0.01202,0.007294,0.1735,0.7636,
0.8152,0.413,0.009163,0.008646,0.006215,0.009512,0.004315,0.002809,0.00286,0.01212,0.007167,0.1734,0.7638,
0.8195,0.4677,0.009234,0.008657,0.006223,0.009475,0.004343,0.00279,0.006881,0.008265,0.007219,0.1734,0.7635,
0.8195,0.4619,0.009246,0.008674,0.006164,0.009481,0.004357,0.002776,0.006881,0.008427,0.007119,0.1733,0.7635,
0.8227,0.456,0.00939,0.00867,0.006163,0.009431,0.004381,0.002744,0.00686,0.008423,0.007842,0.1731,0.763,
0.8226,0.4497,0.009359,0.008679,0.006167,0.009427,0.004337,0.00274,0.006854,0.008421,0.00784,0.1733,0.7629,
0.823,0.4514,0.009334,0.008674,0.006177,0.009487,0.004314,0.002719,0.006866,0.008477,0.007943,0.173,0.763,
0.8228,0.449,0.009318,0.008666,0.006151,0.009454,0.00433,0.002679,0.006936,0.008503,0.007841,0.1732,0.7629,
0.8222,0.4838,0.009244,0.008664,0.0061,0.00947,0.004368,0.006773,0.00284,0.008563,0.007687,0.1733,0.763,
0.8237,0.4208,0.009333,0.008666,0.006103,0.009459,0.004376,0.006764,0.002908,0.008494,0.008014,0.173,0.7629,
0.8231,0.4273,0.009142,0.008674,0.006046,0.009583,0.004392,0.006756,0.002896,0.008639,0.007867,0.173,0.763,
0.8229,0.4051,0.00901,0.008703,0.006053,0.009641,0.005408,0.005708,0.00294,0.00863,0.007788,0.173,0.7631,
0.823,0.4064,0.008907,0.008696,0.006057,0.00971,0.005421,0.005748,0.002898,0.008742,0.007658,0.1732,0.7629,
0.8227,0.3955,0.008883,0.008699,0.006063,0.009657,0.005455,0.005803,0.002809,0.008876,0.007524,0.1733,0.763,
0.8223,0.397,0.008802,0.008708,0.006069,0.009685,0.005473,0.005786,0.002869,0.008817,0.007459,0.1733,0.7631,
0.8224,0.4032,0.008712,0.008705,0.006096,0.009751,0.005507,0.005813,0.002993,0.008724,0.007367,0.1733,0.7631,
0.8211,0.4087,0.008639,0.008698,0.006107,0.00978,0.005273,0.005782,0.003139,0.008736,0.007209,0.1733,0.7634,
0.8206,0.4122,0.008631,0.008701,0.006113,0.009765,0.005225,0.005782,0.003147,0.008766,0.007121,0.1733,0.7634,
0.8189,0.4138,0.008598,0.008679,0.006088,0.00972,0.005089,0.005731,0.00316,0.008883,0.006941,0.1734,0.7637,
0.8203,0.4103,0.00855,0.008678,0.006092,0.009782,0.00499,0.005708,0.003162,0.008863,0.007389,0.1733,0.7635,
0.8207,0.4114,0.008575,0.008664,0.006108,0.009759,0.004925,0.005716,0.003224,0.008888,0.007527,0.173,0.7636,
0.8201,0.4137,0.008572,0.008649,0.006117,0.0097,0.004875,0.005765,0.003175,0.008888,0.007527,0.173,0.7637,
0.8197,0.3751,0.008539,0.008645,0.006122,0.009725,0.004828,0.005752,0.003191,0.009159,0.007166,0.1732,0.7636,
0.8216,0.3873,0.008796,0.008648,0.006132,0.009701,0.004765,0.005752,0.003222,0.009216,0.007423,0.1729,0.7635,
0.822,0.3755,0.00888,0.008644,0.006143,0.009657,0.004667,0.005714,0.003217,0.009317,0.007605,0.1726,0.7635,
0.8214,0.3788,0.008748,0.008631,0.006147,0.009776,0.004483,0.005687,0.003215,0.009328,0.007545,0.1732,0.7633,
0.8214,0.3869,0.008643,0.008625,0.006157,0.009877,0.004517,0.005653,0.003215,0.009453,0.00742,0.1732,0.7633,
0.8211,0.3836,0.008575,0.008624,0.006166,0.009923,0.004514,0.005634,0.003262,0.009557,0.007223,0.1732,0.7633,
