entropy,entropyInd,RabA,RabB,RabC,RabD,RabE,RabF,RabG,RabH,RabI,xER,xPM,
1.406,0.2696,0.03629,0.006838,0.01115,0.04091,0.01986,0.004389,0.02403,0.01643,0.02102,0.4095,0.4095,
1.408,0.2663,0.0366,0.006838,0.01115,0.04072,0.01955,0.004388,0.02403,0.01643,0.02176,0.409,0.4095,
1.408,0.2655,0.03656,0.006824,0.01114,0.04052,0.01953,0.004384,0.024,0.01642,0.02213,0.4094,0.4091,
1.407,0.2539,0.03656,0.006821,0.01114,0.04046,0.0202,0.003619,0.02401,0.01642,0.02213,0.4094,0.4093,
1.407,0.2447,0.03665,0.006815,0.01113,0.0404,0.0202,0.003618,0.024,0.01641,0.02235,0.4093,0.4091,
1.406,0.2443,0.03659,0.006815,0.01114,0.04034,0.01985,0.00361,0.024,0.01642,0.02235,0.4094,0.4095,
1.409,0.2426,0.03734,0.006807,0.01113,0.04018,0.01966,0.003607,0.02398,0.0164,0.02329,0.409,0.4086,
1.41,0.2423,0.03732,0.006803,0.01112,0.04012,0.01956,0.003563,0.02395,0.01639,0.02388,0.4088,0.4085,
1.406,0.2403,0.03732,0.006803,0.01112,0.04003,0.01853,0.003508,0.02394,0.01636,0.02385,0.4088,0.4097,
1.405,0.2405,0.03732,0.006803,0.01112,0.03996,0.0183,0.003508,0.02395,0.01636,0.02385,0.4089,0.4099,
1.404,0.2405,0.03729,0.006803,0.01112,0.03996,0.01796,0.003498,0.02395,0.01636,0.02385,0.4089,0.4103,
1.404,0.2402,0.03719,0.006802,0.01112,0.03995,0.01787,0.003497,0.02394,0.01636,0.0241,0.4088,0.4104,
1.401,0.2429,0.03617,0.006799,0.01112,0.03993,0.01789,0.003387,0.02394,0.01636,0.02411,0.4088,0.4115,
1.399,0.2425,0.03531,0.006796,0.01112,0.03985,0.01789,0.003388,0.02395,0.01636,0.02411,0.4089,0.4123,
1.408,0.2374,0.03853,0.006796,0.01112,0.03985,0.01785,0.003378,0.02395,0.01637,0.02455,0.4085,0.4092,
1.411,0.2341,0.03909,0.006791,0.01111,0.03982,0.01778,0.003334,0.02393,0.01635,0.02536,0.4081,0.4083,
1.405,0.2399,0.03744,0.006785,0.01111,0.03968,0.01748,0.003288,0.02392,0.01635,0.02535,0.4085,0.4101,
1.41,0.2346,0.03936,0.00678,0.0111,0.03965,0.01719,0.003248,0.0239,0.01634,0.02602,0.4082,0.4082,
1.407,0.2353,0.03802,0.006773,0.0111,0.03956,0.01712,0.003172,0.02391,0.01634,0.02603,0.4082,0.4097,
1.404,0.2288,0.03737,0.006737,0.0111,0.03938,0.01708,0.003173,0.02391,0.01634,0.02603,0.4083,0.4105,
1.402,0.2327,0.03666,0.0067,0.01111,0.03917,0.01699,0.003173,0.02392,0.01635,0.02604,0.4084,0.4114,
1.41,0.224,0.04001,0.00669,0.01101,0.03909,0.01679,0.003127,0.0239,0.01634,0.02686,0.408,0.4082,
1.41,0.2255,0.03991,0.006679,0.011,0.03898,0.01679,0.003127,0.0239,0.01634,0.02685,0.4083,0.4082,
1.411,0.2222,0.04054,0.006635,0.01096,0.0389,0.01649,0.00312,0.02389,0.01633,0.02734,0.4081,0.4077,
1.411,0.2218,0.04029,0.006632,0.01095,0.03883,0.0164,0.00311,0.02388,0.01633,0.02758,0.408,0.4079,
1.412,0.2212,0.0403,0.006628,0.01095,0.03874,0.01639,0.003108,0.02387,0.01632,0.02817,0.4078,0.4077,
1.411,0.2202,0.03986,0.006628,0.01095,0.03868,0.01643,0.003074,0.02387,0.01632,0.02817,0.4078,0.4082,
1.406,0.2216,0.03802,0.006625,0.01095,0.03862,0.01639,0.003064,0.02387,0.01632,0.02817,0.4079,0.4101,
1.403,0.2217,0.03683,0.006622,0.01095,0.03851,0.01634,0.003064,0.02387,0.01632,0.02818,0.4079,0.4114,
1.398,0.2231,0.03534,0.00658,0.01094,0.03851,0.01617,0.003023,0.02386,0.01632,0.02818,0.4079,0.4131,
1.412,0.2133,0.0406,0.00658,0.01094,0.03838,0.0162,0.00299,0.02387,0.01633,0.02895,0.4072,0.4079,
1.414,0.219,0.04033,0.006609,0.01093,0.03872,0.01626,0.003114,0.02367,0.01627,0.02941,0.4075,0.4072,
1.413,0.2249,0.039,0.006684,0.01093,0.03925,0.0163,0.003196,0.0236,0.01667,0.02895,0.4076,0.4079,
1.41,0.2298,0.03775,0.00673,0.01093,0.03954,0.01615,0.003319,0.02357,0.01675,0.02879,0.4076,0.4089,
1.416,0.2379,0.03928,0.006752,0.01094,0.03972,0.01616,0.003607,0.02593,0.01439,0.02905,0.407,0.4072,
1.413,0.2438,0.03816,0.006767,0.01093,0.03974,0.01595,0.003811,0.02588,0.01486,0.02823,0.4076,0.408,
1.411,0.2486,0.03793,0.006765,0.01093,0.03978,0.01573,0.004014,0.02634,0.01431,0.02794,0.4078,0.4084,
1.407,0.2527,0.03629,0.006794,0.01094,0.03998,0.01557,0.004248,0.02621,0.01437,0.0277,0.4078,0.4101,
1.413,0.2507,0.0388,0.006789,0.01094,0.03989,0.01542,0.004379,0.02604,0.01451,0.02773,0.4078,0.4077,
1.415,0.2509,0.03908,0.006795,0.01095,0.04004,0.01529,0.004437,0.02596,0.0148,0.02758,0.4075,0.4076,
1.413,0.2509,0.03811,0.006801,0.01094,0.04009,0.01529,0.004599,0.02579,0.01479,0.02757,0.4077,0.4083,
1.41,0.2546,0.03622,0.006873,0.01095,0.04059,0.01536,0.004821,0.02556,0.01522,0.02709,0.4077,0.4096,
1.416,0.2434,0.03798,0.006892,0.01095,0.04074,0.01539,0.004993,0.02541,0.01529,0.02725,0.4075,0.4077,
1.413,0.2417,0.03646,0.006905,0.01096,0.04075,0.01539,0.005115,0.02532,0.0164,0.026,0.4077,0.409,
1.418,0.2373,0.03759,0.006908,0.01096,0.04086,0.01538,0.005275,0.02514,0.01647,0.02648,0.4075,0.4074,
1.415,0.2498,0.03637,0.006936,0.01091,0.04133,0.01526,0.005374,0.02506,0.01663,0.02624,0.4075,0.4084,
1.421,0.2507,0.03663,0.007028,0.0109,0.04196,0.01523,0.005488,0.02491,0.01673,0.02728,0.407,0.4068,
1.421,0.2511,0.03598,0.007023,0.01089,0.04182,0.01518,0.005678,0.02468,0.01713,0.02741,0.4069,0.4073,
1.423,0.2548,0.03638,0.007011,0.0109,0.04166,0.01525,0.005813,0.02447,0.01729,0.02762,0.4068,0.4068,
1.421,0.2506,0.03528,0.007054,0.01091,0.0419,0.01536,0.005828,0.02442,0.0173,0.02746,0.4069,0.4076,
1.42,0.2504,0.03516,0.007051,0.01091,0.04174,0.01526,0.00587,0.02439,0.01766,0.02703,0.407,0.4079,
1.417,0.2533,0.03361,0.007073,0.01092,0.04209,0.01532,0.006051,0.02419,0.01769,0.02681,0.4071,0.4092,
1.414,0.257,0.03221,0.007086,0.01093,0.04231,0.01544,0.006059,0.02422,0.01753,0.02681,0.4071,0.4103,
1.411,0.255,0.03131,0.007076,0.0109,0.04225,0.01563,0.005997,0.02437,0.01757,0.0265,0.4071,0.4113,
1.41,0.2519,0.03088,0.007075,0.01091,0.04224,0.01576,0.005866,0.0244,0.01761,0.02639,0.4072,0.4117,
1.422,0.2464,0.03561,0.007082,0.01091,0.0423,0.01567,0.00599,0.02429,0.01781,0.02608,0.4073,0.407,
1.418,0.2503,0.03409,0.007079,0.01092,0.04219,0.01572,0.006045,0.02428,0.01802,0.02584,0.4073,0.4085,
1.416,0.2522,0.03324,0.007069,0.01093,0.04214,0.01575,0.006121,0.02421,0.01818,0.02564,0.4074,0.4094,
1.414,0.2617,0.03273,0.007078,0.01093,0.04222,0.01564,0.006246,0.02419,0.01825,0.0252,0.4075,0.41,
1.425,0.269,0.03502,0.007078,0.01092,0.04222,0.01552,0.009447,0.021,0.01845,0.02571,0.4072,0.4074,
1.423,0.2705,0.03462,0.007105,0.01093,0.04238,0.01551,0.009584,0.02089,0.01883,0.02474,0.4074,0.408,
1.427,0.2717,0.03504,0.007109,0.01093,0.04262,0.01564,0.01088,0.01944,0.01916,0.02504,0.4072,0.407,
1.428,0.2684,0.03521,0.007082,0.01093,0.04263,0.01565,0.0109,0.01941,0.0191,0.02532,0.4071,0.4067,
1.426,0.2743,0.03359,0.007159,0.01093,0.04345,0.01555,0.01135,0.01886,0.01973,0.02468,0.4071,0.4076,
1.425,0.2783,0.0332,0.00717,0.01093,0.04347,0.01556,0.01159,0.01868,0.01986,0.02429,0.4072,0.408,
1.422,0.2806,0.03216,0.007191,0.01094,0.04364,0.01557,0.01152,0.01868,0.01996,0.02405,0.4073,0.409,
1.42,0.2839,0.03144,0.007201,0.01094,0.04385,0.0155,0.01154,0.01865,0.02063,0.02331,0.4073,0.4096,
1.417,0.2862,0.03037,0.007193,0.01094,0.04385,0.01554,0.01167,0.01853,0.0206,0.02316,0.4074,0.4108,
1.428,0.279,0.03382,0.007175,0.01093,0.04373,0.01564,0.01163,0.01843,0.02058,0.02423,0.407,0.4068,
1.427,0.2834,0.03311,0.007197,0.01094,0.04382,0.01574,0.01153,0.01835,0.02073,0.02408,0.4071,0.4074,
1.425,0.2813,0.03262,0.007196,0.01094,0.04383,0.01577,0.01158,0.01867,0.02041,0.02391,0.4072,0.4079,
1.425,0.2759,0.03222,0.007186,0.01095,0.04401,0.0157,0.01178,0.01847,0.02125,0.02308,0.4072,0.4081,
1.421,0.2817,0.03067,0.007173,0.01095,0.04414,0.0158,0.0132,0.01696,0.02125,0.02289,0.4074,0.4095,
1.419,0.2841,0.03,0.007185,0.01096,0.04425,0.0157,0.01324,0.01693,0.02149,0.0226,0.4074,0.4103,
1.417,0.2884,0.02938,0.007194,0.01096,0.04433,0.0158,0.01319,0.01699,0.02183,0.02189,0.4075,0.411,
1.427,0.2803,0.03284,0.007179,0.01096,0.04421,0.0158,0.01339,0.01684,0.02183,0.02213,0.4074,0.4074,
1.427,0.2721,0.0325,0.007197,0.01096,0.04428,0.01587,0.01346,0.01668,0.02183,0.02251,0.4073,0.4074,
1.429,0.2585,0.03308,0.007196,0.01096,0.04422,0.01593,0.01356,0.01666,0.02208,0.0224,0.4073,0.4067,
1.428,0.26,0.03245,0.007203,0.01086,0.04426,0.01595,0.0136,0.01653,0.02221,0.02269,0.4071,0.4072,
1.426,0.2605,0.03188,0.007176,0.01085,0.04421,0.01601,0.0137,0.01636,0.02217,0.02249,0.4073,0.4078,
1.429,0.2586,0.03232,0.007182,0.01084,0.04427,0.01607,0.01374,0.01622,0.02213,0.02324,0.407,0.407,
1.428,0.2605,0.03152,0.007131,0.01084,0.04421,0.01621,0.01366,0.01613,0.02229,0.02344,0.4069,0.4077,
1.435,0.2555,0.03267,0.007138,0.01083,0.04413,0.01605,0.01362,0.01608,0.02245,0.02507,0.4059,0.4061,
1.433,0.2585,0.03216,0.007136,0.01083,0.0441,0.01612,0.01358,0.01613,0.02252,0.02478,0.4063,0.4064,
1.431,0.2639,0.03118,0.007177,0.01084,0.04433,0.01628,0.01354,0.01596,0.02265,0.02466,0.4063,0.4071,
1.432,0.2665,0.03141,0.00717,0.01084,0.04425,0.01622,0.01363,0.01583,0.02273,0.02496,0.4062,0.4068,
1.435,0.2632,0.03172,0.007213,0.01084,0.04454,0.01643,0.01353,0.01585,0.02258,0.0253,0.4061,0.4059,
1.436,0.2642,0.03178,0.007189,0.01082,0.04474,0.01652,0.01355,0.01576,0.02252,0.0258,0.4055,0.4058,
1.432,0.2702,0.03007,0.007213,0.01082,0.0449,0.01649,0.01356,0.01567,0.02277,0.02549,0.4059,0.4071,
1.43,0.2804,0.02904,0.007233,0.01082,0.04498,0.01672,0.01349,0.01872,0.01955,0.02549,0.4059,0.408,
1.437,0.2679,0.03125,0.007216,0.01083,0.04498,0.0169,0.01334,0.01874,0.01984,0.02558,0.4058,0.4055,
1.435,0.2731,0.0306,0.007234,0.01083,0.04501,0.01675,0.01349,0.01874,0.0201,0.02516,0.4058,0.4062,
1.433,0.276,0.03018,0.007232,0.01084,0.04496,0.02002,0.01027,0.01879,0.02038,0.0248,0.4059,0.4067,
1.436,0.2742,0.03114,0.007233,0.01084,0.04492,0.02005,0.01024,0.01877,0.02034,0.02519,0.4058,0.4055,
1.435,0.2769,0.03107,0.007238,0.01084,0.0449,0.01985,0.01018,0.01888,0.02053,0.02497,0.4058,0.4058,
1.432,0.2785,0.03003,0.007195,0.01084,0.04483,0.01981,0.0104,0.01859,0.02083,0.02457,0.4058,0.4071,
1.43,0.285,0.02933,0.007199,0.01084,0.04486,0.01979,0.01042,0.01854,0.02081,0.02448,0.4058,0.4079,
1.428,0.2925,0.02855,0.007213,0.01084,0.04497,0.01995,0.01039,0.01849,0.02085,0.02436,0.4058,0.4086,
1.427,0.3094,0.02836,0.007199,0.01085,0.04498,0.02007,0.01039,0.01838,0.02094,0.02406,0.4059,0.4088,
1.424,0.305,0.02745,0.007165,0.01085,0.04502,0.02004,0.01035,0.01842,0.0209,0.02402,0.4059,0.4098,
1.421,0.3024,0.02674,0.007192,0.01086,0.04497,0.01994,0.0104,0.01834,0.02138,0.02345,0.4062,0.4106,
1.434,0.2928,0.03119,0.007222,0.01086,0.04516,0.01983,0.0104,0.0183,0.02181,0.02323,0.4061,0.4059,
1.435,0.2981,0.03133,0.00722,0.01086,0.04503,0.01986,0.0114,0.01731,0.02209,0.02307,0.4061,0.4058,
1.434,0.2979,0.03094,0.007241,0.01087,0.04506,0.01995,0.01136,0.0173,0.02215,0.02277,0.4063,0.4061,
1.427,0.2983,0.02874,0.007249,0.01087,0.04502,0.01982,0.01132,0.01741,0.02202,0.02278,0.4064,0.4084,
1.432,0.2974,0.03035,0.007283,0.01087,0.0451,0.01993,0.01125,0.01746,0.0219,0.02293,0.4065,0.4065,
1.43,0.2959,0.02953,0.007293,0.01087,0.04513,0.02001,0.01128,0.01738,0.02218,0.02262,0.4065,0.4072,
1.427,0.2984,0.02849,0.007303,0.01087,0.04507,0.01993,0.01136,0.01728,0.02214,0.02262,0.4066,0.4084,
1.425,0.3013,0.02789,0.007304,0.01087,0.04532,0.0201,0.01094,0.0177,0.02182,0.0224,0.4066,0.4091,
1.412,0.3013,0.02719,0.007305,0.01085,0.04549,0.01724,0.01224,0.01562,0.02193,0.02213,0.4068,0.4133,
1.431,0.2957,0.0341,0.007269,0.01083,0.04552,0.01718,0.01225,0.01553,0.02192,0.02272,0.4065,0.4062,
1.43,0.2841,0.03383,0.0073,0.01084,0.04562,0.01715,0.01228,0.01554,0.02187,0.02248,0.4067,0.4064,
1.427,0.2865,0.03303,0.007234,0.01077,0.0457,0.01713,0.01225,0.01551,0.02206,0.02221,0.4067,0.4074,
1.423,0.2888,0.03178,0.007237,0.01078,0.04569,0.01707,0.01222,0.0161,0.02133,0.02204,0.4068,0.4089,
1.431,0.2595,0.03417,0.007256,0.01078,0.04586,0.01702,0.01222,0.01601,0.02132,0.02276,0.4066,0.4061,
1.429,0.26,0.03384,0.007259,0.01078,0.04592,0.01694,0.01213,0.01595,0.02154,0.02253,0.4066,0.4065,
1.427,0.2609,0.03316,0.007252,0.01079,0.04592,0.01717,0.01195,0.01588,0.02174,0.0223,0.4066,0.4072,
1.423,0.266,0.03162,0.007284,0.01069,0.04623,0.01717,0.01176,0.01608,0.02153,0.0223,0.4066,0.4087,
1.431,0.2705,0.03375,0.007306,0.01068,0.04637,0.0171,0.01196,0.01585,0.02157,0.02289,0.4063,0.4062,
1.431,0.2734,0.03236,0.007321,0.01067,0.04653,0.01712,0.01213,0.01571,0.02168,0.02392,0.4059,0.4067,
1.429,0.2719,0.03177,0.007343,0.01068,0.04658,0.01709,0.01213,0.01565,0.02186,0.02375,0.4059,0.4072,
1.426,0.2735,0.03097,0.007337,0.01068,0.04642,0.01713,0.01209,0.01563,0.02191,0.02352,0.4061,0.4082,
1.433,0.2717,0.03276,0.007338,0.01067,0.04633,0.01717,0.01219,0.01553,0.02195,0.02432,0.4058,0.406,
1.433,0.2729,0.03171,0.007323,0.01067,0.04655,0.01708,0.0123,0.01548,0.0222,0.02494,0.4054,0.4064,
1.43,0.2746,0.03026,0.007379,0.01067,0.04696,0.017,0.01219,0.01558,0.02253,0.02447,0.4054,0.4076,
1.438,0.274,0.03258,0.007379,0.01066,0.04692,0.01697,0.01212,0.01557,0.02256,0.02524,0.4051,0.4048,
1.436,0.3006,0.03211,0.007394,0.01067,0.04703,0.0169,0.01213,0.01563,0.02263,0.02494,0.4051,0.4054,
1.434,0.2858,0.03145,0.007387,0.01068,0.04698,0.01694,0.01209,0.01559,0.02276,0.02476,0.4052,0.4062,
1.432,0.2912,0.0308,0.007381,0.01068,0.04695,0.01702,0.01202,0.0156,0.02282,0.02447,0.4053,0.4069,
1.437,0.2739,0.03237,0.007377,0.01068,0.04684,0.01701,0.01195,0.01555,0.02277,0.02514,0.4051,0.4052,
1.435,0.2738,0.03196,0.007386,0.01069,0.04675,0.01799,0.011,0.01536,0.02295,0.02497,0.4052,0.4057,
1.434,0.2763,0.03166,0.007384,0.01064,0.04674,0.01799,0.01116,0.01521,0.02305,0.02482,0.4053,0.4061,
1.439,0.2699,0.03295,0.007378,0.01065,0.04655,0.01795,0.01102,0.0152,0.02305,0.02579,0.4044,0.4051,
1.436,0.2682,0.03198,0.007396,0.01064,0.04665,0.01788,0.01107,0.01505,0.02302,0.02577,0.405,0.4056,
1.434,0.2675,0.03148,0.007397,0.01065,0.04667,0.01777,0.01108,0.01496,0.02339,0.02531,0.405,0.4063,
1.431,0.2706,0.03073,0.007404,0.01065,0.04671,0.01761,0.01095,0.01504,0.02331,0.02531,0.4051,0.4072,
1.429,0.2685,0.03017,0.007426,0.0106,0.04682,0.01753,0.01093,0.01499,0.0234,0.02523,0.4051,0.4078,
1.424,0.2736,0.02847,0.007408,0.01058,0.04676,0.01739,0.01082,0.01504,0.02405,0.02456,0.4052,0.4097,
1.437,0.28,0.03333,0.007405,0.01044,0.04653,0.01723,0.01086,0.01508,0.024,0.02535,0.405,0.4048,
1.438,0.2703,0.03395,0.00742,0.01041,0.04654,0.01805,0.009393,0.01509,0.02407,0.02584,0.4045,0.4048,
1.437,0.2718,0.03376,0.007419,0.01041,0.04647,0.01815,0.009371,0.01502,0.02402,0.02583,0.4049,0.4046,
1.435,0.272,0.03293,0.00737,0.0104,0.04679,0.01815,0.009224,0.01511,0.02394,0.02583,0.4049,0.4053,
1.434,0.2739,0.03286,0.007376,0.0104,0.0468,0.0183,0.009158,0.01502,0.02442,0.02523,0.4051,0.4054,
1.432,0.2859,0.03192,0.007419,0.0104,0.04698,0.01832,0.009137,0.01502,0.02435,0.02524,0.4051,0.4061,
1.437,0.2867,0.0326,0.007466,0.0104,0.04735,0.01841,0.009091,0.01486,0.02448,0.02615,0.4047,0.4045,
1.434,0.2902,0.03169,0.00749,0.01041,0.04742,0.01823,0.009015,0.0149,0.02472,0.02585,0.4048,0.4055,
1.431,0.2887,0.03039,0.007483,0.01042,0.04727,0.0183,0.008959,0.01495,0.02501,0.02545,0.4048,0.4069,
1.427,0.2834,0.02965,0.007489,0.01042,0.04715,0.01773,0.009044,0.01491,0.02543,0.02494,0.4049,0.4083,
1.437,0.2749,0.03328,0.007484,0.01041,0.04706,0.01786,0.009052,0.01483,0.02548,0.02534,0.4047,0.4045,
1.437,0.2753,0.03262,0.007534,0.01042,0.04737,0.01774,0.009083,0.01482,0.02562,0.0257,0.4042,0.4049,
1.438,0.2676,0.03227,0.007561,0.01041,0.04753,0.0178,0.009122,0.01469,0.0256,0.02609,0.4044,0.4045,
1.432,0.2736,0.03095,0.007605,0.01041,0.04779,0.01927,0.007293,0.0146,0.02576,0.02582,0.4045,0.406,
1.437,0.2721,0.03285,0.007603,0.01042,0.04779,0.01921,0.007251,0.01461,0.02579,0.02601,0.4043,0.4042,
1.436,0.2684,0.03212,0.007636,0.01042,0.04785,0.01927,0.007225,0.01461,0.02579,0.02616,0.4044,0.4045,
1.438,0.2649,0.03255,0.007635,0.01041,0.0478,0.01932,0.00704,0.01468,0.02595,0.0264,0.4043,0.404,
1.436,0.2596,0.03227,0.007632,0.01042,0.04765,0.01922,0.006999,0.01468,0.02603,0.02633,0.4044,0.4044,
1.433,0.2599,0.03094,0.007667,0.01043,0.04788,0.01901,0.007123,0.01452,0.02627,0.026,0.4044,0.4058,
1.432,0.2697,0.03059,0.00767,0.01044,0.04791,0.01885,0.007095,0.0163,0.02478,0.02562,0.4044,0.4063,
1.44,0.2603,0.0327,0.007688,0.01043,0.04799,0.01854,0.007281,0.01612,0.02491,0.02669,0.404,0.4037,
1.441,0.2495,0.03201,0.007681,0.01041,0.04793,0.01846,0.007279,0.0161,0.02515,0.02781,0.4034,0.4037,
1.438,0.2503,0.03075,0.00766,0.01042,0.04795,0.01853,0.007207,0.01624,0.02512,0.0277,0.4034,0.405,
1.436,0.2534,0.02987,0.007671,0.0104,0.04804,0.01861,0.007126,0.01624,0.02529,0.02753,0.4035,0.4058,
1.433,0.2572,0.0291,0.007669,0.01041,0.04799,0.01865,0.007054,0.01645,0.02552,0.02689,0.4036,0.4067,
1.443,0.2594,0.03219,0.007698,0.01041,0.04814,0.01845,0.007135,0.01855,0.02405,0.02671,0.4031,0.4036,
1.441,0.2595,0.03093,0.007728,0.01042,0.04846,0.01844,0.007094,0.01854,0.02399,0.0267,0.4034,0.4043,
1.443,0.2415,0.03169,0.007749,0.01042,0.04875,0.01842,0.007016,0.01861,0.02409,0.02674,0.4033,0.4032,
1.442,0.2422,0.03122,0.007746,0.01044,0.04877,0.01839,0.006986,0.01865,0.02398,0.02675,0.4034,0.4037,
1.439,0.2475,0.03009,0.007746,0.01044,0.04875,0.01838,0.006947,0.01881,0.02407,0.02637,0.4035,0.4049,
1.436,0.2489,0.02922,0.007731,0.01037,0.04886,0.01834,0.006974,0.01882,0.02414,0.02624,0.4035,0.4058,
1.433,0.2441,0.02847,0.007646,0.01038,0.04881,0.01835,0.006914,0.0188,0.02411,0.02624,0.4035,0.4068,
1.445,0.2429,0.03167,0.007666,0.01038,0.04898,0.01834,0.008579,0.01729,0.02405,0.02653,0.4034,0.4031,
1.447,0.251,0.03172,0.007703,0.01038,0.04919,0.01818,0.01071,0.01524,0.02411,0.02665,0.4032,0.403,
1.444,0.2586,0.03039,0.007704,0.01038,0.04921,0.01818,0.01079,0.01659,0.02322,0.0261,0.4033,0.4041,
1.447,0.264,0.03063,0.007709,0.01037,0.04923,0.0182,0.01081,0.01663,0.02335,0.02692,0.4029,0.4033,
1.444,0.2593,0.02933,0.007715,0.01037,0.04916,0.01815,0.01086,0.01672,0.02369,0.02643,0.403,0.4046,
1.448,0.2568,0.03076,0.007715,0.01038,0.04923,0.01813,0.01078,0.01675,0.02401,0.02615,0.4029,0.4032,
1.446,0.2571,0.03015,0.0077,0.01038,0.04921,0.01821,0.011,0.0165,0.02409,0.02604,0.403,0.4038,
1.445,0.2595,0.02954,0.007705,0.01039,0.04922,0.01852,0.0109,0.01633,0.02427,0.02582,0.403,0.4043,
1.449,0.2581,0.03104,0.007707,0.01039,0.0493,0.0184,0.0111,0.01624,0.02425,0.02605,0.4027,0.4029,
1.446,0.2633,0.02984,0.007676,0.01039,0.04935,0.01857,0.01102,0.01622,0.0252,0.02488,0.403,0.4038,
1.444,0.2637,0.02957,0.007653,0.0103,0.04936,0.0186,0.01103,0.01622,0.02562,0.02429,0.403,0.4043,
1.444,0.2588,0.02941,0.007659,0.0103,0.04939,0.01864,0.01108,0.01622,0.02606,0.02379,0.4031,0.4044,
1.449,0.2608,0.02999,0.007716,0.0103,0.04977,0.01855,0.01127,0.01604,0.02604,0.02466,0.4027,0.4029,
1.449,0.2586,0.02991,0.007719,0.0103,0.04978,0.0185,0.01135,0.0161,0.0259,0.02466,0.4028,0.403,
1.446,0.2539,0.02935,0.00765,0.0103,0.04978,0.01855,0.01122,0.01611,0.0262,0.02429,0.4028,0.4038,
1.445,0.2538,0.02869,0.007659,0.0103,0.04979,0.01864,0.01119,0.0161,0.02624,0.02421,0.4028,0.4044,
1.442,0.2583,0.02752,0.007689,0.01031,0.05006,0.01867,0.01124,0.01606,0.02678,0.02363,0.4028,0.4052,
1.447,0.2592,0.02994,0.007684,0.01026,0.05013,0.02231,0.007468,0.01598,0.02679,0.02418,0.4026,0.4026,
1.444,0.2786,0.02907,0.007687,0.01027,0.05001,0.02233,0.007568,0.0159,0.0271,0.02379,0.4027,0.4036,
1.441,0.2794,0.02808,0.007702,0.01027,0.05002,0.02243,0.00755,0.0159,0.02724,0.02347,0.4029,0.4044,
1.446,0.2713,0.02937,0.007703,0.01028,0.05004,0.02243,0.007499,0.016,0.02788,0.02318,0.4027,0.4029,
1.448,0.2652,0.02925,0.007669,0.01027,0.05032,0.0225,0.007446,0.01595,0.02786,0.02411,0.4023,0.4023,
1.448,0.2658,0.02875,0.007669,0.01028,0.05032,0.02229,0.007473,0.0159,0.02802,0.02446,0.4022,0.4027,
1.446,0.2724,0.02842,0.007653,0.01028,0.05023,0.02218,0.007602,0.0158,0.02796,0.02446,0.4022,0.4032,
1.45,0.2682,0.0296,0.007672,0.01028,0.05035,0.02181,0.007559,0.01578,0.02804,0.02482,0.4021,0.402,
1.439,0.2493,0.02954,0.007647,0.01027,0.05013,0.01884,0.007491,0.01566,0.02801,0.02477,0.4022,0.4054,
1.436,0.251,0.0291,0.007655,0.01028,0.05012,0.01833,0.007532,0.01565,0.02842,0.02433,0.4023,0.4063,
1.436,0.2508,0.02909,0.007645,0.01029,0.0501,0.01828,0.007646,0.01558,0.02845,0.02427,0.4023,0.4064,
1.448,0.2484,0.03292,0.007631,0.01028,0.05,0.01805,0.007574,0.0156,0.02851,0.02551,0.4018,0.4022,
1.447,0.228,0.03206,0.007616,0.01028,0.04991,0.01792,0.007573,0.0155,0.02866,0.0258,0.4016,0.403,
1.452,0.2194,0.0333,0.007591,0.01027,0.0498,0.01786,0.007566,0.0156,0.0286,0.0267,0.4013,0.4014,
1.449,0.2196,0.03256,0.007621,0.01028,0.04997,0.01776,0.007606,0.01562,0.02862,0.02638,0.4015,0.402,
1.447,0.2245,0.0317,0.007621,0.01029,0.04995,0.01768,0.007544,0.01583,0.02848,0.02633,0.4015,0.4031,
1.444,0.227,0.03089,0.007617,0.0103,0.04981,0.01789,0.007339,0.01601,0.02853,0.02576,0.4019,0.404,
1.452,0.2263,0.03331,0.007634,0.01029,0.04979,0.01779,0.007417,0.01614,0.02875,0.02606,0.4015,0.4013,
1.449,0.2284,0.0328,0.00763,0.01031,0.04968,0.01759,0.007459,0.01618,0.02879,0.02582,0.4016,0.4021,
1.449,0.2301,0.03259,0.007663,0.01031,0.0498,0.01758,0.007508,0.01616,0.02893,0.02582,0.4016,0.4021,
1.452,0.2306,0.03345,0.007652,0.01031,0.04968,0.01768,0.007481,0.01611,0.02962,0.02538,0.4015,0.4011,
1.45,0.2249,0.03298,0.00761,0.01031,0.04975,0.01773,0.007418,0.01626,0.02973,0.0248,0.4018,0.4016,
1.452,0.2207,0.0332,0.007608,0.01031,0.04965,0.0178,0.00761,0.01621,0.0297,0.02499,0.4016,0.4013,
1.449,0.2208,0.03235,0.007612,0.01031,0.04966,0.01764,0.007681,0.01633,0.02961,0.02485,0.4016,0.4024,
1.454,0.2202,0.03358,0.007607,0.0102,0.04963,0.0174,0.007637,0.01648,0.02938,0.02595,0.4012,0.401,
1.455,0.2284,0.0336,0.00761,0.01021,0.04961,0.01728,0.007709,0.01873,0.02706,0.02601,0.4012,0.401,
1.453,0.2375,0.03282,0.007609,0.01021,0.04965,0.01724,0.007772,0.02037,0.02607,0.02522,0.4012,0.4018,
1.454,0.2379,0.0336,0.007605,0.01022,0.04924,0.01702,0.007823,0.02058,0.02589,0.02525,0.4014,0.4014,
1.45,0.2426,0.03264,0.007599,0.01022,0.04894,0.01693,0.007897,0.02086,0.02586,0.0249,0.4015,0.4026,
1.449,0.2454,0.03249,0.007553,0.01022,0.04872,0.0169,0.007922,0.02092,0.02628,0.02439,0.4016,0.403,
1.447,0.2384,0.03163,0.00755,0.01024,0.04875,0.0168,0.007897,0.02101,0.02631,0.02428,0.4016,0.4039,
1.451,0.2317,0.03343,0.00752,0.01023,0.04884,0.01895,0.005851,0.02091,0.02639,0.02465,0.4015,0.4018,
1.452,0.2307,0.03276,0.007557,0.01022,0.04934,0.01901,0.005811,0.02107,0.02658,0.02478,0.4013,0.4016,
1.451,0.2303,0.03263,0.007553,0.01019,0.04932,0.01904,0.005865,0.02107,0.0266,0.0246,0.4013,0.4018,
1.449,0.2329,0.03221,0.007577,0.01019,0.04949,0.01896,0.00584,0.02111,0.02713,0.0237,0.4016,0.4022,
1.446,0.2385,0.03183,0.007577,0.0102,0.04928,0.01868,0.00567,0.0212,0.02734,0.02331,0.4016,0.4033,
1.443,0.2296,0.03106,0.0076,0.01021,0.04922,0.01853,0.005784,0.02133,0.02711,0.02323,0.4018,0.4042,
1.441,0.2337,0.03049,0.007604,0.01022,0.04917,0.01847,0.005865,0.02119,0.02733,0.02285,0.402,0.4048,
1.439,0.234,0.02957,0.007648,0.01022,0.04944,0.01853,0.005848,0.02132,0.02728,0.02268,0.402,0.4054,
1.434,0.2392,0.02797,0.007658,0.01017,0.0497,0.01817,0.005962,0.02115,0.02738,0.02255,0.4021,0.4072,
1.449,0.2461,0.03292,0.007616,0.01016,0.04961,0.01791,0.00606,0.02114,0.0277,0.02321,0.4017,0.402,
1.448,0.2325,0.0328,0.007586,0.01013,0.0496,0.01765,0.006107,0.02108,0.02784,0.02333,0.4016,0.4023,
1.452,0.2258,0.03324,0.007579,0.01012,0.0495,0.01755,0.00626,0.02106,0.02787,0.02402,0.4014,0.4014,
1.449,0.2276,0.03247,0.007575,0.01003,0.04945,0.01743,0.006308,0.02103,0.02808,0.02378,0.4014,0.4025,
1.453,0.226,0.034,0.007577,0.01002,0.04932,0.01735,0.006295,0.02104,0.02795,0.02424,0.4012,0.401,
1.45,0.2282,0.03256,0.007616,0.01002,0.04954,0.0171,0.006302,0.02105,0.02793,0.02443,0.4012,0.4023,
1.448,0.2558,0.03181,0.00765,0.01003,0.0497,0.01728,0.006165,0.02113,0.02833,0.02378,0.4013,0.4028,
1.447,0.2455,0.03124,0.007694,0.01002,0.05004,0.01727,0.006348,0.02098,0.02836,0.02355,0.4013,0.4032,
1.456,0.2466,0.03315,0.007751,0.01002,0.05041,0.01729,0.006426,0.02091,0.02839,0.02444,0.4003,0.4009,
1.453,0.2496,0.03244,0.007752,0.01001,0.05042,0.0173,0.006536,0.0209,0.02825,0.0243,0.401,0.4011,
1.454,0.25,0.03227,0.007752,0.01001,0.0504,0.01728,0.006559,0.02086,0.0284,0.0245,0.4008,0.4012,
1.455,0.2529,0.0323,0.007771,0.01001,0.05048,0.01727,0.006555,0.02085,0.02838,0.02473,0.4007,0.4009,
1.453,0.2588,0.03199,0.007761,0.01002,0.0504,0.01734,0.006524,0.02086,0.02834,0.02462,0.4008,0.4013,
1.457,0.2409,0.03294,0.007711,0.01002,0.05037,0.01733,0.006705,0.02074,0.02868,0.02473,0.4007,0.4001,
1.454,0.243,0.03198,0.007719,0.009927,0.05041,0.01725,0.006695,0.02079,0.02863,0.02457,0.4007,0.4013,
1.451,0.2466,0.03118,0.00772,0.009935,0.05045,0.01701,0.006835,0.02069,0.02868,0.02424,0.4009,0.4024,
1.455,0.2426,0.03267,0.007731,0.009932,0.05049,0.01766,0.006217,0.02078,0.02853,0.02467,0.4007,0.4006,
1.458,0.2428,0.03293,0.007732,0.009929,0.05033,0.01752,0.006654,0.02057,0.02892,0.02488,0.4004,0.4001,
1.456,0.2419,0.03238,0.007741,0.009931,0.05038,0.01754,0.006659,0.02048,0.02918,0.0246,0.4005,0.4006,
1.452,0.244,0.03096,0.007756,0.009936,0.05042,0.01752,0.006635,0.02052,0.02928,0.02441,0.4005,0.402,
1.456,0.2427,0.03233,0.007756,0.009934,0.05031,0.01737,0.006624,0.02052,0.02968,0.02439,0.4004,0.4007,
1.45,0.2435,0.03024,0.007729,0.009915,0.05009,0.01739,0.00666,0.02033,0.02978,0.0243,0.4004,0.4031,
1.456,0.2413,0.03302,0.007712,0.009875,0.05002,0.01724,0.006695,0.02047,0.02976,0.02423,0.4005,0.4005,
1.458,0.2266,0.03335,0.007724,0.009874,0.04999,0.01718,0.006822,0.02038,0.02978,0.02457,0.4003,0.4001,
1.46,0.2208,0.03323,0.007735,0.00988,0.05003,0.01704,0.006889,0.02033,0.0297,0.0256,0.3993,0.4003,
1.463,0.2168,0.03353,0.007702,0.009864,0.04983,0.01706,0.006734,0.02029,0.02987,0.02666,0.3994,0.3991,
1.466,0.2166,0.03362,0.007718,0.009829,0.04996,0.01693,0.006748,0.02031,0.02989,0.02747,0.3988,0.3987,
1.465,0.2137,0.03346,0.007737,0.009825,0.04999,0.01651,0.006705,0.02045,0.02977,0.02789,0.3989,0.3988,
1.465,0.2135,0.03313,0.007747,0.009833,0.04994,0.01653,0.00779,0.01922,0.02978,0.02789,0.3989,0.3992,
1.465,0.2176,0.03257,0.007793,0.009835,0.05022,0.01786,0.008163,0.0176,0.0298,0.02779,0.3989,0.3994,
1.465,0.221,0.0329,0.007791,0.00974,0.05022,0.01777,0.008351,0.01739,0.03005,0.02755,0.399,0.3993,
1.464,0.2304,0.03237,0.007813,0.009746,0.05041,0.01777,0.008393,0.01741,0.03054,0.02693,0.399,0.3996,
1.461,0.2178,0.03133,0.007815,0.009748,0.05037,0.0178,0.008482,0.01743,0.03047,0.02687,0.399,0.4006,
1.458,0.2353,0.03049,0.00782,0.009699,0.05045,0.01786,0.00838,0.0175,0.03047,0.02643,0.3994,0.4015,
1.457,0.2419,0.02956,0.007819,0.009696,0.05074,0.01782,0.0085,0.01855,0.02951,0.02621,0.3992,0.4024,
1.466,0.2264,0.03259,0.007829,0.009696,0.05101,0.0178,0.00857,0.01852,0.02975,0.02614,0.3992,0.3989,
1.465,0.2223,0.03233,0.007837,0.009696,0.05092,0.0179,0.008546,0.01848,0.02971,0.02634,0.3992,0.3991,
1.461,0.2244,0.03085,0.007862,0.009701,0.05093,0.01783,0.008689,0.01841,0.03018,0.02563,0.3993,0.4006,
1.459,0.2225,0.02995,0.007882,0.009703,0.0509,0.0179,0.008719,0.01844,0.03104,0.02459,0.3995,0.4014,
1.457,0.2256,0.02953,0.007887,0.009708,0.05084,0.01794,0.008823,0.01833,0.03104,0.02452,0.3995,0.4019,
1.464,0.2249,0.0315,0.007884,0.009702,0.05086,0.01784,0.008818,0.01822,0.03126,0.025,0.3993,0.3996,
1.46,0.225,0.0303,0.007847,0.009704,0.05115,0.01788,0.008847,0.0183,0.0314,0.02442,0.3994,0.4007,
1.463,0.2232,0.03083,0.007841,0.009707,0.05103,0.01787,0.008831,0.01833,0.03187,0.02457,0.3992,0.3999,
1.462,0.2235,0.0312,0.007833,0.009701,0.05087,0.01664,0.008863,0.01823,0.03194,0.02531,0.3989,0.4005,
1.46,0.2258,0.03068,0.007857,0.009552,0.05104,0.01657,0.009011,0.01811,0.03221,0.02499,0.3989,0.401,
1.465,0.224,0.03239,0.007787,0.00955,0.05113,0.01663,0.009122,0.0179,0.03259,0.0249,0.3987,0.3993,
1.462,0.2251,0.0313,0.007795,0.009558,0.05081,0.0167,0.009124,0.01794,0.03313,0.02427,0.3991,0.4003,
1.464,0.2287,0.03196,0.007829,0.009565,0.05068,0.01789,0.008028,0.0179,0.03323,0.02466,0.3991,0.3992,
1.464,0.2355,0.03172,0.007836,0.009573,0.05034,0.01795,0.0081,0.01996,0.03107,0.02468,0.3993,0.3995,
1.463,0.2397,0.03065,0.007915,0.009576,0.05083,0.01792,0.008173,0.01987,0.03118,0.02457,0.3993,0.4,
1.46,0.2449,0.0292,0.00798,0.00957,0.05126,0.01807,0.008183,0.01978,0.03116,0.02454,0.3993,0.4009,
1.462,0.2481,0.02962,0.007975,0.009572,0.05126,0.0181,0.008279,0.01977,0.03118,0.02457,0.3993,0.4004,
1.46,0.2433,0.02901,0.00797,0.009573,0.05118,0.01813,0.008462,0.01956,0.03126,0.02449,0.3993,0.4011,
1.465,0.2382,0.03095,0.007972,0.009573,0.05115,0.01816,0.008377,0.01958,0.03127,0.02463,0.3993,0.399,
1.463,0.2415,0.03,0.007972,0.009576,0.05128,0.01793,0.008604,0.0194,0.03138,0.02449,0.3993,0.4001,
1.465,0.2386,0.03074,0.007994,0.009575,0.05125,0.01802,0.008708,0.01919,0.03138,0.02479,0.3993,0.3991,
1.465,0.2453,0.03029,0.00799,0.009581,0.05118,0.01798,0.01083,0.01705,0.03147,0.02466,0.3993,0.3996,
1.464,0.2466,0.03008,0.008015,0.009583,0.05122,0.01798,0.01082,0.01701,0.03151,0.02459,0.3994,0.3998,
1.463,0.2447,0.02958,0.008012,0.009589,0.05119,0.01802,0.01091,0.01696,0.03154,0.0243,0.3995,0.4004,
1.46,0.2459,0.02894,0.008009,0.009592,0.05113,0.01802,0.011,0.0168,0.0316,0.0241,0.3996,0.4012,
1.465,0.2585,0.02977,0.008088,0.009591,0.0515,0.01789,0.01096,0.01684,0.0318,0.02468,0.3994,0.3995,
1.462,0.2517,0.02866,0.008096,0.009598,0.05134,0.01784,0.01093,0.01679,0.03187,0.02463,0.3995,0.4007,
1.459,0.2536,0.02815,0.008097,0.0096,0.05126,0.01776,0.01104,0.01678,0.03194,0.02421,0.3997,0.4015,
1.457,0.238,0.02749,0.008097,0.009604,0.05123,0.01786,0.01088,0.01684,0.03196,0.02405,0.3997,0.4023,
1.456,0.2389,0.02734,0.008089,0.009564,0.05122,0.01794,0.01083,0.01694,0.03211,0.0236,0.3998,0.4026,
1.454,0.242,0.02667,0.008092,0.00957,0.05124,0.018,0.01093,0.01698,0.03207,0.02337,0.3998,0.4032,
1.452,0.2456,0.02614,0.008092,0.00957,0.05124,0.01798,0.01107,0.01692,0.03187,0.02337,0.3998,0.4039,
1.463,0.2424,0.02992,0.007986,0.009497,0.0513,0.01795,0.01096,0.0172,0.03172,0.02364,0.3997,0.4001,
1.463,0.2392,0.03003,0.007999,0.009333,0.05117,0.01802,0.01091,0.01721,0.03172,0.02379,0.3997,0.4001,
1.461,0.2368,0.02972,0.007995,0.009343,0.05111,0.01792,0.01095,0.01722,0.03197,0.02338,0.3998,0.4006,
1.462,0.2392,0.03054,0.007986,0.00935,0.05099,0.01744,0.01094,0.0172,0.03181,0.02377,0.3997,0.4003,
1.464,0.2386,0.03087,0.00797,0.009353,0.05086,0.01753,0.01097,0.01726,0.03162,0.02423,0.3996,0.3997,
1.461,0.2355,0.02976,0.007955,0.009354,0.05101,0.01766,0.01093,0.01742,0.03133,0.02417,0.3997,0.4007,
1.459,0.2363,0.02926,0.007965,0.009363,0.05088,0.01776,0.01091,0.01735,0.03149,0.02392,0.3999,0.4012,
1.464,0.2357,0.03084,0.007962,0.009359,0.05089,0.01759,0.01084,0.01757,0.0319,0.02391,0.3996,0.3995,
1.463,0.2361,0.03012,0.008015,0.009371,0.05138,0.01746,0.01094,0.01745,0.0321,0.02343,0.3997,0.4,
1.461,0.2388,0.02997,0.008023,0.009375,0.05135,0.01736,0.01104,0.01741,0.0321,0.02304,0.4,0.4004,
1.458,0.2413,0.02921,0.00803,0.009193,0.05137,0.01758,0.01082,0.01745,0.0325,0.0225,0.3999,0.4014,
1.455,0.247,0.02817,0.008013,0.009189,0.05159,0.01755,0.01083,0.01739,0.03258,0.02233,0.3999,0.4024,
1.463,0.2346,0.03082,0.008029,0.009189,0.05174,0.01772,0.01068,0.01748,0.03284,0.02239,0.3998,0.3993,
1.459,0.2393,0.02991,0.008042,0.009194,0.05183,0.01769,0.01073,0.01753,0.03309,0.02145,0.4003,0.4002,
1.456,0.2453,0.02903,0.008045,0.009202,0.05183,0.01932,0.009084,0.0188,0.03191,0.02112,0.4002,0.4014,
1.46,0.244,0.02995,0.008049,0.009203,0.05189,0.01938,0.009017,0.01879,0.032,0.02149,0.3999,0.4003,
1.456,0.2437,0.02848,0.008086,0.009196,0.05229,0.01961,0.008759,0.01871,0.03192,0.02141,0.4,0.4015,
1.454,0.2398,0.02777,0.008092,0.009203,0.05231,0.01976,0.008648,0.01889,0.03186,0.0212,0.4001,0.4021,
1.46,0.2424,0.02943,0.008104,0.009207,0.05243,0.01985,0.008667,0.01902,0.03172,0.02156,0.4,0.4001,
1.456,0.2424,0.0282,0.008147,0.009211,0.05276,0.01961,0.00874,0.01903,0.03215,0.02094,0.4,0.4012,
1.461,0.2396,0.02904,0.00821,0.009215,0.05321,0.01969,0.008905,0.01894,0.03209,0.02122,0.3996,0.3999,
1.458,0.2416,0.02853,0.008209,0.009214,0.05308,0.0195,0.008787,0.01899,0.03242,0.0206,0.4,0.4006,
1.455,0.2484,0.02767,0.008255,0.00922,0.05329,0.01934,0.00899,0.01874,0.03276,0.02012,0.4002,0.4015,
1.452,0.2498,0.02646,0.00829,0.009224,0.05353,0.01942,0.009072,0.01863,0.03307,0.0197,0.4002,0.4024,
1.455,0.2486,0.02804,0.008303,0.009224,0.05362,0.01863,0.008976,0.01859,0.03307,0.02006,0.4,0.4014,
1.457,0.2527,0.0283,0.008345,0.009227,0.05388,0.01874,0.009044,0.01853,0.03311,0.02016,0.4,0.4006,
1.461,0.2549,0.02893,0.008357,0.009217,0.05389,0.01864,0.009029,0.01845,0.03334,0.02089,0.3997,0.3996,
1.464,0.2559,0.02936,0.008359,0.009213,0.05392,0.01847,0.009116,0.0183,0.03331,0.02194,0.3989,0.3991,
1.464,0.2476,0.02882,0.008364,0.009207,0.05392,0.01859,0.009147,0.01823,0.03329,0.02217,0.3992,0.3991,
1.464,0.249,0.02885,0.008368,0.009113,0.0539,0.01864,0.00924,0.0182,0.03308,0.0225,0.399,0.3991,
1.468,0.2512,0.02904,0.008341,0.009103,0.05354,0.01857,0.00935,0.01819,0.03336,0.02358,0.3986,0.3983,
1.469,0.2483,0.02928,0.008331,0.00899,0.05347,0.01859,0.009345,0.01819,0.03369,0.02361,0.3984,0.3981,
1.469,0.265,0.02866,0.008398,0.008993,0.05393,0.01862,0.009513,0.01802,0.03382,0.02376,0.3983,0.398,
1.467,0.2661,0.02811,0.008394,0.008999,0.05389,0.01859,0.009547,0.01814,0.03434,0.02299,0.3983,0.3986,
1.467,0.2569,0.02775,0.008395,0.009004,0.05394,0.01864,0.009457,0.01804,0.03448,0.02304,0.3983,0.399,
1.464,0.2521,0.0272,0.0084,0.009016,0.05391,0.01846,0.009599,0.01796,0.03464,0.02276,0.3983,0.3997,
1.463,0.2501,0.02672,0.008395,0.009019,0.0539,0.0185,0.00956,0.01818,0.0345,0.02269,0.3984,0.4001,
1.461,0.2508,0.02623,0.008386,0.009025,0.0537,0.0186,0.009419,0.01825,0.0346,0.02237,0.3986,0.4009,
1.459,0.2522,0.02584,0.008395,0.009026,0.05373,0.01849,0.00944,0.01821,0.03496,0.02192,0.3985,0.4015,
1.457,0.2528,0.02536,0.008388,0.009033,0.05368,0.01839,0.009446,0.01812,0.03493,0.02185,0.3986,0.4022,
1.455,0.255,0.02472,0.00839,0.009035,0.05391,0.01838,0.009647,0.01789,0.03517,0.02146,0.3987,0.4027,
1.45,0.2562,0.02345,0.008389,0.009038,0.05386,0.01845,0.00961,0.01786,0.03512,0.02125,0.3988,0.4042,
1.467,0.2453,0.02896,0.00838,0.009033,0.05375,0.01858,0.009513,0.01788,0.03521,0.02169,0.3986,0.3984,
1.464,0.2482,0.02778,0.00839,0.009047,0.05386,0.01865,0.00955,0.01779,0.03524,0.02154,0.3987,0.3995,
1.467,0.2464,0.02887,0.008365,0.009046,0.05372,0.01851,0.009581,0.01769,0.03535,0.02212,0.3984,0.3983,
1.467,0.2765,0.02845,0.008371,0.009052,0.05379,0.01857,0.009629,0.01773,0.03537,0.02195,0.3985,0.3986,
1.464,0.2752,0.02734,0.008371,0.009056,0.05384,0.01861,0.009679,0.01778,0.03525,0.02181,0.3985,0.3998,
1.466,0.2711,0.02809,0.008375,0.009041,0.05377,0.01867,0.009651,0.01786,0.03523,0.0221,0.3984,0.3988,
1.468,0.2701,0.02856,0.008421,0.009041,0.05405,0.01855,0.009714,0.01781,0.03543,0.02204,0.3983,0.3981,
1.467,0.2683,0.02846,0.008428,0.008836,0.05401,0.01858,0.009779,0.01767,0.03543,0.02183,0.3986,0.3984,
1.466,0.2685,0.02803,0.008435,0.008838,0.05403,0.01865,0.009722,0.01775,0.03562,0.02158,0.3985,0.3988,
1.463,0.2653,0.02736,0.008449,0.008837,0.05414,0.01872,0.009642,0.0178,0.03559,0.02134,0.3986,0.3995,
1.462,0.2625,0.02674,0.008462,0.008837,0.05409,0.01873,0.009643,0.01784,0.03572,0.02112,0.3987,0.4001,
1.469,0.2696,0.02825,0.008458,0.008839,0.0541,0.01865,0.009623,0.01788,0.03584,0.02216,0.3975,0.3987,
1.471,0.249,0.02799,0.008437,0.008833,0.05419,0.0186,0.009727,0.01925,0.03434,0.02284,0.3978,0.398,
1.473,0.2515,0.02757,0.008447,0.008772,0.05429,0.01863,0.009957,0.01901,0.03424,0.02387,0.3975,0.3977,
1.471,0.254,0.02726,0.008468,0.008699,0.05439,0.01878,0.009922,0.01902,0.03418,0.02357,0.3978,0.398,
1.473,0.2579,0.02724,0.008462,0.008708,0.05448,0.01881,0.01005,0.01884,0.03426,0.02394,0.3975,0.3977,
1.472,0.2478,0.02698,0.008463,0.008713,0.05452,0.01911,0.009828,0.01884,0.0342,0.02385,0.3976,0.3979,
1.47,0.2501,0.02663,0.008469,0.008716,0.05452,0.01904,0.009812,0.01881,0.03468,0.02319,0.3977,0.3985,
1.469,0.2514,0.02644,0.008469,0.00872,0.05453,0.01904,0.009874,0.01866,0.03464,0.02319,0.3977,0.3987,
1.463,0.2535,0.0247,0.008446,0.008672,0.05473,0.01902,0.009859,0.01873,0.0346,0.02292,0.3979,0.4005,
1.461,0.2488,0.02404,0.008455,0.008674,0.05465,0.01903,0.00986,0.01873,0.03461,0.02282,0.3979,0.4013,
1.459,0.2461,0.02371,0.00845,0.008682,0.0545,0.01904,0.009805,0.01868,0.03466,0.0227,0.398,0.4018,
1.459,0.2484,0.02357,0.008465,0.008685,0.05456,0.01899,0.009821,0.01869,0.03499,0.02226,0.398,0.402,
1.473,0.2618,0.02715,0.008471,0.008677,0.05457,0.01911,0.009653,0.01879,0.03503,0.02367,0.3974,0.3975,
1.472,0.2688,0.02636,0.008466,0.008687,0.05452,0.01911,0.009741,0.02075,0.03302,0.0236,0.3975,0.3983,
1.471,0.27,0.02585,0.008521,0.00869,0.05493,0.01905,0.009751,0.02072,0.03294,0.02352,0.3975,0.3985,
1.474,0.2713,0.0269,0.008549,0.008695,0.0551,0.01907,0.009717,0.02071,0.03344,0.02328,0.3973,0.3973,
1.477,0.2678,0.02689,0.008535,0.008686,0.05505,0.019,0.009774,0.02076,0.0333,0.0243,0.3971,0.3967,
1.476,0.2657,0.02676,0.008533,0.008689,0.05494,0.019,0.009732,0.02079,0.03326,0.0244,0.3972,0.3967,
1.477,0.2656,0.02593,0.008494,0.008673,0.05506,0.01878,0.009759,0.02094,0.03307,0.02574,0.3965,0.397,
1.477,0.2847,0.02558,0.008508,0.008674,0.05521,0.01876,0.01121,0.0196,0.03309,0.02542,0.3966,0.3973,
1.476,0.2638,0.02522,0.008523,0.008677,0.0553,0.01857,0.01121,0.01961,0.03306,0.02535,0.3966,0.3978,
1.474,0.267,0.02447,0.008541,0.008685,0.05545,0.0185,0.01141,0.01959,0.03285,0.02536,0.3967,0.3985,
1.474,0.2655,0.02407,0.008581,0.008692,0.05579,0.0185,0.01152,0.01968,0.03279,0.0252,0.3967,0.3985,
1.481,0.2613,0.02614,0.008585,0.008693,0.05579,0.01859,0.01145,0.01976,0.03274,0.02568,0.3965,0.3961,
1.48,0.2759,0.02578,0.008612,0.008694,0.05589,0.01878,0.01135,0.01983,0.03258,0.02554,0.3967,0.3963,
1.481,0.2759,0.02567,0.008636,0.008704,0.05612,0.01878,0.0129,0.01835,0.03274,0.02551,0.3965,0.3961,
1.48,0.2785,0.02525,0.008622,0.00871,0.05604,0.01874,0.01284,0.01884,0.03227,0.02547,0.3965,0.3967,
1.481,0.2704,0.02529,0.008619,0.008707,0.05602,0.0188,0.01294,0.01868,0.03254,0.02568,0.3963,0.3964,
1.483,0.2619,0.02557,0.008614,0.008706,0.05597,0.01888,0.01292,0.01861,0.03252,0.02605,0.3962,0.396,
1.482,0.2639,0.02517,0.008626,0.008711,0.056,0.01895,0.01305,0.01849,0.03334,0.02517,0.3963,0.3962,
1.479,0.2699,0.02418,0.008658,0.008719,0.05624,0.01886,0.01322,0.01845,0.0338,0.02445,0.3964,0.3971,
1.485,0.2566,0.02526,0.008651,0.008713,0.05573,0.01884,0.01348,0.01823,0.03367,0.02591,0.3957,0.3959,
1.482,0.2596,0.02471,0.008659,0.008717,0.05583,0.01865,0.01353,0.01819,0.03364,0.02575,0.396,0.3964,
1.484,0.257,0.02488,0.008683,0.008715,0.05588,0.01856,0.01356,0.01819,0.03365,0.02608,0.3959,0.3959,
1.482,0.2616,0.02434,0.008602,0.008719,0.05582,0.01853,0.0136,0.01823,0.03417,0.02545,0.3959,0.3966,
1.479,0.2598,0.02369,0.008619,0.008738,0.05581,0.01844,0.01368,0.01815,0.03469,0.02489,0.3961,0.3972,
1.477,0.2561,0.02313,0.00862,0.008738,0.05565,0.01846,0.01582,0.01595,0.03482,0.02473,0.3962,0.3979,
1.484,0.244,0.02496,0.008641,0.008739,0.05569,0.01856,0.01579,0.0159,0.03477,0.0252,0.396,0.3957,
1.482,0.247,0.02455,0.008655,0.008747,0.05563,0.01864,0.01581,0.01584,0.03503,0.02478,0.3962,0.3961,
1.481,0.2474,0.02421,0.008658,0.008756,0.05563,0.01864,0.01577,0.01583,0.03507,0.02462,0.3963,0.3965,
1.476,0.2488,0.02255,0.008677,0.008764,0.05559,0.01881,0.01569,0.0158,0.03544,0.02423,0.3964,0.3981,
1.475,0.2455,0.02214,0.008688,0.008779,0.05549,0.01892,0.01558,0.01588,0.03553,0.02409,0.3965,0.3984,
1.473,0.2465,0.02154,0.0087,0.008784,0.05546,0.01895,0.01558,0.01588,0.03569,0.02372,0.3967,0.399,
1.48,0.2442,0.02357,0.008698,0.008781,0.05538,0.01897,0.0156,0.0159,0.03575,0.024,0.3965,0.3969,
1.482,0.2437,0.02413,0.008692,0.008787,0.05531,0.01901,0.01568,0.01595,0.03569,0.02419,0.3964,0.3962,
1.48,0.2474,0.02357,0.008678,0.008797,0.05521,0.01913,0.01569,0.01595,0.03559,0.02411,0.3965,0.3968,
1.478,0.2453,0.02317,0.008682,0.008801,0.05516,0.01916,0.01574,0.01584,0.03603,0.02342,0.3967,0.3973,
1.476,0.2575,0.02254,0.008728,0.008806,0.05552,0.01902,0.01574,0.01587,0.03597,0.02342,0.3967,0.3977,
1.476,0.2601,0.02218,0.008753,0.008821,0.05578,0.01887,0.01593,0.01574,0.03596,0.02334,0.3967,0.3979,
1.474,0.2571,0.02177,0.008757,0.00883,0.05584,0.01899,0.01585,0.01567,0.03596,0.02334,0.3967,0.3983,
