entropy,entropyInd,RabA,RabB,RabC,RabD,RabE,RabF,RabG,RabH,RabI,xER,xPM,
0.8921,0.3776,0.01033,0.009296,0.006561,0.01344,0.01516,0.007128,0.007695,0.004022,0.005507,0.1748,0.746,
0.8887,0.3792,0.01033,0.009277,0.006538,0.01344,0.01438,0.007113,0.007681,0.004016,0.005507,0.1748,0.7469,
0.8842,0.3795,0.01033,0.009267,0.0065,0.01342,0.01337,0.007079,0.007666,0.004012,0.005507,0.1749,0.748,
0.8824,0.3793,0.01026,0.009257,0.00646,0.01341,0.0131,0.007072,0.007658,0.00401,0.005505,0.1749,0.7484,
0.8821,0.3665,0.01026,0.009257,0.006413,0.01338,0.0131,0.007072,0.007658,0.00401,0.005504,0.1749,0.7485,
0.8822,0.3729,0.01026,0.009249,0.006408,0.01334,0.01297,0.007063,0.007646,0.004006,0.005499,0.1756,0.748,
0.8821,0.3687,0.01026,0.00925,0.006408,0.01332,0.01297,0.007063,0.007647,0.004006,0.005499,0.1756,0.748,
0.8733,0.3722,0.01024,0.009249,0.006387,0.01329,0.01097,0.007036,0.007635,0.003995,0.005495,0.1756,0.7501,
0.8707,0.3668,0.01023,0.009221,0.006361,0.01327,0.01048,0.007025,0.007631,0.003984,0.005484,0.1756,0.7507,
0.8716,0.3693,0.01033,0.009221,0.006361,0.01327,0.01037,0.007021,0.007627,0.003984,0.005755,0.1753,0.7507,
0.8713,0.3656,0.01033,0.009222,0.006361,0.01325,0.01033,0.007021,0.007627,0.003984,0.005755,0.1753,0.7508,
0.8721,0.3647,0.01041,0.009222,0.00636,0.01322,0.01031,0.007017,0.007627,0.003984,0.005938,0.1752,0.7508,
0.8715,0.3653,0.01041,0.009222,0.006361,0.01321,0.01019,0.007017,0.007627,0.003984,0.005938,0.1752,0.7509,
0.8706,0.3678,0.0104,0.009216,0.00636,0.01316,0.01004,0.007014,0.007623,0.003984,0.005938,0.1752,0.7511,
0.872,0.3669,0.01048,0.009206,0.006358,0.0131,0.01003,0.007011,0.00762,0.003982,0.006224,0.1753,0.7507,
0.8731,0.3651,0.01074,0.009205,0.006357,0.01302,0.009807,0.007006,0.007619,0.003981,0.006598,0.1749,0.7508,
0.8744,0.3618,0.01101,0.009205,0.006357,0.01299,0.009707,0.007007,0.007619,0.003981,0.006811,0.1747,0.7506,
0.8731,0.3641,0.01098,0.009197,0.006356,0.01295,0.00948,0.007006,0.007619,0.003981,0.00681,0.1747,0.7509,
0.8739,0.3634,0.01109,0.009182,0.006313,0.0129,0.009434,0.007001,0.007612,0.003977,0.006804,0.1755,0.7502,
0.8743,0.3775,0.01112,0.009177,0.006252,0.01289,0.009307,0.00699,0.00761,0.003976,0.007087,0.1754,0.7502,
0.8764,0.3706,0.01126,0.009174,0.006249,0.01287,0.009303,0.006987,0.007608,0.003975,0.007484,0.1753,0.7497,
0.8761,0.3609,0.01126,0.009173,0.006249,0.01284,0.009262,0.006988,0.007607,0.003975,0.007484,0.1754,0.7498,
0.876,0.3592,0.01126,0.009172,0.006248,0.01282,0.009262,0.006988,0.007608,0.003975,0.007484,0.1754,0.7498,
0.8753,0.3751,0.01124,0.00914,0.006248,0.01279,0.00918,0.00698,0.007604,0.003975,0.007485,0.1754,0.75,
0.8758,0.3779,0.01129,0.00914,0.006207,0.01277,0.009162,0.006976,0.007604,0.003975,0.007702,0.1752,0.75,
0.8752,0.3823,0.01127,0.00913,0.006206,0.01271,0.009099,0.006973,0.0076,0.003975,0.007703,0.1752,0.7502,
0.8752,0.3757,0.01136,0.009108,0.006153,0.0127,0.008992,0.006969,0.0076,0.003975,0.007851,0.175,0.7502,
0.8743,0.3678,0.01138,0.009097,0.006151,0.01267,0.008689,0.006969,0.007601,0.003975,0.008031,0.1749,0.7506,
0.8744,0.3603,0.01137,0.009069,0.006148,0.01264,0.008667,0.006961,0.007597,0.003973,0.008027,0.1753,0.7502,
0.875,0.3599,0.01145,0.009037,0.006147,0.01264,0.008566,0.006952,0.007591,0.003967,0.008233,0.1753,0.7501,
0.8743,0.3577,0.01145,0.009037,0.006147,0.01261,0.008437,0.006952,0.007591,0.003966,0.008233,0.1753,0.7503,
0.874,0.367,0.01119,0.009059,0.006151,0.0128,0.008382,0.006981,0.007602,0.004182,0.007969,0.1753,0.7504,
0.8736,0.3675,0.01116,0.00907,0.006161,0.01279,0.008364,0.007066,0.007493,0.00421,0.007917,0.1753,0.7505,
0.8724,0.3682,0.01102,0.009079,0.006095,0.01286,0.008304,0.007048,0.00745,0.004193,0.007914,0.1753,0.7507,
0.8722,0.3707,0.01084,0.009096,0.006104,0.01299,0.008339,0.007026,0.007436,0.004209,0.007877,0.1753,0.7508,
0.8714,0.3724,0.01083,0.009093,0.006117,0.01295,0.008238,0.007049,0.007416,0.004303,0.007725,0.1753,0.7509,
0.871,0.3689,0.0108,0.009105,0.006122,0.0129,0.008225,0.007081,0.007377,0.004388,0.007586,0.1754,0.751,
0.8706,0.3658,0.0108,0.009097,0.006132,0.01283,0.008207,0.007064,0.007356,0.004698,0.007263,0.1754,0.7511,
0.8699,0.3919,0.01076,0.009105,0.006135,0.01275,0.008214,0.007038,0.007356,0.004853,0.007036,0.1755,0.7513,
0.8691,0.3823,0.01074,0.009107,0.006143,0.01271,0.008243,0.007031,0.00736,0.004835,0.006937,0.1754,0.7515,
0.8685,0.3778,0.01059,0.009093,0.006153,0.01284,0.008161,0.006995,0.007384,0.004874,0.006872,0.1754,0.7516,
0.8682,0.3583,0.01058,0.009084,0.006163,0.01281,0.008164,0.006996,0.007346,0.005017,0.006714,0.1754,0.7517,
0.8679,0.3591,0.01073,0.009072,0.006171,0.01278,0.008029,0.006991,0.007322,0.005024,0.006705,0.1754,0.7518,
0.8677,0.3618,0.0107,0.009062,0.00618,0.01277,0.008146,0.006956,0.007241,0.005218,0.006511,0.1754,0.7518,
0.8673,0.3657,0.01069,0.00906,0.006192,0.01276,0.008126,0.006909,0.00724,0.005409,0.006297,0.1754,0.7519,
0.8686,0.3673,0.01086,0.009056,0.006212,0.01271,0.00816,0.006864,0.007197,0.005574,0.00632,0.1755,0.7516,
0.8695,0.367,0.01101,0.00906,0.006219,0.01263,0.008152,0.006794,0.007215,0.005556,0.006562,0.1752,0.7516,
0.8686,0.3889,0.01099,0.009067,0.006193,0.01262,0.008042,0.006793,0.007213,0.005748,0.006338,0.1752,0.7518,
0.866,0.4193,0.01096,0.009071,0.0062,0.01261,0.008063,0.01093,0.00304,0.005837,0.006244,0.1752,0.7518,
0.8654,0.415,0.01093,0.009081,0.006209,0.01257,0.008009,0.01087,0.003041,0.005901,0.00618,0.1753,0.7519,
0.8671,0.4109,0.01116,0.009069,0.00622,0.01252,0.007814,0.01087,0.003068,0.006055,0.006452,0.1751,0.7517,
0.8667,0.4204,0.01114,0.009079,0.006231,0.01246,0.007863,0.01078,0.003067,0.006158,0.006348,0.1751,0.7518,
0.8667,0.4089,0.0111,0.009098,0.006207,0.01247,0.007758,0.01077,0.003055,0.00641,0.006309,0.1749,0.752,
0.8662,0.4121,0.0111,0.009098,0.006213,0.01245,0.007722,0.01076,0.00303,0.006588,0.006106,0.1749,0.7521,
0.8653,0.3945,0.01106,0.009117,0.006218,0.01238,0.007617,0.01077,0.003012,0.006676,0.006016,0.1749,0.7523,
0.8649,0.3888,0.011,0.009117,0.006225,0.01239,0.007551,0.01074,0.003011,0.006793,0.005968,0.1748,0.7524,
0.8657,0.3915,0.01103,0.009112,0.006242,0.01248,0.007599,0.01073,0.003011,0.006848,0.005946,0.1747,0.7523,
0.8671,0.3899,0.01101,0.009121,0.00624,0.01246,0.007587,0.01069,0.002991,0.007005,0.006077,0.1751,0.7518,
0.8667,0.39,0.01099,0.009133,0.006248,0.01245,0.007582,0.01065,0.002974,0.007091,0.005992,0.1751,0.7518,
0.8674,0.3872,0.01105,0.009142,0.006255,0.01239,0.007504,0.01067,0.002956,0.007186,0.006164,0.1748,0.7519,
0.8676,0.3869,0.01102,0.009146,0.006264,0.01232,0.007546,0.01066,0.002931,0.007219,0.006106,0.1753,0.7515,
0.8676,0.4184,0.01095,0.009178,0.006272,0.01227,0.007556,0.01064,0.006425,0.003757,0.006036,0.1753,0.7516,
0.867,0.4188,0.01081,0.009181,0.006286,0.01234,0.007515,0.01056,0.006442,0.003805,0.005971,0.1753,0.7518,
0.8666,0.4159,0.0108,0.009169,0.006291,0.01231,0.007539,0.01052,0.006415,0.003966,0.00581,0.1753,0.7519,
0.8665,0.4331,0.01075,0.009169,0.006305,0.01236,0.007468,0.0105,0.006427,0.004019,0.005799,0.1753,0.7519,
0.8672,0.4306,0.0107,0.009178,0.006322,0.01237,0.007364,0.0105,0.006416,0.004123,0.006055,0.1749,0.7521,
0.8671,0.3877,0.01047,0.009169,0.006334,0.01257,0.007382,0.01049,0.006416,0.004152,0.006026,0.1749,0.7521,
0.8666,0.3885,0.01044,0.009151,0.00633,0.01255,0.007387,0.01045,0.006413,0.004178,0.005993,0.1749,0.7522,
0.8681,0.3851,0.0105,0.009144,0.006339,0.01248,0.007422,0.01043,0.006396,0.004178,0.006435,0.1745,0.7522,
0.8681,0.3795,0.01057,0.009156,0.006345,0.01241,0.007458,0.01039,0.006396,0.004195,0.006401,0.1745,0.7522,
0.8688,0.3786,0.01063,0.009155,0.006362,0.01235,0.007397,0.0104,0.006386,0.004195,0.006675,0.1742,0.7522,
0.8697,0.3882,0.01068,0.009136,0.006371,0.01233,0.00734,0.01034,0.006379,0.004403,0.006437,0.1752,0.7514,
0.8698,0.3946,0.01066,0.009132,0.006382,0.01236,0.007278,0.0103,0.006431,0.004383,0.006541,0.1751,0.7515,
0.8705,0.3815,0.01074,0.009132,0.006386,0.01234,0.007235,0.01023,0.00643,0.004386,0.006794,0.1749,0.7514,
0.8692,0.3828,0.01073,0.009108,0.006382,0.0123,0.007042,0.01025,0.006391,0.004519,0.006655,0.1749,0.7517,
0.8688,0.3875,0.01065,0.009115,0.006388,0.01232,0.00703,0.0102,0.006436,0.004558,0.006572,0.1749,0.7518,
0.8697,0.3825,0.01069,0.009125,0.006396,0.01231,0.007049,0.01018,0.006384,0.004644,0.006751,0.1747,0.7518,
0.8693,0.3812,0.01068,0.009135,0.006399,0.01227,0.007038,0.01014,0.006384,0.004676,0.00672,0.1747,0.7519,
0.8702,0.3759,0.0108,0.009127,0.006403,0.01225,0.007049,0.01008,0.006375,0.004691,0.006734,0.1751,0.7514,
0.8712,0.3909,0.01082,0.009129,0.006409,0.01224,0.007755,0.009327,0.006375,0.004744,0.006929,0.1749,0.7514,
0.8704,0.3707,0.01074,0.009126,0.006413,0.01224,0.007686,0.009354,0.006349,0.004744,0.006911,0.1749,0.7515,
0.8701,0.3828,0.01072,0.009129,0.006417,0.0122,0.007656,0.009317,0.006327,0.005017,0.006604,0.1752,0.7515,
0.8707,0.3786,0.01079,0.009132,0.006402,0.01216,0.007653,0.009299,0.006352,0.005023,0.006754,0.175,0.7515,
0.8716,0.3815,0.01092,0.009125,0.006356,0.01213,0.008308,0.008577,0.006384,0.005048,0.006974,0.1747,0.7515,
0.8712,0.3865,0.01085,0.009114,0.006328,0.01216,0.008288,0.008539,0.006402,0.005019,0.006906,0.1751,0.7513,
0.8704,0.4114,0.01084,0.009108,0.006337,0.01215,0.0105,0.006281,0.006402,0.005059,0.006865,0.1751,0.7513,
0.8698,0.4092,0.01079,0.009104,0.006347,0.01212,0.01052,0.006242,0.006412,0.005032,0.006864,0.1751,0.7515,
0.8697,0.4028,0.01066,0.009117,0.006354,0.01222,0.01052,0.006211,0.006412,0.005032,0.006864,0.1751,0.7515,
0.8669,0.3982,0.01077,0.009109,0.006356,0.01223,0.009862,0.006203,0.006377,0.005093,0.006749,0.1751,0.7521,
0.8682,0.3788,0.0108,0.009126,0.006366,0.01209,0.009859,0.006203,0.006404,0.005066,0.007261,0.1746,0.7522,
0.8682,0.3681,0.01092,0.009134,0.006372,0.01205,0.01014,0.00584,0.006381,0.00514,0.007253,0.1746,0.7522,
0.8688,0.3696,0.01103,0.009136,0.006382,0.01203,0.01009,0.005848,0.006355,0.005213,0.007332,0.1744,0.7522,
0.8676,0.372,0.011,0.009158,0.006383,0.01201,0.009865,0.00585,0.006321,0.005244,0.007302,0.1744,0.7525,
0.866,0.3608,0.01108,0.009149,0.00636,0.01202,0.009283,0.0058,0.006304,0.005318,0.007538,0.1741,0.7531,
0.8656,0.3618,0.01106,0.009152,0.006374,0.01202,0.009291,0.00573,0.006304,0.005336,0.007484,0.1741,0.7531,
0.8662,0.3687,0.01104,0.009148,0.006378,0.01199,0.00925,0.005689,0.006311,0.005385,0.007407,0.175,0.7524,
0.8627,0.3617,0.01095,0.009121,0.006393,0.01208,0.008404,0.005668,0.006307,0.005489,0.007425,0.1749,0.7533,
0.864,0.3721,0.01113,0.009125,0.006398,0.01215,0.008397,0.005653,0.006321,0.005531,0.007478,0.1748,0.7531,
0.8633,0.3787,0.01116,0.009148,0.006406,0.01203,0.00832,0.005492,0.006293,0.005601,0.007638,0.1746,0.7534,
0.8643,0.3755,0.01114,0.00915,0.006418,0.01212,0.008251,0.005551,0.006234,0.005728,0.007796,0.1743,0.7533,
0.8644,0.3634,0.01112,0.009128,0.006385,0.01205,0.00824,0.005568,0.006191,0.005872,0.007642,0.1749,0.7529,
0.8625,0.3902,0.01105,0.009148,0.006396,0.01208,0.008241,0.008934,0.002825,0.005951,0.007496,0.175,0.7529,
0.8618,0.4191,0.01091,0.009165,0.006401,0.01218,0.008099,0.008952,0.002837,0.006114,0.007304,0.1749,0.7531,
0.8603,0.3812,0.0109,0.009164,0.006415,0.01211,0.007927,0.008952,0.002819,0.006319,0.006973,0.1751,0.7534,
0.8599,0.3825,0.01099,0.009148,0.00638,0.01201,0.007792,0.008961,0.002803,0.006373,0.007128,0.1748,0.7536,
0.8593,0.382,0.01094,0.009142,0.006389,0.01198,0.007804,0.008924,0.002792,0.006401,0.007075,0.1748,0.7538,
0.8587,0.3876,0.01092,0.009146,0.006362,0.01192,0.007784,0.008894,0.002792,0.006736,0.006741,0.1748,0.7539,
0.8584,0.3799,0.01086,0.009163,0.006373,0.01186,0.007802,0.008931,0.002804,0.006707,0.006705,0.1748,0.754,
0.8592,0.3764,0.01087,0.009152,0.006378,0.01188,0.007748,0.008933,0.002784,0.00692,0.006831,0.1745,0.754,
0.8592,0.3759,0.01085,0.00915,0.006388,0.01185,0.00766,0.008928,0.002782,0.006987,0.006757,0.1749,0.7537,
0.8587,0.3858,0.01082,0.009152,0.006394,0.01181,0.007599,0.008926,0.002824,0.007121,0.006563,0.175,0.7538,
0.86,0.3674,0.01093,0.009149,0.006396,0.01174,0.00758,0.008919,0.002835,0.007129,0.006821,0.1749,0.7536,
0.8599,0.3644,0.01082,0.009152,0.006405,0.01181,0.007581,0.008919,0.002873,0.007245,0.006666,0.1749,0.7536,
0.8602,0.3671,0.01093,0.00915,0.006412,0.01174,0.007567,0.008905,0.00288,0.007276,0.006706,0.1748,0.7536,
0.8596,0.3646,0.01087,0.00915,0.006425,0.01176,0.007485,0.008923,0.002843,0.007404,0.006578,0.1749,0.7537,
0.8593,0.3632,0.01079,0.009146,0.006436,0.01177,0.00748,0.008923,0.002825,0.007404,0.006578,0.1749,0.7537,
0.859,0.3724,0.01076,0.009152,0.00642,0.01172,0.008253,0.008188,0.002788,0.007421,0.00656,0.175,0.7538,
0.8594,0.3681,0.01085,0.009162,0.006433,0.01162,0.008229,0.008274,0.002689,0.007589,0.00655,0.1749,0.7537,
0.8591,0.3758,0.01065,0.009178,0.006437,0.01178,0.008208,0.008257,0.002703,0.007602,0.006522,0.1749,0.7538,
0.8589,0.368,0.01058,0.00917,0.006462,0.01179,0.008208,0.008235,0.00272,0.007901,0.006205,0.1749,0.7538,
0.8583,0.3638,0.01036,0.009168,0.006406,0.01195,0.008225,0.008221,0.002717,0.007935,0.006149,0.175,0.7539,
0.8564,0.4074,0.01033,0.009169,0.006418,0.01204,0.01284,0.003582,0.002759,0.007923,0.006311,0.1748,0.7539,
0.857,0.397,0.01046,0.009173,0.006425,0.01203,0.01275,0.00358,0.00279,0.007901,0.00642,0.1746,0.7538,
0.8564,0.3875,0.01039,0.009171,0.006425,0.01198,0.01265,0.003604,0.002829,0.007991,0.006222,0.175,0.7538,
0.8567,0.3769,0.01042,0.009189,0.006433,0.01193,0.01265,0.00363,0.002781,0.008012,0.006335,0.1748,0.7538,
0.8562,0.3746,0.01041,0.009182,0.006449,0.01187,0.01267,0.00363,0.002824,0.008307,0.005906,0.1749,0.7538,
0.8551,0.3653,0.0104,0.009179,0.006461,0.0118,0.0125,0.0036,0.002873,0.008258,0.005907,0.175,0.7541,
0.854,0.3648,0.01037,0.00921,0.006466,0.0117,0.01232,0.003658,0.002865,0.008302,0.005805,0.175,0.7543,
0.8533,0.3671,0.01032,0.00924,0.006474,0.01163,0.01224,0.003654,0.002865,0.008355,0.005753,0.175,0.7545,
0.8521,0.3663,0.0102,0.009236,0.006481,0.01165,0.0121,0.003619,0.002879,0.008371,0.005724,0.175,0.7547,
0.8542,0.3695,0.01024,0.009239,0.006489,0.01161,0.01193,0.003615,0.002905,0.00838,0.006268,0.1749,0.7544,
0.8533,0.3737,0.01023,0.00924,0.006488,0.01156,0.01182,0.003593,0.002922,0.00845,0.006179,0.1749,0.7546,
0.8522,0.3709,0.0102,0.009208,0.006492,0.01155,0.01164,0.003586,0.002951,0.008555,0.006028,0.1749,0.7549,
0.8504,0.3745,0.01017,0.009225,0.006503,0.01153,0.01141,0.003544,0.002947,0.008746,0.005745,0.175,0.7552,
0.8493,0.3768,0.01012,0.009226,0.006507,0.01154,0.01117,0.003581,0.002957,0.0087,0.005745,0.175,0.7555,
0.8481,0.3878,0.0101,0.009232,0.006515,0.01147,0.01104,0.004345,0.002232,0.008648,0.005745,0.175,0.7557,
0.8431,0.3832,0.01021,0.009262,0.006523,0.01144,0.0097,0.004362,0.002213,0.008745,0.005741,0.1749,0.7569,
0.8422,0.3789,0.01018,0.00928,0.006531,0.0114,0.009544,0.00436,0.002219,0.008853,0.005616,0.1749,0.7571,
0.8415,0.3763,0.01013,0.009283,0.006543,0.01155,0.009141,0.004355,0.002219,0.008925,0.005716,0.1748,0.7574,
0.8403,0.3848,0.01014,0.009288,0.006493,0.01159,0.008801,0.004385,0.002219,0.009079,0.005623,0.1747,0.7577,
0.8402,0.3846,0.01007,0.009293,0.006496,0.01163,0.008752,0.004366,0.002268,0.009027,0.005621,0.1749,0.7576,
0.84,0.3841,0.0102,0.009293,0.006511,0.0116,0.008559,0.004403,0.002217,0.009078,0.00566,0.1748,0.7576,
0.8404,0.3755,0.01015,0.009307,0.006514,0.01162,0.008386,0.004385,0.002234,0.009091,0.006008,0.1745,0.7578,
0.8395,0.3752,0.01014,0.009307,0.006523,0.01158,0.008237,0.00438,0.00222,0.009169,0.00593,0.1745,0.758,
0.839,0.3831,0.01011,0.00933,0.006529,0.01156,0.00823,0.004442,0.00218,0.009329,0.005698,0.1745,0.7581,
0.8391,0.3834,0.01004,0.009327,0.006535,0.01155,0.008227,0.004468,0.00215,0.009463,0.005557,0.1749,0.7578,
0.8398,0.3899,0.01019,0.009328,0.006506,0.01151,0.008241,0.004454,0.002191,0.009454,0.005576,0.1749,0.7577,
0.8392,0.3702,0.01017,0.009338,0.006516,0.01149,0.008193,0.004437,0.00219,0.009454,0.005524,0.1749,0.7578,
0.8384,0.3688,0.01015,0.009343,0.006525,0.01148,0.008084,0.004439,0.002149,0.009472,0.005507,0.1749,0.7579,
0.8373,0.3722,0.01013,0.009342,0.00653,0.01141,0.007943,0.004407,0.002149,0.009472,0.005507,0.175,0.7582,
0.8367,0.3696,0.01012,0.00934,0.006545,0.01132,0.007967,0.004362,0.002172,0.009641,0.005317,0.1749,0.7583,
0.8363,0.3743,0.01011,0.009328,0.00655,0.01129,0.007968,0.004361,0.002152,0.009714,0.005244,0.1749,0.7583,
0.8371,0.3709,0.01003,0.009323,0.006551,0.01136,0.008005,0.004417,0.002091,0.009709,0.005465,0.1747,0.7583,
0.8367,0.3724,0.01001,0.009329,0.006565,0.01133,0.007982,0.004373,0.002149,0.009711,0.005405,0.1747,0.7584,
0.8384,0.3966,0.009897,0.009335,0.006569,0.01139,0.007954,0.004418,0.003766,0.008051,0.005378,0.1749,0.7583,
0.8377,0.3895,0.009869,0.009346,0.006584,0.01135,0.007901,0.004466,0.003714,0.008091,0.005277,0.175,0.7584,
0.8371,0.3907,0.00984,0.009356,0.006593,0.01132,0.007832,0.004445,0.003728,0.008096,0.00526,0.175,0.7586,
0.8369,0.3917,0.009821,0.009362,0.0066,0.01128,0.00785,0.004476,0.003715,0.008061,0.00526,0.175,0.7586,
0.8365,0.3913,0.00981,0.009363,0.006609,0.01128,0.007796,0.004457,0.003708,0.008223,0.005099,0.175,0.7587,
0.8392,0.3909,0.009965,0.009345,0.006567,0.01132,0.007758,0.004422,0.00374,0.008215,0.005638,0.1748,0.7583,
0.8386,0.3968,0.009888,0.009351,0.006495,0.01135,0.007764,0.004402,0.003841,0.008215,0.005528,0.1748,0.7584,
0.8384,0.4068,0.009804,0.009355,0.006513,0.01138,0.007751,0.004384,0.003882,0.008218,0.00547,0.1749,0.7584,
0.8381,0.4021,0.009759,0.009357,0.006519,0.01139,0.007751,0.004404,0.003897,0.00873,0.004924,0.1749,0.7584,
0.8374,0.403,0.009726,0.009368,0.006536,0.01131,0.007741,0.004369,0.003915,0.008905,0.004733,0.1749,0.7585,
0.8396,0.4004,0.009903,0.00935,0.006552,0.01124,0.007709,0.004336,0.003945,0.008987,0.005046,0.1748,0.7581,
0.8394,0.4102,0.009897,0.009348,0.00656,0.01123,0.007748,0.004275,0.003987,0.008974,0.005017,0.1748,0.7581,
0.8392,0.4081,0.009854,0.009349,0.006571,0.0112,0.007749,0.004321,0.00394,0.008975,0.005017,0.1749,0.7582,
0.8389,0.4013,0.009807,0.009342,0.00658,0.01121,0.00772,0.004304,0.004005,0.008978,0.004947,0.1749,0.7582,
0.8391,0.4057,0.009818,0.009352,0.00655,0.01123,0.0077,0.004286,0.00403,0.009011,0.004966,0.1749,0.7582,
0.8387,0.3826,0.009799,0.009366,0.006553,0.01117,0.007714,0.004268,0.004027,0.009026,0.004937,0.1749,0.7583,
0.8385,0.3828,0.009767,0.009372,0.00656,0.01114,0.007713,0.004286,0.004026,0.009043,0.004902,0.1749,0.7583,
0.8396,0.3788,0.009771,0.009386,0.006566,0.01124,0.007635,0.004271,0.004015,0.009173,0.005109,0.1745,0.7583,
0.8404,0.3994,0.009664,0.009391,0.006571,0.01135,0.007636,0.004288,0.004026,0.009145,0.005306,0.1744,0.7583,
0.8401,0.3837,0.009416,0.009407,0.006576,0.01155,0.007624,0.004281,0.004026,0.009172,0.005262,0.1744,0.7583,
0.8409,0.3828,0.009491,0.009407,0.006593,0.01152,0.00758,0.004291,0.004079,0.009176,0.005381,0.1742,0.7583,
0.8402,0.3913,0.009482,0.009405,0.006602,0.01148,0.007486,0.00432,0.004096,0.009288,0.00522,0.1742,0.7584,
0.8398,0.3903,0.009469,0.009389,0.00661,0.01148,0.007491,0.004261,0.004122,0.009327,0.005156,0.1742,0.7585,
0.8392,0.3813,0.009271,0.009382,0.006622,0.01164,0.007437,0.004255,0.004087,0.009327,0.005155,0.1742,0.7586,
0.839,0.395,0.009244,0.009363,0.006631,0.0116,0.007395,0.004208,0.004075,0.009369,0.005071,0.1748,0.7582,
0.8384,0.3913,0.009184,0.009366,0.006645,0.01163,0.007275,0.004243,0.004058,0.009369,0.005054,0.1748,0.7584,
0.8374,0.3857,0.009175,0.009367,0.006651,0.01158,0.007177,0.004194,0.004057,0.009412,0.004992,0.1748,0.7586,
0.8408,0.3852,0.009345,0.009368,0.006654,0.01158,0.007179,0.004198,0.00402,0.009406,0.005597,0.1747,0.7579,
0.8405,0.3796,0.009344,0.009353,0.006669,0.01154,0.007162,0.004241,0.003987,0.009393,0.005597,0.1747,0.758,
0.8385,0.4058,0.009302,0.00934,0.006684,0.01154,0.009163,0.00224,0.004032,0.009365,0.005579,0.1747,0.758,
0.8383,0.39,0.00929,0.009341,0.006696,0.01152,0.009174,0.00226,0.004028,0.009337,0.005528,0.1748,0.758,
0.8381,0.3892,0.009312,0.009336,0.00667,0.01152,0.009125,0.002231,0.004046,0.009555,0.005412,0.1746,0.7582,
0.8378,0.3978,0.009307,0.009327,0.006646,0.01148,0.009125,0.003991,0.002284,0.009578,0.005388,0.1746,0.7582,
0.8368,0.3967,0.009202,0.009324,0.00666,0.01155,0.008905,0.003987,0.002363,0.009494,0.005388,0.1746,0.7585,
0.8388,0.3998,0.009293,0.00932,0.006659,0.01167,0.008852,0.003951,0.002362,0.00952,0.0057,0.1746,0.7581,
0.839,0.3963,0.009162,0.009319,0.006671,0.01183,0.008645,0.003995,0.002298,0.009603,0.005829,0.1747,0.758,
0.8376,0.3967,0.009155,0.009302,0.006649,0.01176,0.008444,0.003995,0.002299,0.009604,0.005829,0.1747,0.7583,
0.8386,0.3961,0.009232,0.00931,0.006655,0.01169,0.00837,0.003993,0.002273,0.009694,0.006087,0.1745,0.7582,
0.8382,0.3935,0.009217,0.009302,0.006662,0.01167,0.008315,0.003979,0.002292,0.009673,0.006087,0.1745,0.7583,
0.8358,0.3928,0.009244,0.009287,0.006665,0.01168,0.007662,0.003993,0.002305,0.00959,0.006313,0.1743,0.759,
0.8353,0.3957,0.009199,0.009286,0.006671,0.01168,0.007617,0.003969,0.002336,0.009622,0.006246,0.1743,0.7591,
0.8367,0.3871,0.009422,0.009273,0.006686,0.01164,0.007588,0.003996,0.002328,0.009624,0.006413,0.1741,0.7589,
0.8373,0.3774,0.00952,0.00926,0.006703,0.01163,0.007512,0.003979,0.002341,0.009716,0.006504,0.1739,0.7589,
0.8387,0.3767,0.009745,0.009247,0.006717,0.01162,0.007512,0.003993,0.002345,0.009732,0.006626,0.1738,0.7587,
0.8407,0.4107,0.009733,0.009253,0.00672,0.01158,0.007499,0.004011,0.005587,0.006691,0.006361,0.1738,0.7588,
0.8405,0.3897,0.009843,0.009255,0.006731,0.01155,0.007352,0.004025,0.005573,0.006755,0.006297,0.1738,0.7588,
0.84,0.4037,0.009836,0.009245,0.006746,0.01151,0.007299,0.006231,0.003989,0.00612,0.006297,0.1738,0.7589,
0.8402,0.4123,0.009807,0.00923,0.00675,0.01148,0.007181,0.006246,0.004014,0.006374,0.005982,0.1746,0.7584,
0.8394,0.4231,0.009567,0.009245,0.006753,0.01162,0.007091,0.00626,0.004036,0.006421,0.005901,0.1746,0.7585,
0.84,0.3657,0.009702,0.009231,0.006769,0.01154,0.00709,0.006252,0.004015,0.00653,0.005925,0.1745,0.7585,
0.8391,0.3584,0.009681,0.009226,0.006774,0.01142,0.00706,0.006221,0.004029,0.006534,0.005867,0.1745,0.7587,
0.8388,0.3614,0.009665,0.00923,0.006785,0.01137,0.00706,0.006239,0.004029,0.006612,0.005771,0.1745,0.7587,
0.8391,0.3582,0.009806,0.009224,0.006799,0.0113,0.006968,0.006249,0.004007,0.006717,0.005801,0.1744,0.7587,
0.8402,0.3602,0.009902,0.009229,0.006807,0.01124,0.006979,0.006249,0.003988,0.006727,0.005952,0.1744,0.7585,
0.8391,0.3568,0.009853,0.00924,0.006716,0.01117,0.006923,0.006263,0.004026,0.006675,0.005952,0.1745,0.7587,
0.8394,0.3534,0.009979,0.009231,0.006726,0.01111,0.006852,0.006259,0.004061,0.006681,0.006007,0.1744,0.7587,
0.8389,0.3536,0.009944,0.009233,0.006733,0.01106,0.006836,0.006242,0.004061,0.006714,0.005976,0.1744,0.7588,
0.8383,0.3487,0.009932,0.009244,0.006736,0.01093,0.006836,0.006257,0.004048,0.00683,0.005822,0.1745,0.7589,
0.8388,0.3482,0.01001,0.009257,0.00674,0.01092,0.006769,0.006257,0.004048,0.006876,0.005938,0.1743,0.7589,
0.8384,0.3491,0.009983,0.009253,0.006754,0.0109,0.006753,0.006312,0.003975,0.006912,0.005863,0.1743,0.759,
0.8399,0.3495,0.01013,0.009237,0.006763,0.01083,0.006785,0.006302,0.003959,0.006982,0.005961,0.1746,0.7584,
0.8403,0.3516,0.01024,0.009221,0.006767,0.01081,0.006766,0.00635,0.00394,0.007067,0.005883,0.1746,0.7584,
0.842,0.3687,0.01037,0.009215,0.006776,0.01077,0.006806,0.006311,0.003941,0.007214,0.006132,0.1742,0.7583,
0.8418,0.3645,0.01034,0.009197,0.006788,0.01069,0.00675,0.006297,0.004002,0.007147,0.006129,0.1746,0.7581,
0.8396,0.3772,0.01032,0.009183,0.006803,0.01067,0.006709,0.008151,0.00211,0.007179,0.006098,0.1746,0.7582,
0.8394,0.3832,0.01038,0.009187,0.006812,0.01059,0.006606,0.008176,0.002103,0.007212,0.006166,0.1745,0.7583,
0.8393,0.381,0.01032,0.009186,0.006816,0.01059,0.006642,0.008163,0.002078,0.007244,0.006132,0.1746,0.7582,
0.841,0.3776,0.01038,0.009187,0.006828,0.01057,0.006659,0.008159,0.002063,0.007261,0.006559,0.1741,0.7582,
0.8416,0.3709,0.01047,0.009186,0.006798,0.0105,0.006653,0.008102,0.002107,0.007264,0.006791,0.1739,0.7583,
0.8427,0.3707,0.01058,0.009184,0.006765,0.01046,0.006653,0.008102,0.002156,0.007252,0.007004,0.1736,0.7582,
0.8424,0.3888,0.01056,0.009168,0.006775,0.01045,0.008203,0.00657,0.002138,0.00738,0.006877,0.1737,0.7582,
0.8443,0.3839,0.01043,0.009167,0.00678,0.0105,0.008144,0.006551,0.002135,0.007516,0.007049,0.1744,0.7573,
0.845,0.415,0.01041,0.009177,0.006794,0.0105,0.008108,0.006565,0.006327,0.003364,0.006886,0.1745,0.7574,
0.8463,0.3859,0.01042,0.009176,0.006802,0.01056,0.009913,0.004705,0.006322,0.00342,0.007472,0.1739,0.7573,
0.8465,0.3626,0.01039,0.009175,0.006804,0.01054,0.009896,0.004725,0.006295,0.003466,0.007395,0.1743,0.757,
0.847,0.3295,0.0104,0.009172,0.006811,0.01057,0.009914,0.004708,0.006295,0.003597,0.007328,0.1743,0.7569,
0.8466,0.3304,0.01039,0.009165,0.00682,0.01054,0.009887,0.004673,0.006295,0.003646,0.007278,0.1743,0.757,
0.8462,0.3368,0.01036,0.009165,0.00683,0.01047,0.009847,0.004666,0.006284,0.003795,0.007129,0.1744,0.7571,
0.8456,0.3347,0.01034,0.009177,0.006839,0.01046,0.009779,0.004667,0.00629,0.003783,0.0071,0.1744,0.7572,
0.8424,0.3389,0.01033,0.009175,0.006843,0.01044,0.009145,0.00462,0.00629,0.003949,0.006881,0.1744,0.758,
0.8417,0.3418,0.01028,0.009165,0.006859,0.01043,0.009057,0.004585,0.006307,0.004241,0.006572,0.1744,0.7581,
0.8428,0.3433,0.01032,0.009162,0.006866,0.01046,0.008949,0.004602,0.006342,0.004343,0.006754,0.174,0.7582,
0.8424,0.3481,0.01025,0.009163,0.006817,0.01051,0.008967,0.004583,0.006383,0.004302,0.006753,0.174,0.7582,
0.8423,0.3448,0.01028,0.009169,0.006825,0.01046,0.00887,0.00458,0.006359,0.004288,0.006903,0.1739,0.7584,
0.8423,0.3508,0.01034,0.00917,0.006836,0.01046,0.008743,0.004623,0.006303,0.004485,0.006802,0.1738,0.7584,
0.8424,0.3492,0.01032,0.009164,0.006847,0.01044,0.00864,0.004678,0.006237,0.004483,0.006798,0.1743,0.7581,
0.8417,0.3499,0.01022,0.009174,0.006854,0.0105,0.008519,0.004678,0.006259,0.00446,0.006797,0.1743,0.7582,
0.8419,0.3467,0.01029,0.009172,0.006808,0.01048,0.008452,0.004648,0.006234,0.004568,0.006846,0.1743,0.7582,
0.8433,0.3367,0.01031,0.009174,0.006827,0.01044,0.008395,0.004653,0.006199,0.004568,0.007413,0.1737,0.7583,
0.8434,0.3392,0.01039,0.009173,0.006837,0.01036,0.008326,0.004646,0.006171,0.004626,0.007497,0.1736,0.7584,
0.8431,0.3415,0.01035,0.009183,0.006853,0.01037,0.008259,0.004671,0.006176,0.004738,0.007346,0.1736,0.7585,
0.8434,0.3423,0.01033,0.009184,0.006857,0.01033,0.008202,0.00472,0.00612,0.004735,0.007341,0.1742,0.758,
0.8448,0.3508,0.01046,0.009183,0.006829,0.01039,0.008111,0.004719,0.006118,0.004733,0.007599,0.1741,0.7577,
0.8444,0.346,0.01038,0.009184,0.006837,0.01043,0.00806,0.004713,0.006092,0.00493,0.007403,0.1741,0.7578,
0.8442,0.3469,0.01036,0.009187,0.006837,0.01041,0.008151,0.004639,0.006107,0.004975,0.007326,0.1742,0.7579,
0.8436,0.3497,0.01033,0.009184,0.006833,0.01041,0.008111,0.004588,0.006107,0.004976,0.007326,0.1742,0.758,
0.8428,0.3496,0.01018,0.009201,0.0068,0.0105,0.008047,0.004548,0.006107,0.00512,0.007182,0.1742,0.7582,
0.8438,0.3493,0.01018,0.009193,0.006814,0.01052,0.007944,0.004581,0.00607,0.005147,0.007443,0.1741,0.758,
0.8454,0.3454,0.0103,0.009202,0.006816,0.01048,0.007959,0.004615,0.00605,0.005171,0.007664,0.1741,0.7577,
0.8435,0.3786,0.01026,0.009209,0.006828,0.01044,0.007951,0.008058,0.002619,0.005192,0.007558,0.1741,0.7578,
0.8452,0.3693,0.0102,0.00922,0.006835,0.01053,0.007864,0.008121,0.002557,0.005391,0.007963,0.1735,0.7578,
0.8449,0.3757,0.01033,0.009221,0.006847,0.01049,0.007659,0.0081,0.002569,0.005513,0.007902,0.1734,0.7579,
0.8453,0.3732,0.01022,0.009228,0.006849,0.01057,0.007646,0.008089,0.002545,0.005537,0.007868,0.174,0.7575,
0.8455,0.3745,0.01031,0.009237,0.006857,0.01052,0.00758,0.008085,0.002528,0.005824,0.007673,0.1739,0.7575,
0.8449,0.371,0.01028,0.009239,0.006865,0.01048,0.007513,0.008121,0.002492,0.0059,0.00756,0.174,0.7575,
0.8441,0.3472,0.0102,0.009221,0.006884,0.01053,0.007406,0.008075,0.002469,0.0062,0.00726,0.174,0.7577,
0.8458,0.3631,0.01032,0.009229,0.006837,0.0106,0.00727,0.008062,0.002447,0.006499,0.007449,0.1738,0.7575,
0.8487,0.3418,0.0105,0.009228,0.006843,0.01066,0.00727,0.008104,0.002431,0.006733,0.00778,0.1732,0.7573,
0.8505,0.3392,0.01031,0.009233,0.006852,0.01084,0.007305,0.008087,0.002414,0.006813,0.008277,0.1726,0.7572,
0.8496,0.3461,0.0102,0.009243,0.006863,0.01079,0.007961,0.007362,0.00244,0.006833,0.008214,0.1726,0.7574,
0.8501,0.3399,0.01034,0.009235,0.006882,0.01075,0.007992,0.00733,0.00244,0.006833,0.008214,0.1727,0.7573,
0.8508,0.3426,0.01028,0.009211,0.006841,0.01069,0.00801,0.007293,0.002436,0.006853,0.008174,0.1738,0.7564,
0.8507,0.3439,0.01034,0.009202,0.006774,0.01065,0.008059,0.007261,0.002445,0.006927,0.008136,0.1737,0.7565,
0.8504,0.3564,0.01023,0.009193,0.006775,0.01072,0.008031,0.007278,0.002436,0.007096,0.007943,0.1738,0.7565,
0.8527,0.3449,0.01058,0.009208,0.006782,0.01068,0.008048,0.00726,0.002435,0.007095,0.008212,0.1736,0.7561,
0.8538,0.3374,0.01062,0.009219,0.006779,0.01068,0.008025,0.00724,0.002434,0.007147,0.008352,0.1737,0.7558,
0.8533,0.3394,0.01061,0.009196,0.006787,0.01066,0.007961,0.007269,0.002412,0.007251,0.008234,0.1737,0.7559,
0.8528,0.3398,0.0106,0.009191,0.006794,0.01062,0.007935,0.007304,0.002362,0.007423,0.008035,0.1737,0.756,
0.8525,0.3367,0.01058,0.009187,0.006806,0.01056,0.007963,0.007302,0.002337,0.007423,0.008036,0.1737,0.7561,
0.8523,0.3425,0.01057,0.009187,0.006811,0.01055,0.007941,0.007302,0.002337,0.007452,0.008007,0.1737,0.7561,
0.852,0.3371,0.01046,0.009194,0.006825,0.01063,0.007935,0.007253,0.002381,0.007404,0.007989,0.1737,0.7562,
0.8528,0.3408,0.01053,0.0092,0.006835,0.01059,0.007911,0.0072,0.002356,0.007438,0.008305,0.1734,0.7562,
0.8526,0.343,0.01054,0.009218,0.006848,0.01056,0.007889,0.007206,0.002318,0.007469,0.008283,0.1734,0.7563,
0.8528,0.3425,0.01051,0.009223,0.006859,0.01053,0.007903,0.007187,0.002317,0.007575,0.008172,0.1737,0.756,
0.8522,0.3427,0.01051,0.009212,0.006868,0.0105,0.007842,0.007151,0.002317,0.007572,0.008171,0.1737,0.7561,
0.8521,0.3428,0.01049,0.009218,0.006881,0.0105,0.007825,0.007214,0.002295,0.007527,0.008171,0.1737,0.7562,
0.8517,0.3585,0.01047,0.009224,0.006879,0.01048,0.007842,0.007168,0.002302,0.007762,0.007905,0.1737,0.7563,
0.8516,0.4269,0.01033,0.009237,0.006883,0.01063,0.009035,0.005949,0.002307,0.007952,0.007783,0.1736,0.7563,
0.8516,0.4092,0.01033,0.009228,0.006885,0.01062,0.008884,0.005942,0.002269,0.00804,0.00799,0.1734,0.7564,
0.8508,0.3785,0.01027,0.009225,0.006871,0.01062,0.008892,0.005855,0.002251,0.008346,0.0076,0.1737,0.7564,
0.8504,0.3712,0.01024,0.009226,0.006884,0.01058,0.008846,0.005855,0.00225,0.008541,0.007406,0.1737,0.7565,
0.8507,0.3624,0.0103,0.009245,0.006895,0.01055,0.008765,0.005872,0.002247,0.008911,0.007183,0.1735,0.7565,
0.8502,0.3618,0.01013,0.009254,0.006903,0.0106,0.008764,0.005836,0.002248,0.008988,0.007088,0.1737,0.7565,
0.8496,0.3548,0.01025,0.009259,0.00691,0.01054,0.008796,0.006392,0.001576,0.008989,0.007169,0.1736,0.7565,
0.849,0.3479,0.01024,0.009257,0.006919,0.01047,0.008716,0.006415,0.001554,0.009007,0.007152,0.1736,0.7566,
0.8482,0.3507,0.01022,0.009244,0.006891,0.01049,0.008643,0.006418,0.001547,0.009173,0.006935,0.1737,0.7567,
0.848,0.3524,0.0102,0.009247,0.006901,0.01049,0.008604,0.006431,0.001544,0.009399,0.006696,0.1737,0.7568,
0.8485,0.3481,0.01033,0.009236,0.006915,0.01045,0.008633,0.006443,0.00154,0.009425,0.006675,0.1737,0.7567,
0.8488,0.3502,0.01026,0.009252,0.006921,0.01053,0.00865,0.006425,0.001539,0.009479,0.006659,0.1737,0.7566,
0.8505,0.3508,0.01044,0.009282,0.00692,0.01049,0.008564,0.006425,0.001614,0.009437,0.007013,0.1733,0.7565,
0.8492,0.3499,0.01042,0.009288,0.006873,0.01046,0.008379,0.006429,0.001614,0.009521,0.006913,0.1733,0.7568,
0.8506,0.3543,0.01045,0.009277,0.00687,0.01042,0.008351,0.006413,0.001641,0.009836,0.006844,0.1737,0.7562,
0.8522,0.3613,0.01045,0.009262,0.006878,0.01047,0.008326,0.00639,0.001641,0.00989,0.007173,0.1736,0.7559,
0.8514,0.3524,0.01044,0.00927,0.006883,0.01043,0.008261,0.006397,0.001598,0.009961,0.007078,0.1736,0.7561,
0.8523,0.3446,0.0105,0.009266,0.006898,0.0104,0.008272,0.006387,0.001598,0.01008,0.007169,0.1734,0.756,
0.8518,0.3578,0.01048,0.009281,0.006905,0.01039,0.008182,0.006387,0.001599,0.01014,0.007104,0.1734,0.7561,
0.8509,0.3564,0.01042,0.009287,0.006867,0.01039,0.00811,0.006367,0.001587,0.0102,0.007047,0.1734,0.7563,
0.8507,0.3603,0.0104,0.009284,0.006888,0.01035,0.008071,0.006344,0.001587,0.01026,0.006981,0.1736,0.7563,
0.8497,0.3537,0.01019,0.009302,0.006896,0.01049,0.00894,0.005402,0.001595,0.01036,0.006857,0.1736,0.7564,
0.8495,0.3504,0.01029,0.009284,0.006883,0.01043,0.008716,0.0054,0.001619,0.01033,0.007109,0.1733,0.7566,
0.8488,0.3894,0.01024,0.009283,0.006837,0.01039,0.00866,0.005431,0.001574,0.01046,0.006951,0.1736,0.7566,
0.8476,0.3846,0.01023,0.009289,0.006802,0.01033,0.008618,0.005363,0.001574,0.01044,0.006909,0.1737,0.7568,
0.8499,0.3763,0.01037,0.009291,0.006804,0.01027,0.008576,0.005317,0.001648,0.01057,0.007234,0.1735,0.7564,
0.8494,0.373,0.01034,0.009313,0.00681,0.01025,0.008546,0.005282,0.0017,0.01057,0.007141,0.1736,0.7565,
0.8484,0.3794,0.01032,0.009307,0.006828,0.01022,0.008432,0.005229,0.001756,0.01057,0.007015,0.1736,0.7567,
0.8471,0.374,0.01014,0.009316,0.006833,0.01034,0.008251,0.005222,0.001733,0.01059,0.006971,0.1736,0.757,
0.8463,0.3677,0.01004,0.009317,0.006818,0.01043,0.008136,0.005203,0.001759,0.01067,0.006875,0.1735,0.7572,
0.8464,0.3668,0.01014,0.009326,0.006822,0.01038,0.008096,0.005221,0.00174,0.01071,0.006881,0.1735,0.7572,
0.8455,0.3449,0.01012,0.009329,0.006829,0.01032,0.007941,0.005221,0.001802,0.01071,0.00682,0.1735,0.7574,
0.8462,0.3484,0.01026,0.009324,0.006744,0.0103,0.007941,0.005221,0.001837,0.01082,0.00682,0.1734,0.7573,
0.8461,0.359,0.01024,0.00932,0.006763,0.01028,0.00794,0.005271,0.001838,0.01078,0.006758,0.1736,0.7572,
0.8457,0.3544,0.01022,0.009336,0.00677,0.01027,0.007885,0.005283,0.001848,0.01085,0.006652,0.1736,0.7573,
0.8452,0.357,0.01021,0.009325,0.006778,0.0102,0.007871,0.00529,0.001867,0.01086,0.006575,0.1736,0.7574,
0.8451,0.3527,0.01019,0.009324,0.006783,0.01015,0.007889,0.005273,0.001959,0.01082,0.006519,0.1736,0.7574,
0.8451,0.3599,0.01023,0.009326,0.006792,0.01008,0.007947,0.005255,0.001935,0.01088,0.006514,0.1736,0.7575,
0.8456,0.3507,0.01026,0.009323,0.006805,0.01011,0.00796,0.005221,0.001952,0.01086,0.006588,0.1735,0.7574,
0.8482,0.353,0.01039,0.009336,0.00681,0.01004,0.007976,0.005167,0.002013,0.0108,0.007315,0.1728,0.7574,
0.8483,0.3573,0.01026,0.009339,0.006824,0.01015,0.007985,0.005158,0.002095,0.01072,0.007315,0.1728,0.7574,
0.8504,0.3625,0.01032,0.009334,0.006824,0.0102,0.007973,0.005107,0.002116,0.01095,0.007269,0.1735,0.7564,
0.8498,0.3556,0.01028,0.00933,0.006834,0.0102,0.007905,0.005113,0.002115,0.01095,0.007215,0.1735,0.7565,
0.8522,0.3407,0.01048,0.009351,0.006845,0.01013,0.007906,0.005074,0.002124,0.01105,0.007728,0.1729,0.7565,
0.8518,0.3424,0.01047,0.009344,0.006861,0.0101,0.007852,0.00507,0.002148,0.01103,0.007728,0.1729,0.7565,
0.8508,0.3406,0.01047,0.009326,0.006809,0.0101,0.007711,0.00514,0.002106,0.01104,0.007691,0.1729,0.7567,
0.8475,0.3604,0.01045,0.009309,0.006822,0.01007,0.01061,0.002051,0.002189,0.01129,0.007336,0.1734,0.7565,
0.8476,0.3642,0.0104,0.009299,0.006792,0.0102,0.01047,0.002112,0.002128,0.01139,0.007376,0.1734,0.7565,
0.8473,0.3459,0.01033,0.009327,0.006796,0.01021,0.0104,0.002108,0.002273,0.0113,0.007292,0.1734,0.7566,
0.847,0.3485,0.01026,0.009331,0.006795,0.01024,0.01037,0.002111,0.002533,0.01114,0.00711,0.1734,0.7567,
0.8464,0.3556,0.01023,0.009324,0.00681,0.01026,0.01024,0.002281,0.002357,0.01113,0.00711,0.1734,0.7569,
0.8455,0.3612,0.01018,0.009339,0.006815,0.01023,0.01014,0.00226,0.00237,0.01128,0.006938,0.1734,0.757,
0.8447,0.3573,0.01014,0.009343,0.006822,0.01022,0.01003,0.002278,0.00236,0.01144,0.006748,0.1734,0.7572,
0.8459,0.42,0.01,0.009337,0.006834,0.0103,0.009772,0.002294,0.009034,0.004747,0.006748,0.1734,0.7575,
0.8464,0.4291,0.01002,0.009354,0.006846,0.01029,0.00975,0.002382,0.009093,0.004892,0.006526,0.1734,0.7575,
0.8452,0.4317,0.009911,0.009371,0.006855,0.01033,0.009548,0.002363,0.009225,0.004778,0.006508,0.1734,0.7577,
0.8454,0.3917,0.009925,0.009359,0.006861,0.0104,0.009347,0.002363,0.009277,0.004904,0.006567,0.1732,0.7578,
0.8439,0.396,0.009842,0.009359,0.006868,0.01046,0.009053,0.002363,0.009304,0.004934,0.006469,0.1732,0.7582,
0.8438,0.3961,0.009915,0.009362,0.00688,0.01044,0.008877,0.002381,0.009319,0.00492,0.006569,0.1731,0.7583,
0.8424,0.3983,0.009907,0.009364,0.006886,0.01037,0.008695,0.002357,0.009345,0.004919,0.006494,0.1731,0.7585,
0.8423,0.4043,0.009876,0.009368,0.006892,0.01031,0.008671,0.002356,0.009437,0.004859,0.006458,0.1734,0.7584,
0.8405,0.412,0.009926,0.009359,0.0069,0.0103,0.008229,0.002339,0.00945,0.004892,0.006433,0.1734,0.7588,
0.843,0.4063,0.01016,0.009366,0.006909,0.01027,0.008117,0.002326,0.009467,0.004941,0.007024,0.1727,0.7587,
0.843,0.4052,0.01013,0.009374,0.006918,0.01023,0.00802,0.002324,0.009464,0.005032,0.006908,0.1733,0.7583,
0.8419,0.404,0.01009,0.009384,0.006922,0.01018,0.007863,0.002349,0.009481,0.005099,0.006771,0.1733,0.7586,
0.8416,0.4038,0.01007,0.00939,0.006923,0.01017,0.007824,0.002362,0.009509,0.005054,0.006771,0.1733,0.7586,
0.8429,0.4014,0.01037,0.009382,0.006936,0.01009,0.00774,0.002344,0.009545,0.005016,0.006948,0.1733,0.7583,
0.8425,0.3925,0.01034,0.009382,0.006946,0.01008,0.007693,0.002354,0.009576,0.004958,0.006947,0.1733,0.7584,
0.8437,0.3881,0.01044,0.009383,0.006966,0.01006,0.007608,0.002368,0.009606,0.005005,0.007243,0.1729,0.7584,
0.8443,0.3854,0.01055,0.009378,0.006952,0.01005,0.007608,0.002428,0.00959,0.004988,0.00726,0.1729,0.7583,
0.8438,0.3902,0.0103,0.009374,0.006962,0.01031,0.007423,0.002445,0.00959,0.005024,0.007281,0.1728,0.7585,
0.8447,0.4011,0.01033,0.009362,0.006927,0.01029,0.007419,0.002385,0.009597,0.005043,0.007446,0.1732,0.758,
0.8439,0.3977,0.01031,0.009361,0.006942,0.01025,0.007306,0.002371,0.00959,0.005069,0.007413,0.1732,0.7582,
0.8449,0.3934,0.0104,0.009366,0.006952,0.01025,0.007306,0.002385,0.009593,0.00555,0.007058,0.1731,0.7581,
0.8444,0.3876,0.01032,0.009387,0.006958,0.01022,0.007244,0.002408,0.009588,0.005663,0.006927,0.1731,0.7582,
0.8425,0.3807,0.01028,0.009383,0.006929,0.01015,0.00799,0.001636,0.009581,0.005646,0.006927,0.1731,0.7584,
0.8426,0.391,0.01016,0.009384,0.006936,0.01022,0.008005,0.001637,0.00958,0.005831,0.006723,0.1732,0.7583,
0.8384,0.4194,0.01021,0.009374,0.006938,0.01015,0.00713,0.001571,0.00962,0.005798,0.00681,0.1732,0.7592,
0.8396,0.3706,0.01031,0.009381,0.006945,0.01011,0.007147,0.001533,0.009601,0.005863,0.006995,0.1732,0.7589,
0.8389,0.3682,0.01027,0.009378,0.006959,0.01005,0.007026,0.00161,0.009524,0.005936,0.006923,0.1732,0.7591,
0.8427,0.3819,0.0103,0.009376,0.00697,0.01014,0.007057,0.003231,0.007892,0.00597,0.007229,0.1728,0.759,
0.842,0.3986,0.01018,0.009376,0.006978,0.01021,0.007025,0.003234,0.007888,0.00594,0.007156,0.1729,0.7591,
0.8425,0.4079,0.01015,0.009374,0.006982,0.01016,0.007,0.004174,0.006931,0.006205,0.006889,0.1732,0.759,
0.8465,0.4003,0.01062,0.009373,0.00699,0.01015,0.006926,0.004184,0.006934,0.006205,0.007611,0.1724,0.7586,
0.8467,0.4024,0.01057,0.009354,0.006945,0.01015,0.00692,0.004204,0.006941,0.006341,0.007406,0.173,0.7581,
0.8464,0.4097,0.01051,0.009356,0.006956,0.01022,0.006743,0.004218,0.006981,0.006481,0.007344,0.1729,0.7583,
0.8457,0.4038,0.01046,0.00936,0.006966,0.01019,0.006645,0.004229,0.00697,0.006481,0.007333,0.1729,0.7584,
0.8461,0.3963,0.01055,0.009353,0.006971,0.01011,0.006584,0.004247,0.007067,0.006365,0.007485,0.1729,0.7584,
0.8473,0.391,0.01061,0.009361,0.006979,0.0101,0.006584,0.00429,0.007053,0.006408,0.007681,0.1726,0.7583,
0.8488,0.3917,0.01076,0.009375,0.00698,0.01008,0.006605,0.00428,0.007032,0.006485,0.0077,0.173,0.7577,
0.8492,0.3994,0.01086,0.009382,0.006983,0.01004,0.006542,0.004314,0.006964,0.006521,0.007855,0.1728,0.7577,
0.8494,0.3985,0.01094,0.009376,0.006997,0.01004,0.006455,0.004353,0.006946,0.006561,0.007863,0.1727,0.7578,
0.8491,0.3931,0.0109,0.00939,0.007004,0.01001,0.006427,0.004412,0.006941,0.006513,0.007845,0.1727,0.7578,
