entropy,entropyInd,RabA,RabB,RabC,RabD,RabE,RabF,RabG,RabH,RabI,xER,xPM,
0.8684,0.4196,0.0113,0.008895,0.009409,0.01005,0.007531,0.004842,0.003547,0.005856,0.008246,0.1865,0.7438,
0.8681,0.41,0.01129,0.008892,0.009406,0.01001,0.007425,0.00484,0.003546,0.005854,0.008243,0.1868,0.7437,
0.87,0.4089,0.01142,0.008892,0.009406,0.01001,0.007425,0.00484,0.003546,0.005854,0.008661,0.1864,0.7435,
0.8697,0.4053,0.01141,0.008888,0.009396,0.009975,0.007347,0.004831,0.003536,0.005847,0.008658,0.1868,0.7434,
0.8698,0.4047,0.01146,0.008888,0.009393,0.009926,0.007297,0.004831,0.003535,0.005847,0.008773,0.1866,0.7434,
0.8705,0.4037,0.01151,0.008886,0.00939,0.009911,0.007295,0.00483,0.003534,0.005846,0.008873,0.1867,0.7432,
0.8712,0.4016,0.01166,0.008886,0.00939,0.009882,0.007295,0.00483,0.003534,0.005846,0.008947,0.1867,0.7431,
0.8709,0.4,0.01165,0.00886,0.00937,0.009882,0.007295,0.00483,0.003534,0.005846,0.008947,0.1867,0.7431,
0.8725,0.401,0.01165,0.008857,0.00937,0.009829,0.007295,0.00483,0.003534,0.005846,0.009559,0.1861,0.7432,
0.8735,0.3979,0.01165,0.008856,0.009371,0.009787,0.007277,0.004826,0.003534,0.005846,0.009997,0.1856,0.7432,
0.8735,0.3992,0.01165,0.008856,0.009371,0.009772,0.007277,0.004826,0.003534,0.005846,0.009997,0.1856,0.7432,
0.8733,0.3984,0.01163,0.008855,0.009371,0.009728,0.007277,0.004826,0.003534,0.005846,0.009998,0.1856,0.7433,
0.8729,0.396,0.01163,0.008855,0.009371,0.009728,0.007207,0.004826,0.003534,0.005846,0.009998,0.1856,0.7434,
0.8729,0.3939,0.01163,0.008852,0.009371,0.009718,0.007207,0.004826,0.003534,0.005846,0.009998,0.1856,0.7434,
0.8737,0.3939,0.01162,0.008841,0.009358,0.009684,0.007199,0.00482,0.00353,0.00584,0.009987,0.1866,0.7426,
0.8743,0.3937,0.01161,0.008839,0.009359,0.009662,0.007199,0.00482,0.00353,0.00584,0.01025,0.1863,0.7426,
0.8739,0.3888,0.01161,0.008828,0.009358,0.009647,0.007141,0.004812,0.003526,0.005839,0.01025,0.1863,0.7427,
0.8738,0.3887,0.0116,0.008815,0.009351,0.009625,0.007124,0.004807,0.00352,0.005838,0.01025,0.1865,0.7425,
0.8736,0.3887,0.0116,0.008815,0.009351,0.00961,0.007101,0.004807,0.00352,0.005838,0.01025,0.1865,0.7426,
0.8735,0.3855,0.0116,0.008816,0.009351,0.009581,0.007101,0.004806,0.00352,0.005838,0.01025,0.1865,0.7426,
0.8739,0.3881,0.0117,0.008803,0.009346,0.009581,0.006999,0.004806,0.003519,0.005837,0.01044,0.1864,0.7426,
0.8735,0.3904,0.01169,0.008793,0.00934,0.00958,0.006945,0.004806,0.003518,0.005837,0.01044,0.1864,0.7427,
0.8732,0.3893,0.01167,0.008789,0.009334,0.009551,0.006885,0.004801,0.003512,0.005836,0.01044,0.1865,0.7426,
0.8722,0.3932,0.01167,0.008789,0.009242,0.009509,0.006789,0.004796,0.003512,0.005836,0.01044,0.1865,0.7429,
0.8727,0.3808,0.01172,0.008785,0.009241,0.009461,0.006734,0.004796,0.003512,0.005836,0.01073,0.1863,0.7429,
0.8725,0.3877,0.01167,0.008782,0.009238,0.009459,0.006694,0.004791,0.003506,0.005834,0.01073,0.1865,0.7428,
0.8723,0.3761,0.01167,0.008782,0.009238,0.009444,0.006655,0.004791,0.003506,0.005834,0.01073,0.1865,0.7428,
0.8722,0.377,0.01167,0.008782,0.009238,0.009444,0.006632,0.004791,0.003506,0.005834,0.01073,0.1865,0.7429,
0.8719,0.3796,0.01166,0.008778,0.009238,0.009433,0.006593,0.004791,0.003506,0.005834,0.01073,0.1865,0.7429,
0.8723,0.3722,0.01169,0.008772,0.009231,0.009402,0.006528,0.00479,0.003506,0.005833,0.01094,0.1865,0.7428,
0.8718,0.3812,0.01168,0.008768,0.009224,0.009388,0.006467,0.004782,0.003501,0.005833,0.01094,0.1865,0.7429,
0.872,0.3841,0.01171,0.008795,0.009157,0.009386,0.006393,0.004737,0.003491,0.005959,0.01109,0.1862,0.7431,
0.8717,0.3876,0.01181,0.008796,0.009145,0.009278,0.006359,0.005683,0.002519,0.006651,0.01037,0.1865,0.7429,
0.869,0.3782,0.01175,0.00881,0.009115,0.009274,0.009778,0.002299,0.002504,0.006952,0.01005,0.1865,0.743,
0.8688,0.3687,0.01173,0.008816,0.009123,0.009235,0.009743,0.002301,0.002557,0.007224,0.009711,0.1865,0.7431,
0.8682,0.3743,0.0117,0.008827,0.009131,0.00922,0.009614,0.002298,0.002604,0.007606,0.009271,0.1865,0.7432,
0.8688,0.3642,0.01165,0.008835,0.009141,0.009276,0.009588,0.00228,0.002604,0.008045,0.009019,0.1863,0.7433,
0.8687,0.362,0.01172,0.008841,0.009137,0.009265,0.00948,0.002258,0.002597,0.0083,0.008866,0.1862,0.7433,
0.8624,0.3641,0.01164,0.008888,0.009139,0.009217,0.008215,0.00224,0.002585,0.008535,0.008585,0.1862,0.7447,
0.8628,0.368,0.0117,0.008905,0.00915,0.009178,0.00815,0.0023,0.002543,0.008763,0.008478,0.1861,0.7448,
0.8627,0.373,0.01168,0.008909,0.00915,0.009174,0.008147,0.002299,0.002486,0.00885,0.008329,0.1865,0.7445,
0.8615,0.387,0.01158,0.008914,0.009159,0.009243,0.007936,0.002308,0.00249,0.009132,0.007973,0.1866,0.7447,
0.861,0.3792,0.01156,0.008931,0.009167,0.009215,0.007908,0.002309,0.002455,0.009192,0.007899,0.1866,0.7448,
0.8607,0.3644,0.01153,0.008924,0.009182,0.009219,0.007866,0.002309,0.002473,0.009262,0.007809,0.1866,0.7448,
0.8606,0.3638,0.01151,0.008942,0.009189,0.009188,0.007867,0.002309,0.002492,0.009397,0.007656,0.1866,0.7449,
0.8615,0.3612,0.01156,0.008946,0.009165,0.009228,0.00791,0.002322,0.002436,0.009521,0.007725,0.1864,0.7448,
0.8612,0.3621,0.01153,0.008953,0.009181,0.009223,0.007882,0.002303,0.002454,0.009503,0.007725,0.1864,0.7448,
0.8623,0.3643,0.01162,0.008948,0.009195,0.009193,0.007904,0.002331,0.002405,0.009785,0.007722,0.1861,0.7448,
0.8614,0.3714,0.01159,0.008963,0.009117,0.009192,0.007796,0.002323,0.002452,0.009818,0.007618,0.1862,0.745,
0.8622,0.3645,0.01175,0.008975,0.009126,0.009145,0.007709,0.002319,0.002512,0.01012,0.007467,0.186,0.7449,
0.8624,0.3641,0.01172,0.00897,0.00913,0.009081,0.007705,0.002318,0.002548,0.01013,0.007412,0.1864,0.7446,
0.8621,0.367,0.01169,0.008984,0.009136,0.009075,0.007694,0.002258,0.002548,0.01041,0.007196,0.1864,0.7446,
0.8614,0.3622,0.01168,0.008986,0.009141,0.009038,0.007635,0.002249,0.002547,0.0105,0.007035,0.1865,0.7447,
0.861,0.3876,0.01164,0.009018,0.009145,0.009016,0.007614,0.002262,0.002528,0.01083,0.006704,0.1865,0.7447,
0.8619,0.3688,0.01153,0.00902,0.009156,0.009176,0.007603,0.002259,0.002525,0.01086,0.006898,0.1863,0.7447,
0.8611,0.3639,0.0115,0.009033,0.009164,0.009153,0.007505,0.00223,0.002517,0.01085,0.006872,0.1863,0.7448,
0.8618,0.3787,0.0116,0.009031,0.00918,0.009132,0.007485,0.003157,0.001581,0.01101,0.006977,0.1861,0.7448,
0.8615,0.3774,0.01152,0.009052,0.009187,0.009173,0.007438,0.003141,0.001612,0.01115,0.006801,0.1861,0.7448,
0.8611,0.3687,0.01151,0.009042,0.009191,0.009148,0.007417,0.003164,0.001584,0.01123,0.00672,0.1861,0.7449,
0.8633,0.3625,0.01169,0.009045,0.009194,0.009116,0.007283,0.003158,0.001583,0.01139,0.007152,0.1858,0.7446,
0.8633,0.3677,0.01165,0.009068,0.009202,0.009109,0.007283,0.003158,0.001583,0.01145,0.007096,0.1858,0.7446,
0.864,0.3957,0.01175,0.009054,0.009205,0.009061,0.007299,0.003125,0.001644,0.01138,0.007088,0.1863,0.7441,
0.8627,0.3676,0.01169,0.009041,0.009215,0.008978,0.007203,0.003124,0.001664,0.01148,0.006862,0.1864,0.7443,
0.8686,0.36,0.01219,0.009055,0.009159,0.00898,0.007203,0.003167,0.001666,0.01148,0.008043,0.1852,0.7438,
0.8692,0.3588,0.01244,0.009061,0.009166,0.00899,0.007122,0.003145,0.001661,0.01156,0.007956,0.1852,0.7437,
0.8706,0.3605,0.0128,0.00907,0.009176,0.00899,0.007107,0.003141,0.001657,0.01158,0.007938,0.1852,0.7433,
0.87,0.3677,0.01274,0.009076,0.009175,0.009,0.007072,0.003178,0.00162,0.01176,0.007693,0.1853,0.7434,
0.8688,0.3645,0.01266,0.009081,0.009181,0.008968,0.006927,0.003178,0.001605,0.01178,0.007674,0.1853,0.7436,
0.8704,0.3657,0.01272,0.009075,0.009184,0.009024,0.006893,0.00323,0.001533,0.01189,0.00767,0.1861,0.7427,
0.8704,0.3688,0.01271,0.009081,0.009191,0.009022,0.00685,0.003229,0.001608,0.01196,0.007524,0.1862,0.7427,
0.8698,0.3691,0.01264,0.009087,0.009172,0.009028,0.006778,0.00323,0.001647,0.01194,0.00749,0.1862,0.7428,
0.8699,0.3679,0.01256,0.009095,0.009179,0.009095,0.006778,0.003242,0.001735,0.01192,0.007414,0.1862,0.7428,
0.8696,0.367,0.01255,0.009089,0.009197,0.009079,0.006738,0.003243,0.001746,0.01198,0.007324,0.1862,0.7429,
0.8687,0.3692,0.01253,0.009102,0.0092,0.009054,0.006559,0.003257,0.001808,0.01195,0.007272,0.1862,0.7431,
0.8686,0.3661,0.01251,0.00911,0.009207,0.009026,0.006574,0.003242,0.001827,0.01195,0.007254,0.1862,0.7431,
0.8676,0.3707,0.01249,0.009117,0.009218,0.009011,0.006403,0.003204,0.001827,0.01197,0.007235,0.1862,0.7433,
0.8673,0.3715,0.01242,0.009134,0.009227,0.009027,0.0064,0.003203,0.001808,0.012,0.007205,0.1862,0.7434,
0.8672,0.3716,0.01237,0.00914,0.009236,0.009022,0.0064,0.003203,0.001894,0.01215,0.006966,0.1862,0.7434,
0.8682,0.3836,0.01236,0.009143,0.00925,0.009062,0.006412,0.003191,0.001913,0.01224,0.007125,0.1859,0.7434,
0.8686,0.3808,0.01244,0.009157,0.009252,0.009022,0.0063,0.003233,0.001923,0.0122,0.007225,0.186,0.7432,
0.8694,0.3674,0.01254,0.009164,0.009214,0.009022,0.00625,0.003233,0.00203,0.01237,0.007153,0.1858,0.7432,
0.8687,0.3699,0.01252,0.009163,0.009213,0.009002,0.006202,0.003218,0.00203,0.01272,0.00681,0.1858,0.7433,
0.8706,0.3617,0.01265,0.009161,0.00922,0.008974,0.006227,0.003145,0.002044,0.0128,0.007043,0.1859,0.7428,
0.8715,0.3632,0.01279,0.009148,0.009126,0.008959,0.006227,0.00316,0.002066,0.01281,0.007246,0.1857,0.7428,
0.8716,0.3649,0.01273,0.009171,0.009087,0.008967,0.006277,0.003139,0.002149,0.01278,0.007149,0.186,0.7425,
0.8725,0.3649,0.01276,0.009186,0.009092,0.008953,0.006287,0.003162,0.00215,0.01278,0.007326,0.1858,0.7425,
0.872,0.3739,0.01273,0.009193,0.0091,0.008925,0.006228,0.003198,0.002143,0.01274,0.007326,0.1858,0.7426,
0.8734,0.3698,0.01274,0.009197,0.009104,0.008947,0.006229,0.003182,0.002162,0.0127,0.007742,0.1854,0.7426,
0.8738,0.3686,0.01277,0.0092,0.009103,0.008934,0.006141,0.003164,0.002243,0.01264,0.007945,0.1852,0.7427,
0.8748,0.384,0.01281,0.009203,0.009121,0.00905,0.0061,0.003164,0.002304,0.01309,0.007631,0.185,0.7425,
0.8747,0.3773,0.01277,0.009212,0.009131,0.009068,0.006073,0.003149,0.00236,0.01313,0.00753,0.185,0.7426,
0.875,0.3746,0.01292,0.009212,0.00914,0.009068,0.006029,0.00315,0.002359,0.01322,0.007424,0.185,0.7425,
0.8751,0.3833,0.01288,0.009208,0.009148,0.009148,0.006019,0.003167,0.002362,0.01319,0.007419,0.185,0.7425,
0.8744,0.3834,0.01286,0.009215,0.009104,0.009106,0.005957,0.003166,0.00238,0.01323,0.007366,0.185,0.7426,
0.8752,0.3789,0.01296,0.00921,0.009107,0.009096,0.005876,0.003181,0.002382,0.01348,0.007041,0.1859,0.7418,
0.8748,0.3765,0.01283,0.009221,0.009114,0.009176,0.005879,0.003156,0.00241,0.01357,0.006872,0.1859,0.7418,
0.8743,0.3766,0.01278,0.009242,0.009087,0.009173,0.005849,0.003156,0.002429,0.01364,0.006782,0.1859,0.742,
0.8736,0.384,0.01276,0.009239,0.009096,0.009129,0.005875,0.003129,0.002407,0.01401,0.006417,0.1859,0.742,
0.8733,0.3859,0.01271,0.009255,0.009101,0.009115,0.005831,0.003155,0.002412,0.01402,0.006377,0.1859,0.7421,
0.873,0.4006,0.01262,0.009288,0.009099,0.009113,0.005832,0.003198,0.0024,0.01417,0.006194,0.1859,0.7422,
0.8727,0.394,0.01259,0.009291,0.009098,0.00911,0.005804,0.003201,0.002437,0.01415,0.006158,0.1859,0.7422,
0.8719,0.3915,0.01252,0.009293,0.009111,0.00914,0.005737,0.003185,0.002437,0.01443,0.005875,0.1859,0.7423,
0.8717,0.395,0.01244,0.009298,0.009124,0.009131,0.005737,0.003199,0.002501,0.01443,0.005797,0.1859,0.7424,
0.8761,0.4538,0.01242,0.009301,0.009136,0.009102,0.005737,0.003226,0.009259,0.007797,0.005613,0.186,0.7424,
0.8782,0.4566,0.01252,0.009307,0.009139,0.009098,0.005765,0.003205,0.009286,0.00777,0.006,0.1859,0.742,
0.879,0.4688,0.01238,0.009314,0.009138,0.009258,0.005764,0.003205,0.009337,0.0079,0.00598,0.1858,0.7419,
0.8789,0.4317,0.01225,0.009318,0.009145,0.009332,0.005761,0.003237,0.009356,0.008072,0.005756,0.1859,0.7419,
0.881,0.3915,0.01237,0.009315,0.009154,0.00932,0.005789,0.003221,0.009356,0.008237,0.005967,0.1858,0.7415,
0.8824,0.3932,0.01239,0.009324,0.009159,0.009317,0.005789,0.003282,0.009315,0.008274,0.006249,0.1855,0.7414,
0.8819,0.397,0.01226,0.009316,0.00915,0.009408,0.005772,0.003299,0.009261,0.008365,0.006159,0.1855,0.7415,
0.8813,0.3957,0.01224,0.009319,0.009156,0.009405,0.005599,0.003318,0.00927,0.008399,0.006082,0.1857,0.7415,
0.883,0.3955,0.01231,0.009334,0.009161,0.009472,0.005623,0.003293,0.009289,0.008467,0.006293,0.1854,0.7413,
0.8827,0.4055,0.01223,0.009341,0.009168,0.009506,0.005605,0.003323,0.009254,0.008691,0.00607,0.1855,0.7414,
0.8825,0.4062,0.01218,0.009337,0.009173,0.009554,0.005615,0.003286,0.009261,0.008728,0.006014,0.1855,0.7414,
0.8824,0.4182,0.01217,0.009344,0.009181,0.00954,0.00563,0.003297,0.009306,0.008803,0.005869,0.1855,0.7414,
0.8854,0.4029,0.0123,0.009333,0.009196,0.009511,0.005647,0.003316,0.009329,0.008813,0.006461,0.185,0.7411,
0.8858,0.4076,0.01223,0.00933,0.009206,0.009514,0.005666,0.003312,0.009336,0.008828,0.006402,0.1856,0.7406,
0.8857,0.4099,0.01214,0.00934,0.009225,0.009579,0.005678,0.003277,0.009336,0.008911,0.00632,0.1856,0.7406,
0.8852,0.4107,0.01213,0.009342,0.009194,0.009579,0.005613,0.003291,0.009354,0.008874,0.00632,0.1856,0.7407,
0.8863,0.4335,0.01214,0.009344,0.009203,0.009714,0.005584,0.003297,0.009416,0.008798,0.006475,0.1854,0.7406,
0.8861,0.3888,0.01207,0.00935,0.009205,0.009756,0.005545,0.003308,0.009403,0.008959,0.006312,0.1856,0.7405,
0.8871,0.387,0.01208,0.009362,0.009204,0.009697,0.005543,0.003307,0.009415,0.009013,0.00651,0.1855,0.7403,
0.8865,0.3849,0.01206,0.009353,0.00917,0.009616,0.005544,0.003308,0.009416,0.009116,0.006408,0.1855,0.7405,
0.8871,0.3807,0.01205,0.00936,0.00918,0.009621,0.005543,0.003308,0.009487,0.009107,0.006504,0.1854,0.7404,
0.886,0.377,0.01203,0.009358,0.009188,0.009616,0.005385,0.003268,0.009534,0.009082,0.006452,0.1855,0.7406,
0.8847,0.3927,0.01201,0.009361,0.009198,0.009616,0.00685,0.001825,0.009527,0.009162,0.006356,0.1855,0.7406,
0.8857,0.3797,0.01208,0.009368,0.009203,0.009558,0.006824,0.001844,0.009507,0.009299,0.006549,0.1852,0.7406,
0.8884,0.4374,0.01218,0.009377,0.009215,0.009543,0.006753,0.00789,0.003493,0.009293,0.006699,0.185,0.7406,
0.8894,0.4713,0.01215,0.009367,0.009231,0.009562,0.006757,0.007898,0.00763,0.005287,0.006533,0.185,0.7406,
0.8892,0.4708,0.01197,0.009368,0.009239,0.009688,0.006734,0.007932,0.00763,0.005272,0.006514,0.185,0.7406,
0.888,0.4493,0.01167,0.009376,0.009249,0.009976,0.006712,0.007903,0.008961,0.003971,0.006452,0.185,0.7407,
0.8883,0.4158,0.01163,0.009381,0.00925,0.009988,0.006726,0.007858,0.008972,0.003957,0.006429,0.1854,0.7404,
0.8881,0.4278,0.01149,0.0094,0.009259,0.01007,0.006744,0.007831,0.008957,0.003956,0.006429,0.1855,0.7404,
0.8866,0.4176,0.01142,0.009416,0.009268,0.01009,0.006492,0.007788,0.008957,0.003956,0.006429,0.1855,0.7407,
0.8861,0.4409,0.01139,0.009406,0.009264,0.01007,0.006433,0.007809,0.008921,0.004359,0.005987,0.1855,0.7408,
0.8856,0.4484,0.01138,0.009401,0.009269,0.01006,0.006401,0.007759,0.008941,0.004327,0.005987,0.1855,0.741,
0.8848,0.4171,0.01135,0.009419,0.009285,0.01005,0.006282,0.007737,0.00897,0.004285,0.005987,0.1855,0.7411,
0.884,0.4034,0.01133,0.009421,0.009259,0.01004,0.006184,0.007743,0.008956,0.004285,0.005988,0.1855,0.7413,
0.8826,0.4006,0.01124,0.009426,0.009266,0.01011,0.005944,0.007743,0.008956,0.004285,0.005919,0.1856,0.7415,
0.8821,0.4125,0.01123,0.009425,0.009221,0.01008,0.005961,0.007743,0.008963,0.004259,0.005919,0.1855,0.7417,
0.8818,0.4098,0.01118,0.00945,0.009224,0.01004,0.005943,0.007761,0.008941,0.004277,0.005901,0.1855,0.7418,
0.881,0.4051,0.01116,0.009463,0.009224,0.009988,0.005835,0.007761,0.008941,0.004308,0.00587,0.1855,0.7419,
0.881,0.3896,0.01113,0.009474,0.009231,0.009988,0.005845,0.007752,0.008968,0.004299,0.005851,0.1855,0.7419,
0.88,0.4055,0.01108,0.009492,0.009238,0.009944,0.005722,0.007719,0.00901,0.004647,0.005461,0.1855,0.7421,
0.8807,0.3955,0.01116,0.00947,0.009205,0.009941,0.005681,0.00787,0.008855,0.004784,0.005526,0.1854,0.7422,
0.8805,0.4009,0.01113,0.009474,0.009216,0.009958,0.005642,0.007866,0.00885,0.004868,0.005443,0.1854,0.7422,
0.8816,0.3955,0.01125,0.009473,0.009221,0.009979,0.005679,0.00784,0.008837,0.004983,0.005421,0.1854,0.7419,
0.8811,0.409,0.01124,0.009476,0.009226,0.009966,0.005606,0.007823,0.008818,0.005069,0.005335,0.1854,0.742,
0.8793,0.4226,0.01117,0.009481,0.009235,0.01003,0.005639,0.007819,0.01079,0.003067,0.005335,0.1854,0.742,
0.8788,0.4228,0.0111,0.009487,0.009243,0.01003,0.005611,0.007825,0.01074,0.003282,0.005066,0.1856,0.7421,
0.8768,0.4694,0.01107,0.009493,0.009208,0.009962,0.005589,0.0131,0.005518,0.003294,0.005014,0.1855,0.7422,
0.8764,0.4128,0.01102,0.009488,0.009216,0.009945,0.005622,0.01308,0.005771,0.003026,0.005014,0.1855,0.7423,
0.8758,0.4194,0.01095,0.009479,0.009222,0.009907,0.005639,0.01311,0.00578,0.003038,0.004903,0.1856,0.7424,
0.8756,0.424,0.01094,0.009465,0.009235,0.009876,0.005702,0.0131,0.005807,0.003068,0.004794,0.1856,0.7424,
0.8756,0.4175,0.01093,0.009467,0.009243,0.009862,0.00572,0.0131,0.005786,0.003306,0.004556,0.1856,0.7424,
0.8765,0.4208,0.011,0.009478,0.00925,0.009862,0.005698,0.01305,0.005829,0.003493,0.00452,0.1854,0.7424,
0.8756,0.4186,0.01098,0.009491,0.009185,0.009848,0.005616,0.01307,0.005836,0.00351,0.004438,0.1855,0.7425,
0.8754,0.4209,0.01086,0.009495,0.009135,0.009936,0.005644,0.01304,0.005835,0.003553,0.004394,0.1856,0.7425,
0.8752,0.433,0.01084,0.0095,0.00914,0.009902,0.0057,0.013,0.005823,0.003553,0.004394,0.1856,0.7426,
0.8754,0.4329,0.01088,0.009499,0.009144,0.009871,0.005675,0.01301,0.005821,0.003528,0.00446,0.1856,0.7425,
0.8788,0.4001,0.01084,0.009494,0.009149,0.009958,0.006917,0.01176,0.005818,0.003606,0.004878,0.1855,0.7421,
0.8795,0.4098,0.01078,0.009497,0.009161,0.01006,0.006855,0.01181,0.00577,0.003661,0.005032,0.1853,0.7421,
0.8811,0.3938,0.01093,0.009503,0.009175,0.01005,0.006865,0.0118,0.00577,0.003799,0.005148,0.185,0.7419,
0.8811,0.3959,0.01091,0.009511,0.009183,0.01003,0.006905,0.01174,0.00577,0.003988,0.004959,0.185,0.742,
0.8811,0.3992,0.0109,0.009519,0.009189,0.01003,0.006923,0.01172,0.0058,0.004106,0.004811,0.185,0.742,
0.8809,0.3983,0.01087,0.009528,0.009195,0.01003,0.006923,0.01172,0.005778,0.004106,0.00481,0.185,0.742,
0.8806,0.4159,0.01086,0.009531,0.009205,0.01001,0.007605,0.01089,0.005777,0.004144,0.004772,0.185,0.7422,
0.8825,0.4109,0.01096,0.009535,0.009186,0.01003,0.007563,0.01087,0.005778,0.004144,0.005275,0.1845,0.7421,
0.8796,0.4085,0.01091,0.009545,0.009175,0.01,0.007072,0.01079,0.005794,0.004291,0.005103,0.1845,0.7428,
0.8795,0.4288,0.01088,0.009554,0.009179,0.009979,0.007115,0.01075,0.005794,0.004491,0.004904,0.1846,0.7428,
0.8799,0.4197,0.01083,0.009555,0.009174,0.009942,0.007149,0.01067,0.005769,0.004539,0.004846,0.1853,0.7422,
0.8839,0.3857,0.011,0.009535,0.009111,0.009914,0.007107,0.01068,0.005735,0.004619,0.005918,0.1842,0.7422,
0.883,0.3915,0.01098,0.009543,0.009058,0.009896,0.00703,0.01063,0.005735,0.004742,0.005795,0.1842,0.7424,
0.8832,0.3872,0.0109,0.009551,0.009055,0.009897,0.006924,0.01066,0.005721,0.00479,0.005651,0.1852,0.7416,
0.8841,0.3943,0.01103,0.009556,0.009059,0.009915,0.00698,0.0106,0.005721,0.00479,0.005731,0.1851,0.7415,
0.8855,0.387,0.01103,0.009556,0.009063,0.009975,0.006961,0.01053,0.005883,0.004708,0.005978,0.1851,0.7412,
0.8854,0.4197,0.01102,0.009555,0.009073,0.009949,0.006976,0.01053,0.005892,0.004681,0.005977,0.1851,0.7412,
0.8851,0.4062,0.01101,0.00956,0.009077,0.009928,0.006971,0.01052,0.005891,0.004681,0.005959,0.1851,0.7413,
0.8838,0.3839,0.01098,0.009556,0.009078,0.009869,0.006797,0.01052,0.005888,0.004818,0.005786,0.1851,0.7416,
0.8837,0.3856,0.01093,0.009563,0.009091,0.00987,0.006816,0.01052,0.00587,0.004818,0.005786,0.1851,0.7416,
0.8836,0.387,0.01091,0.009576,0.009095,0.009905,0.006694,0.01051,0.005851,0.004887,0.005847,0.185,0.7417,
0.8818,0.3932,0.01088,0.009595,0.009104,0.009862,0.006555,0.01195,0.004416,0.004886,0.005846,0.1851,0.7418,
0.8814,0.3963,0.01079,0.009576,0.009113,0.009915,0.006512,0.01195,0.004501,0.004801,0.005846,0.1851,0.7419,
0.8809,0.3972,0.01074,0.009557,0.00906,0.009948,0.00753,0.0108,0.004497,0.004801,0.005846,0.1851,0.7421,
0.8809,0.4322,0.01071,0.009585,0.009066,0.009948,0.01008,0.008204,0.004497,0.004801,0.005846,0.1851,0.7421,
0.8806,0.4661,0.0106,0.009587,0.009068,0.01003,0.01006,0.008182,0.004496,0.004826,0.005794,0.1851,0.7422,
0.8793,0.4394,0.0105,0.009603,0.009074,0.0101,0.009815,0.008149,0.004496,0.004963,0.005657,0.1851,0.7425,
0.8786,0.4445,0.01047,0.009596,0.009088,0.01008,0.009737,0.008132,0.004471,0.004963,0.005657,0.1851,0.7427,
0.8801,0.435,0.01062,0.009584,0.009096,0.01015,0.009617,0.008095,0.004472,0.004997,0.005967,0.1848,0.7426,
0.8769,0.4288,0.01059,0.009586,0.009104,0.01013,0.008989,0.008049,0.004453,0.005097,0.005867,0.1848,0.7433,
0.8781,0.3931,0.01056,0.009591,0.009107,0.01018,0.008938,0.008039,0.004432,0.005094,0.006117,0.185,0.7429,
0.8801,0.387,0.01067,0.0096,0.009117,0.01017,0.008822,0.008036,0.004381,0.00522,0.006656,0.1844,0.7429,
0.8796,0.3811,0.01066,0.009602,0.009124,0.01017,0.008725,0.008034,0.004419,0.005262,0.006547,0.1844,0.7431,
0.8774,0.4112,0.01061,0.009593,0.00909,0.01019,0.0123,0.004355,0.004393,0.005254,0.006538,0.1849,0.7427,
0.8769,0.4047,0.01059,0.009604,0.009094,0.01019,0.01226,0.004289,0.004418,0.005315,0.006453,0.1849,0.7428,
0.8778,0.3843,0.01059,0.00962,0.009056,0.01026,0.01221,0.004271,0.004418,0.005351,0.006704,0.1846,0.7429,
0.8776,0.3822,0.01073,0.009626,0.009061,0.01024,0.01203,0.004227,0.004418,0.005363,0.006759,0.1846,0.743,
0.879,0.3791,0.01076,0.009633,0.009072,0.01024,0.01191,0.004275,0.004371,0.005403,0.007251,0.184,0.743,
0.8777,0.382,0.01074,0.009644,0.009025,0.01024,0.01165,0.004252,0.004385,0.005526,0.007113,0.184,0.7434,
0.8783,0.3871,0.01078,0.009638,0.009022,0.01023,0.0115,0.004224,0.004381,0.00552,0.007209,0.1848,0.7427,
0.8731,0.3934,0.01077,0.009643,0.008899,0.01023,0.01046,0.004187,0.004381,0.005606,0.007105,0.1848,0.744,
0.8726,0.3948,0.01084,0.009647,0.00884,0.01023,0.01021,0.004183,0.0044,0.005876,0.006963,0.1846,0.7442,
0.8716,0.3981,0.01083,0.009645,0.008846,0.01023,0.009956,0.004178,0.00438,0.006034,0.006803,0.1847,0.7444,
0.8707,0.4143,0.01078,0.009643,0.008851,0.01025,0.009791,0.004199,0.004369,0.006015,0.006803,0.1847,0.7446,
0.87,0.4057,0.01089,0.009645,0.008856,0.01022,0.009509,0.004146,0.004353,0.006139,0.006782,0.1847,0.7447,
0.8692,0.4025,0.01086,0.009668,0.008862,0.01022,0.009332,0.004168,0.004337,0.006237,0.00667,0.1847,0.7449,
0.8684,0.3957,0.01085,0.00966,0.008879,0.01021,0.009196,0.004163,0.004322,0.006355,0.006552,0.1847,0.7451,
0.867,0.399,0.01083,0.009667,0.008846,0.01014,0.009077,0.004078,0.004322,0.006407,0.006499,0.1847,0.7454,
0.8672,0.3961,0.01089,0.009688,0.008853,0.01011,0.008798,0.004047,0.004322,0.006533,0.006778,0.1843,0.7456,
0.8654,0.4092,0.01088,0.009682,0.00886,0.01007,0.00868,0.006251,0.002141,0.006521,0.00676,0.1844,0.7458,
0.8661,0.4146,0.01105,0.009681,0.008869,0.01011,0.008522,0.006247,0.002141,0.006893,0.00652,0.1842,0.7457,
0.8624,0.455,0.01101,0.009663,0.008877,0.01012,0.0123,0.00236,0.00214,0.006908,0.006498,0.1847,0.7455,
0.8624,0.4191,0.01089,0.009675,0.008888,0.0102,0.01233,0.002341,0.002162,0.006917,0.006455,0.1847,0.7455,
0.861,0.387,0.01089,0.009667,0.008825,0.01018,0.01217,0.002334,0.002151,0.007134,0.006208,0.1847,0.7458,
0.8607,0.3861,0.01088,0.009666,0.008833,0.01017,0.01215,0.002328,0.002136,0.007322,0.00602,0.1847,0.7458,
0.8602,0.3837,0.01079,0.009679,0.008838,0.01022,0.01212,0.002297,0.002136,0.007355,0.005944,0.1847,0.7459,
0.8583,0.3872,0.01077,0.00969,0.008848,0.01017,0.01172,0.002305,0.002124,0.007421,0.005879,0.1847,0.7464,
0.8571,0.3907,0.01081,0.009689,0.00878,0.01015,0.01124,0.002326,0.002109,0.007392,0.006115,0.1847,0.7467,
0.8552,0.4041,0.01071,0.009676,0.008795,0.01023,0.01083,0.002343,0.002092,0.007411,0.006081,0.1847,0.7472,
0.8481,0.4038,0.01073,0.009661,0.008807,0.01021,0.009132,0.002339,0.002079,0.007543,0.006055,0.1845,0.7489,
0.8482,0.402,0.01078,0.009669,0.008771,0.01027,0.008839,0.002339,0.002078,0.007541,0.006258,0.1846,0.7488,
0.8473,0.4048,0.01067,0.00967,0.008779,0.01034,0.008672,0.002339,0.002103,0.007516,0.006258,0.1846,0.749,
0.8488,0.4059,0.01073,0.009688,0.008786,0.01037,0.008365,0.00233,0.002138,0.007756,0.006714,0.1839,0.7492,
0.8481,0.4002,0.0107,0.00969,0.008787,0.01034,0.008082,0.002328,0.002136,0.007824,0.006635,0.1845,0.749,
0.8472,0.404,0.01055,0.00968,0.008792,0.01041,0.007946,0.002332,0.002259,0.007717,0.006601,0.1845,0.7492,
0.8456,0.4124,0.01052,0.009697,0.008794,0.01039,0.007675,0.002964,0.001622,0.007891,0.006427,0.1845,0.7495,
0.8465,0.412,0.0106,0.009688,0.00881,0.01041,0.007675,0.002964,0.001671,0.007842,0.006557,0.1844,0.7494,
0.8462,0.4193,0.01056,0.009695,0.008767,0.01043,0.007728,0.00293,0.001652,0.008052,0.006347,0.1844,0.7495,
0.8487,0.4192,0.01073,0.009705,0.008774,0.01051,0.007681,0.00293,0.001678,0.008324,0.006536,0.1839,0.7492,
0.8475,0.4221,0.01068,0.009697,0.00878,0.01052,0.007349,0.002928,0.001659,0.008369,0.006481,0.1844,0.7491,
0.8478,0.4174,0.01076,0.009688,0.008783,0.01051,0.007167,0.002964,0.001645,0.008344,0.006674,0.1844,0.7491,
0.8469,0.4202,0.01075,0.009694,0.008732,0.01047,0.007071,0.002963,0.001644,0.008389,0.006627,0.1844,0.7493,
0.8459,0.4233,0.01074,0.009689,0.00869,0.01045,0.006919,0.002963,0.001644,0.008456,0.006561,0.1844,0.7495,
0.8455,0.4253,0.01073,0.009688,0.008693,0.01045,0.006886,0.00293,0.001644,0.008456,0.006561,0.1844,0.7496,
0.8468,0.427,0.01094,0.009698,0.008696,0.01047,0.006811,0.00293,0.001644,0.008597,0.006592,0.1842,0.7494,
0.8466,0.4196,0.01093,0.009698,0.008703,0.01046,0.006802,0.002915,0.001643,0.008667,0.006523,0.1842,0.7494,
0.8498,0.4124,0.01139,0.009686,0.008713,0.01045,0.006546,0.002915,0.001642,0.008665,0.007285,0.1835,0.7492,
0.8488,0.4037,0.01155,0.009706,0.00872,0.01044,0.007298,0.002002,0.001667,0.008659,0.007267,0.1835,0.7492,
0.8483,0.4051,0.01149,0.009711,0.008732,0.01042,0.007243,0.002002,0.001655,0.008775,0.007151,0.1835,0.7493,
0.8471,0.4096,0.01147,0.009704,0.008741,0.01036,0.007123,0.002001,0.001662,0.008803,0.007055,0.1835,0.7496,
0.847,0.4097,0.01144,0.009677,0.00874,0.01032,0.00705,0.001975,0.001642,0.009034,0.00681,0.1843,0.749,
0.846,0.414,0.01138,0.009689,0.008745,0.01032,0.00691,0.002037,0.001581,0.009081,0.006726,0.1843,0.7492,
0.8458,0.4107,0.01143,0.009673,0.008745,0.0103,0.006757,0.002036,0.001581,0.0091,0.006826,0.1842,0.7493,
0.8457,0.4169,0.01142,0.00967,0.008755,0.01026,0.006773,0.002022,0.001613,0.009096,0.006799,0.1842,0.7494,
0.8455,0.4101,0.0114,0.009676,0.008768,0.01025,0.006748,0.002004,0.00164,0.009229,0.006638,0.1843,0.7494,
0.8456,0.4281,0.0114,0.009667,0.008778,0.01021,0.00673,0.002,0.001687,0.009263,0.006653,0.1842,0.7494,
0.8464,0.4076,0.01139,0.009682,0.008786,0.01032,0.006577,0.001973,0.001686,0.009295,0.006941,0.1839,0.7494,
0.8459,0.4092,0.01139,0.009689,0.008789,0.01026,0.006551,0.001957,0.001686,0.009394,0.006843,0.1839,0.7495,
0.8461,0.412,0.01138,0.009698,0.008797,0.01025,0.006551,0.001994,0.001648,0.009644,0.006695,0.1838,0.7495,
0.8463,0.4122,0.01136,0.009677,0.008814,0.01022,0.00651,0.001993,0.001662,0.009656,0.00666,0.1843,0.7492,
0.8492,0.4164,0.01157,0.009679,0.008811,0.0102,0.006465,0.001971,0.001641,0.009772,0.007146,0.1842,0.7486,
0.8489,0.4064,0.0116,0.00967,0.008826,0.01018,0.006358,0.001983,0.00163,0.009845,0.007118,0.1841,0.7487,
0.8497,0.4071,0.0117,0.009681,0.00879,0.01017,0.006359,0.001983,0.001644,0.01001,0.007114,0.1839,0.7486,
0.8496,0.4098,0.01166,0.009678,0.008793,0.01018,0.006383,0.001959,0.001671,0.009987,0.007115,0.1839,0.7486,
0.8486,0.4148,0.01153,0.009681,0.008757,0.01027,0.006257,0.002006,0.001606,0.01016,0.006943,0.1839,0.7488,
0.8523,0.4118,0.01179,0.009677,0.008757,0.01024,0.006252,0.002029,0.00165,0.01015,0.007436,0.184,0.748,
0.8523,0.4138,0.01176,0.009694,0.008765,0.01024,0.006252,0.002029,0.001687,0.01029,0.007258,0.184,0.748,
0.852,0.4191,0.01166,0.009716,0.008775,0.01029,0.006244,0.001995,0.001742,0.01023,0.007258,0.184,0.748,
0.8515,0.4205,0.01157,0.009708,0.008761,0.01033,0.006195,0.002033,0.001703,0.01026,0.007228,0.184,0.7482,
0.8511,0.4107,0.01169,0.009696,0.008734,0.01033,0.006795,0.00137,0.001737,0.01037,0.007222,0.1839,0.7481,
0.8513,0.4162,0.01169,0.009691,0.008742,0.01033,0.006809,0.001373,0.00176,0.01041,0.007137,0.184,0.748,
0.8516,0.401,0.01165,0.009694,0.008749,0.0104,0.006809,0.001373,0.001778,0.01042,0.00713,0.184,0.748,
0.8525,0.3977,0.01172,0.009694,0.008757,0.01039,0.006825,0.001357,0.001804,0.01048,0.007262,0.1838,0.7479,
0.8553,0.3959,0.01185,0.009694,0.00876,0.0105,0.006867,0.001308,0.001872,0.01044,0.007645,0.1837,0.7473,
0.8555,0.395,0.01183,0.009694,0.00876,0.01048,0.006861,0.001331,0.001945,0.01062,0.007366,0.1839,0.7472,
0.8548,0.3943,0.01183,0.009686,0.008771,0.01048,0.006726,0.001331,0.001978,0.01075,0.007201,0.1839,0.7473,
0.8549,0.3989,0.01168,0.009699,0.008777,0.01061,0.006726,0.001331,0.002015,0.01082,0.007094,0.1839,0.7473,
0.8547,0.4017,0.01165,0.009719,0.008786,0.01061,0.006671,0.001331,0.00209,0.0108,0.007039,0.1839,0.7474,
0.8559,0.4016,0.01172,0.009716,0.008795,0.01061,0.006553,0.001331,0.002145,0.01098,0.007251,0.1835,0.7474,
0.8559,0.4124,0.01161,0.009714,0.0088,0.01069,0.006457,0.001355,0.00215,0.01108,0.007117,0.1838,0.7472,
0.8569,0.398,0.01164,0.00973,0.008806,0.01071,0.006458,0.001355,0.002205,0.01103,0.007317,0.1836,0.7471,
0.8568,0.4014,0.01162,0.009741,0.008812,0.01071,0.006334,0.001355,0.002242,0.01102,0.007407,0.1835,0.7472,
0.8575,0.4006,0.01173,0.009728,0.008746,0.01069,0.006286,0.001373,0.00226,0.01104,0.00748,0.1838,0.7469,
0.8573,0.4035,0.01179,0.009732,0.008749,0.01064,0.006102,0.001691,0.002018,0.01104,0.007523,0.1837,0.747,
0.8563,0.4066,0.01178,0.00973,0.00876,0.01064,0.005948,0.001658,0.002031,0.01119,0.00735,0.1837,0.7472,
0.857,0.4095,0.01175,0.009738,0.008767,0.01071,0.005878,0.001678,0.002067,0.01114,0.0075,0.1836,0.7471,
0.8561,0.4069,0.01172,0.009736,0.008773,0.01071,0.005733,0.001696,0.002048,0.01122,0.007422,0.1836,0.7473,
0.8565,0.4057,0.01183,0.009735,0.008784,0.01071,0.005592,0.001688,0.002099,0.01114,0.007543,0.1837,0.7471,
0.8565,0.4107,0.01168,0.00977,0.008789,0.01082,0.005592,0.001728,0.002077,0.0113,0.007367,0.1837,0.7471,
0.8565,0.415,0.01149,0.009775,0.008792,0.01098,0.005592,0.001728,0.00212,0.01129,0.007337,0.1837,0.7472,
0.8567,0.4245,0.0116,0.009775,0.008806,0.01098,0.005493,0.001772,0.002108,0.01139,0.007249,0.1837,0.7471,
0.8571,0.4093,0.01163,0.009788,0.008813,0.01098,0.005473,0.001775,0.002171,0.01137,0.007256,0.1837,0.7471,
0.859,0.4133,0.0117,0.009774,0.008822,0.01094,0.005473,0.001774,0.002189,0.01139,0.007782,0.1831,0.7471,
0.8596,0.4159,0.01171,0.009769,0.008832,0.01088,0.005415,0.001779,0.002199,0.01133,0.007891,0.1836,0.7466,
0.86,0.4076,0.01175,0.009777,0.008838,0.01089,0.005434,0.001772,0.002258,0.01137,0.007819,0.1836,0.7465,
0.8602,0.4015,0.01181,0.00976,0.00881,0.01087,0.005449,0.001757,0.002283,0.01143,0.007793,0.1835,0.7465,
0.8607,0.3989,0.01184,0.00974,0.008802,0.01083,0.005454,0.001745,0.002282,0.01143,0.008019,0.1833,0.7465,
0.8613,0.4067,0.01183,0.00976,0.008817,0.01085,0.005451,0.001759,0.002267,0.0115,0.008065,0.1832,0.7465,
0.8611,0.397,0.01182,0.009761,0.008824,0.01083,0.005465,0.001771,0.002274,0.01166,0.007871,0.1832,0.7465,
0.8616,0.4001,0.0118,0.00976,0.008834,0.01082,0.005481,0.001781,0.002305,0.01165,0.007814,0.1836,0.7462,
0.8614,0.3993,0.01175,0.00976,0.008844,0.01082,0.005481,0.00181,0.002319,0.01173,0.007688,0.1836,0.7462,
0.8609,0.4043,0.01174,0.009736,0.008854,0.01079,0.005412,0.001831,0.002314,0.01174,0.007659,0.1836,0.7463,
0.8606,0.4027,0.01173,0.009731,0.008861,0.01075,0.005367,0.001876,0.002332,0.01168,0.007659,0.1836,0.7464,
0.8605,0.4064,0.01169,0.009764,0.008865,0.01075,0.00541,0.001834,0.002419,0.01179,0.007455,0.1836,0.7464,
0.8602,0.41,0.01166,0.009768,0.008872,0.01075,0.005368,0.001881,0.002371,0.01202,0.007229,0.1836,0.7465,
0.8612,0.4092,0.01174,0.00977,0.008884,0.01074,0.00535,0.001895,0.002382,0.01216,0.007317,0.1833,0.7464,
0.8628,0.4083,0.01181,0.009779,0.008884,0.01072,0.005347,0.001938,0.002336,0.01236,0.007405,0.1834,0.746,
0.8617,0.4048,0.01177,0.009785,0.008841,0.01068,0.005229,0.001937,0.002369,0.01241,0.007303,0.1835,0.7462,
0.861,0.4062,0.01175,0.00979,0.008857,0.01067,0.00563,0.001567,0.002371,0.0125,0.007125,0.1835,0.7463,
0.8615,0.4019,0.01183,0.009815,0.008863,0.01067,0.005649,0.001607,0.002311,0.01254,0.007109,0.1835,0.7461,
0.8608,0.4036,0.01179,0.009832,0.008871,0.01066,0.005612,0.001618,0.002273,0.01277,0.006847,0.1835,0.7462,
0.8611,0.4075,0.01174,0.009841,0.008878,0.01074,0.005658,0.001578,0.002243,0.01323,0.006505,0.1835,0.746,
0.8609,0.404,0.01172,0.009845,0.008896,0.01073,0.005631,0.001583,0.002266,0.01318,0.006506,0.1835,0.7461,
0.8619,0.4053,0.01175,0.009843,0.008906,0.01074,0.005631,0.001613,0.002335,0.01313,0.006636,0.1833,0.7461,
0.8612,0.4098,0.01173,0.009811,0.008911,0.01073,0.005534,0.001688,0.00232,0.01327,0.006441,0.1834,0.7462,
0.8601,0.4083,0.01159,0.009806,0.008863,0.01077,0.005457,0.001684,0.002351,0.01331,0.006362,0.1834,0.7464,
0.8601,0.4104,0.01162,0.009801,0.008879,0.01069,0.005417,0.001701,0.002345,0.01339,0.006311,0.1835,0.7463,
0.8616,0.4352,0.01145,0.009814,0.008888,0.01081,0.005333,0.001703,0.00408,0.01166,0.006221,0.1836,0.7465,
0.8626,0.4321,0.01146,0.009804,0.008832,0.01081,0.005331,0.001703,0.004177,0.01163,0.006419,0.1835,0.7463,
0.8622,0.4343,0.01145,0.009802,0.008801,0.01079,0.005332,0.001718,0.00431,0.01154,0.00631,0.1835,0.7464,
0.8618,0.4477,0.01143,0.009803,0.008813,0.01078,0.005267,0.001718,0.00431,0.01163,0.006226,0.1835,0.7465,
0.863,0.4666,0.01146,0.009803,0.008828,0.01076,0.005267,0.001933,0.00419,0.01156,0.00645,0.1833,0.7465,
0.8622,0.4722,0.01141,0.009825,0.008836,0.01077,0.005151,0.001945,0.004221,0.01152,0.006374,0.1833,0.7466,
0.8628,0.4597,0.01143,0.009854,0.008842,0.01075,0.005161,0.001955,0.00423,0.01154,0.006452,0.1832,0.7466,
0.8625,0.4679,0.01129,0.009873,0.008849,0.01084,0.005161,0.001969,0.004216,0.01186,0.006135,0.1832,0.7466,
0.8623,0.4345,0.01126,0.00988,0.008854,0.01083,0.005102,0.001999,0.004221,0.012,0.005924,0.1835,0.7465,
0.8626,0.439,0.0113,0.009883,0.008859,0.01082,0.005097,0.001986,0.004235,0.01203,0.005965,0.1834,0.7464,
0.8633,0.4343,0.01133,0.009872,0.008865,0.01078,0.00512,0.001963,0.004323,0.01198,0.006116,0.1832,0.7464,
0.8631,0.4209,0.0113,0.009894,0.008872,0.01076,0.005114,0.00196,0.004365,0.01195,0.006084,0.1832,0.7465,
0.8626,0.4318,0.01121,0.009901,0.008881,0.01082,0.005074,0.001957,0.004396,0.01218,0.005814,0.1832,0.7465,
0.8637,0.4288,0.01115,0.009909,0.008823,0.01099,0.00509,0.001959,0.004415,0.01216,0.006053,0.183,0.7465,
0.8636,0.4284,0.01112,0.009903,0.008831,0.0109,0.005122,0.001972,0.004386,0.01246,0.005711,0.1834,0.7462,
0.8633,0.4364,0.01112,0.009895,0.008846,0.01085,0.005122,0.001972,0.004385,0.01261,0.005564,0.1834,0.7462,
0.864,0.435,0.01123,0.009904,0.008862,0.01081,0.005145,0.001895,0.0044,0.01264,0.005721,0.1832,0.7462,
0.8637,0.4229,0.01115,0.009912,0.008872,0.01083,0.005181,0.00184,0.004395,0.01268,0.00569,0.1833,0.7462,
0.8631,0.4238,0.0111,0.009883,0.008858,0.0108,0.005199,0.001821,0.004363,0.0128,0.005566,0.1834,0.7462,
0.8629,0.4282,0.01105,0.009882,0.00887,0.01076,0.005236,0.001805,0.004398,0.01278,0.005534,0.1834,0.7462,
0.8625,0.4278,0.011,0.009882,0.00885,0.01076,0.005229,0.001866,0.004366,0.01284,0.005438,0.1835,0.7463,
0.8644,0.4287,0.01112,0.009895,0.008854,0.01069,0.005227,0.001884,0.004377,0.01281,0.005883,0.183,0.7462,
0.8637,0.4304,0.01105,0.009899,0.008862,0.01071,0.005133,0.001884,0.004377,0.01299,0.005708,0.183,0.7464,
0.8638,0.4184,0.01101,0.009887,0.008873,0.01072,0.005113,0.001915,0.004357,0.01305,0.005617,0.1834,0.7461,
0.8655,0.4262,0.01104,0.009897,0.008839,0.01072,0.005086,0.002097,0.004174,0.01307,0.006076,0.1829,0.7461,
0.8652,0.4356,0.01092,0.009903,0.008847,0.01075,0.005105,0.002076,0.004221,0.01302,0.006076,0.1829,0.7462,
0.866,0.4241,0.01098,0.009879,0.008843,0.01072,0.005123,0.002493,0.003845,0.01313,0.006113,0.1827,0.7462,
0.8685,0.4186,0.01108,0.009883,0.008853,0.01072,0.005118,0.00252,0.003812,0.01321,0.00633,0.1832,0.7453,
0.8691,0.4174,0.01112,0.009866,0.008843,0.01075,0.005118,0.00252,0.003855,0.01342,0.006251,0.183,0.7453,
0.8687,0.4142,0.01108,0.009844,0.008837,0.01073,0.005117,0.00252,0.003856,0.01342,0.006247,0.183,0.7453,
0.8683,0.4207,0.01107,0.009845,0.008798,0.01069,0.005117,0.002539,0.003836,0.01345,0.006215,0.183,0.7454,
0.868,0.4155,0.01105,0.009855,0.008806,0.01065,0.005132,0.00256,0.003815,0.01366,0.00599,0.183,0.7455,
0.8718,0.4118,0.01134,0.009866,0.008818,0.01062,0.005132,0.002632,0.003855,0.01367,0.006605,0.1823,0.7452,
0.8714,0.4155,0.01131,0.009857,0.00883,0.01058,0.005151,0.002644,0.003825,0.01367,0.006558,0.1824,0.7452,
0.8729,0.4176,0.01142,0.009843,0.008836,0.01054,0.005146,0.002641,0.003895,0.01374,0.006466,0.1831,0.7444,
0.8729,0.4148,0.01123,0.009853,0.008851,0.01068,0.005146,0.00271,0.003861,0.01375,0.006418,0.1831,0.7444,
0.8727,0.416,0.01121,0.009868,0.008862,0.01068,0.005131,0.002725,0.003857,0.01379,0.006357,0.1831,0.7444,
0.8726,0.4181,0.01113,0.009876,0.00887,0.01071,0.005141,0.002738,0.003853,0.01384,0.006294,0.1832,0.7444,
0.8725,0.4193,0.01112,0.009882,0.008877,0.01071,0.005167,0.00273,0.003867,0.01392,0.006183,0.1832,0.7444,
0.8741,0.4281,0.0111,0.009886,0.008888,0.01068,0.005149,0.002725,0.005683,0.0121,0.006183,0.1832,0.7444,
0.8742,0.4274,0.0111,0.009884,0.008896,0.01068,0.005172,0.002737,0.005685,0.01207,0.006183,0.1832,0.7444,
0.8739,0.4262,0.01107,0.009896,0.008904,0.01065,0.005198,0.002696,0.005753,0.01199,0.006183,0.1832,0.7445,
0.8757,0.4371,0.01097,0.009892,0.008917,0.01081,0.005197,0.002714,0.006884,0.01084,0.006353,0.1831,0.7443,
0.8761,0.448,0.01102,0.00991,0.008922,0.01084,0.005213,0.002736,0.006883,0.01089,0.006252,0.1832,0.7442,
0.876,0.4399,0.011,0.009926,0.008924,0.01082,0.005241,0.00272,0.006872,0.01089,0.006252,0.1832,0.7442,
0.8753,0.4435,0.011,0.009932,0.008927,0.01082,0.005977,0.001989,0.006869,0.01086,0.006252,0.1832,0.7442,
0.8763,0.441,0.01095,0.009931,0.00894,0.01083,0.005976,0.002007,0.006867,0.01087,0.006461,0.1831,0.7441,
0.8772,0.439,0.01108,0.00993,0.008943,0.0108,0.006005,0.001977,0.006884,0.01088,0.006561,0.1831,0.7438,
0.878,0.4289,0.0111,0.009927,0.008952,0.01077,0.006039,0.001961,0.006884,0.01096,0.006721,0.1829,0.7438,
0.8791,0.4601,0.01109,0.009917,0.008961,0.01075,0.006039,0.001999,0.006901,0.01094,0.007035,0.1825,0.7438,
0.8788,0.4342,0.01107,0.009936,0.008966,0.01072,0.006011,0.00198,0.006917,0.01093,0.007035,0.1825,0.7439,
0.8795,0.439,0.01105,0.009934,0.008968,0.0107,0.006238,0.003018,0.005648,0.01096,0.00698,0.1825,0.744,
0.8802,0.4326,0.01119,0.009948,0.008972,0.0107,0.006262,0.002994,0.005647,0.01124,0.00679,0.1825,0.7438,
0.8801,0.4265,0.01115,0.00997,0.008985,0.01067,0.006262,0.003051,0.005609,0.01135,0.006655,0.1825,0.7438,
0.8798,0.4277,0.0111,0.009983,0.008998,0.01064,0.006295,0.003029,0.005598,0.01145,0.006555,0.1825,0.7439,
0.8797,0.4108,0.01105,0.009987,0.009003,0.01064,0.006307,0.00307,0.005588,0.01141,0.006556,0.1825,0.7439,
0.8803,0.4059,0.01109,0.009991,0.009018,0.01068,0.006212,0.00307,0.005588,0.01141,0.006728,0.1823,0.7439,
0.8805,0.4097,0.01117,0.009989,0.00903,0.01065,0.006183,0.003091,0.005609,0.01139,0.006718,0.1823,0.7439,
0.8801,0.4209,0.01114,0.01,0.009038,0.01063,0.006152,0.003077,0.005609,0.01146,0.006645,0.1823,0.7439,
0.8804,0.4237,0.01112,0.009997,0.009045,0.01061,0.006079,0.003163,0.005525,0.01146,0.006599,0.183,0.7434,
0.8794,0.4223,0.01104,0.009959,0.009057,0.01066,0.006052,0.003113,0.005507,0.0117,0.00632,0.183,0.7436,
0.8788,0.4218,0.01087,0.00998,0.009059,0.01077,0.006022,0.003117,0.005523,0.01167,0.006254,0.1831,0.7436,
0.8782,0.4255,0.01083,0.009999,0.009074,0.01074,0.00597,0.003135,0.005504,0.0119,0.005988,0.1832,0.7437,
0.8787,0.4269,0.01102,0.009999,0.009034,0.01073,0.00593,0.003138,0.005504,0.01203,0.005907,0.1831,0.7436,
0.8807,0.4289,0.01106,0.009995,0.009037,0.01078,0.005975,0.003134,0.005513,0.01207,0.006196,0.183,0.7433,
0.8804,0.4223,0.01092,0.01001,0.009045,0.01088,0.005986,0.003115,0.005498,0.01211,0.006125,0.183,0.7433,
0.8801,0.4144,0.01089,0.01001,0.009058,0.01089,0.006014,0.003088,0.005495,0.01209,0.006106,0.183,0.7433,
0.8807,0.4164,0.0108,0.01001,0.00907,0.01095,0.006024,0.003024,0.005549,0.01204,0.006317,0.183,0.7433,
