entropy,entropyInd,RabA,RabB,RabC,RabD,RabE,RabF,RabG,RabH,RabI,xER,xPM,
1.529,0.2156,0.03873,0.008321,0.007709,0.06006,0.02535,0.02347,0.02083,0.0209,0.02025,0.3865,0.3878,
1.531,0.2214,0.04028,0.008315,0.007709,0.05984,0.02521,0.02338,0.02083,0.02091,0.02025,0.3868,0.3865,
1.531,0.2335,0.04024,0.008313,0.007707,0.05971,0.02516,0.02338,0.02082,0.0209,0.02055,0.3867,0.3865,
1.532,0.2392,0.04032,0.008312,0.007706,0.05967,0.02515,0.02326,0.02082,0.0209,0.0207,0.3867,0.3865,
1.533,0.2148,0.04048,0.008303,0.007617,0.05959,0.02524,0.02315,0.02081,0.02089,0.02128,0.3865,0.3862,
1.534,0.2112,0.04075,0.008305,0.007618,0.05947,0.02501,0.02309,0.02081,0.02089,0.02192,0.3859,0.3863,
1.533,0.2199,0.04072,0.008297,0.007614,0.05929,0.02616,0.02169,0.0208,0.02088,0.02191,0.3863,0.3863,
1.533,0.2318,0.04083,0.008297,0.007614,0.05917,0.02622,0.0215,0.0208,0.02088,0.02204,0.3863,0.3863,
1.537,0.2144,0.04118,0.008297,0.007615,0.05908,0.02614,0.02151,0.02081,0.02088,0.0231,0.3853,0.3861,
1.536,0.2043,0.04107,0.008289,0.007608,0.05896,0.02611,0.02149,0.02079,0.02086,0.02308,0.386,0.3857,
1.535,0.2026,0.04102,0.008286,0.007608,0.05891,0.02716,0.02034,0.02079,0.02087,0.02308,0.3861,0.3859,
1.53,0.216,0.04,0.008286,0.007608,0.05891,0.02923,0.01781,0.02079,0.02087,0.02308,0.3861,0.3873,
1.528,0.2217,0.03906,0.008287,0.007609,0.05888,0.02909,0.01777,0.02078,0.02086,0.02307,0.3861,0.3885,
1.535,0.2045,0.04205,0.008287,0.007609,0.05882,0.02887,0.01775,0.02076,0.02085,0.0236,0.3856,0.3858,
1.533,0.2071,0.04125,0.008278,0.007606,0.05859,0.02893,0.01768,0.02076,0.02085,0.02359,0.386,0.3865,
1.53,0.2073,0.04002,0.008275,0.007606,0.05852,0.02884,0.01768,0.02076,0.02085,0.02359,0.3861,0.3878,
1.525,0.2447,0.03824,0.008234,0.007567,0.05837,0.02883,0.0176,0.02076,0.02085,0.0236,0.3861,0.3898,
1.52,0.2281,0.03696,0.008168,0.007561,0.05803,0.02865,0.0176,0.02077,0.02085,0.0236,0.3862,0.3916,
1.517,0.2215,0.03607,0.008166,0.007562,0.05791,0.02837,0.0176,0.02077,0.02086,0.0236,0.3862,0.3929,
1.516,0.2195,0.03581,0.008157,0.007562,0.05792,0.02813,0.01754,0.02076,0.02085,0.02359,0.3862,0.3934,
1.515,0.2105,0.03573,0.008154,0.007563,0.05781,0.02799,0.01747,0.02077,0.02085,0.0236,0.3863,0.3938,
1.532,0.1833,0.04296,0.008148,0.00756,0.05771,0.02784,0.01743,0.02076,0.02085,0.02413,0.3861,0.3865,
1.534,0.1823,0.04312,0.008139,0.007555,0.05758,0.02781,0.01733,0.02074,0.02083,0.02488,0.3859,0.3861,
1.531,0.2038,0.04201,0.008087,0.007551,0.05751,0.0276,0.01732,0.02073,0.02083,0.02527,0.3858,0.3873,
1.53,0.1834,0.04155,0.008083,0.007549,0.05744,0.02756,0.01732,0.02073,0.02083,0.02527,0.3859,0.3878,
1.533,0.1866,0.04254,0.008036,0.007544,0.05732,0.02883,0.01588,0.02072,0.02081,0.02603,0.3856,0.3867,
1.529,0.1888,0.04182,0.008036,0.007545,0.05729,0.02839,0.01569,0.02072,0.02082,0.02604,0.3856,0.388,
1.527,0.1857,0.04136,0.008032,0.007545,0.05726,0.02817,0.01562,0.02071,0.02082,0.02604,0.3856,0.3888,
1.536,0.1866,0.04513,0.008007,0.007528,0.05725,0.02756,0.01558,0.02071,0.02082,0.02685,0.3849,0.3857,
1.534,0.1813,0.04492,0.007997,0.007522,0.0571,0.0275,0.01548,0.0207,0.0208,0.02684,0.3854,0.3857,
1.537,0.1781,0.04553,0.007932,0.007507,0.05693,0.02735,0.01542,0.02068,0.02079,0.02779,0.3851,0.3849,
1.533,0.1859,0.04361,0.007967,0.007507,0.05714,0.02727,0.0171,0.01913,0.0207,0.02773,0.3852,0.3867,
1.531,0.1898,0.04202,0.008052,0.007509,0.05772,0.02726,0.01698,0.01932,0.0211,0.02698,0.3852,0.3878,
1.537,0.1883,0.04383,0.008071,0.007507,0.05803,0.02732,0.0176,0.0186,0.02159,0.02708,0.385,0.3853,
1.537,0.1935,0.04376,0.008072,0.007509,0.05835,0.02917,0.01569,0.01859,0.02175,0.02725,0.3849,0.3849,
1.534,0.2364,0.04183,0.008115,0.007509,0.05909,0.02896,0.01569,0.01864,0.02178,0.02716,0.3849,0.3863,
1.536,0.2132,0.0427,0.008121,0.00751,0.05915,0.0288,0.01569,0.01874,0.02187,0.02711,0.3849,0.3854,
1.539,0.2096,0.04323,0.008128,0.007504,0.0592,0.02874,0.01568,0.01869,0.02195,0.02786,0.3846,0.3844,
1.537,0.2046,0.04232,0.008143,0.007506,0.05923,0.02861,0.01574,0.01878,0.02224,0.0273,0.3847,0.3854,
1.532,0.2,0.04046,0.008089,0.007497,0.0597,0.02836,0.01703,0.01746,0.02247,0.02685,0.3849,0.3872,
1.539,0.207,0.04302,0.008069,0.007491,0.05977,0.02835,0.01706,0.01741,0.02269,0.02716,0.3846,0.3844,
1.536,0.1897,0.04166,0.008097,0.007495,0.05986,0.02822,0.01706,0.01745,0.02302,0.02687,0.3847,0.3855,
1.532,0.193,0.04,0.008138,0.007501,0.06011,0.02776,0.01705,0.01754,0.0234,0.02638,0.3848,0.3873,
1.528,0.2001,0.0378,0.008228,0.007505,0.06078,0.02768,0.01708,0.0175,0.02349,0.02621,0.3848,0.3889,
1.537,0.1987,0.04114,0.008283,0.007518,0.06099,0.02761,0.01709,0.0175,0.02353,0.02658,0.3848,0.3849,
1.534,0.1982,0.04025,0.008266,0.007512,0.06099,0.02723,0.01739,0.01715,0.02361,0.02652,0.3849,0.3861,
1.532,0.1972,0.03936,0.008301,0.007517,0.06117,0.02707,0.01733,0.01715,0.02437,0.02577,0.385,0.3869,
1.53,0.206,0.03886,0.008327,0.00752,0.06141,0.02707,0.01725,0.01714,0.02446,0.02536,0.3852,0.3874,
1.529,0.2041,0.03816,0.008343,0.007528,0.06163,0.02699,0.01726,0.01721,0.025,0.02476,0.3852,0.3879,
1.526,0.209,0.03757,0.008324,0.007528,0.06159,0.02896,0.01519,0.01722,0.02521,0.02449,0.3854,0.3886,
1.522,0.2282,0.0359,0.008365,0.007516,0.06198,0.02854,0.0152,0.02424,0.01845,0.02419,0.3854,0.3902,
1.52,0.2126,0.03488,0.008373,0.007521,0.06198,0.02847,0.01525,0.02416,0.01856,0.02409,0.3855,0.3912,
1.53,0.2061,0.03953,0.008365,0.007512,0.06193,0.0281,0.0152,0.0242,0.01911,0.02365,0.3856,0.3868,
1.527,0.2058,0.03837,0.008371,0.007522,0.06211,0.0278,0.01519,0.02427,0.01915,0.02355,0.3856,0.3881,
1.534,0.2045,0.04059,0.008412,0.007526,0.06234,0.02779,0.01514,0.02427,0.01929,0.02409,0.385,0.3855,
1.534,0.2062,0.04085,0.00842,0.007527,0.0623,0.02752,0.01513,0.02434,0.01949,0.02379,0.3855,0.3852,
1.532,0.205,0.0402,0.008405,0.007526,0.06215,0.02744,0.01518,0.02426,0.01964,0.02363,0.3856,0.386,
1.529,0.2086,0.03923,0.00839,0.007533,0.06207,0.0273,0.01517,0.02434,0.01978,0.02343,0.3857,0.3871,
1.534,0.2056,0.04058,0.008403,0.007512,0.0621,0.02701,0.01516,0.02442,0.02018,0.02381,0.3854,0.3854,
1.531,0.2316,0.03944,0.008428,0.007515,0.06209,0.02702,0.01516,0.02525,0.01989,0.02316,0.3856,0.3865,
1.538,0.2021,0.04064,0.008406,0.007512,0.06199,0.02696,0.0152,0.02528,0.0199,0.02473,0.3843,0.385,
1.538,0.2013,0.04055,0.008389,0.007507,0.06185,0.02685,0.01526,0.02525,0.0199,0.02506,0.3849,0.3845,
1.531,0.2397,0.03818,0.008421,0.007468,0.06213,0.02611,0.01534,0.0264,0.01895,0.02465,0.385,0.3874,
1.528,0.2056,0.03771,0.008454,0.007476,0.06229,0.02845,0.01291,0.02638,0.01928,0.02433,0.385,0.3877,
1.523,0.204,0.03978,0.008481,0.007478,0.06243,0.03607,0.005132,0.02634,0.0193,0.02448,0.385,0.3855,
1.52,0.197,0.03872,0.008499,0.007479,0.06247,0.03601,0.005142,0.0262,0.01955,0.02424,0.385,0.3867,
1.52,0.1986,0.03839,0.008522,0.00748,0.06261,0.03602,0.005182,0.02617,0.01978,0.0239,0.3851,0.3868,
1.517,0.202,0.03695,0.008538,0.007502,0.06283,0.03589,0.00525,0.02609,0.01999,0.02369,0.3852,0.3881,
1.515,0.2075,0.03573,0.008528,0.0075,0.06293,0.03553,0.007079,0.02427,0.02011,0.02333,0.3853,0.3897,
1.511,0.2136,0.03461,0.00853,0.007502,0.06285,0.03514,0.007071,0.02423,0.02025,0.02316,0.3854,0.3913,
1.526,0.2056,0.04054,0.008559,0.007503,0.06293,0.035,0.007095,0.0242,0.02032,0.02348,0.3853,0.3851,
1.521,0.2106,0.0389,0.008572,0.007508,0.06277,0.03458,0.007147,0.02427,0.02073,0.02298,0.3855,0.3871,
1.519,0.2028,0.03834,0.008612,0.007515,0.06284,0.03423,0.007145,0.02427,0.02083,0.02261,0.3857,0.3879,
1.524,0.1961,0.04076,0.008612,0.007513,0.06265,0.03324,0.007076,0.02427,0.02082,0.02349,0.3854,0.3862,
1.527,0.1954,0.04169,0.008608,0.007503,0.06253,0.03274,0.00705,0.02425,0.02084,0.02462,0.3851,0.3851,
1.527,0.1951,0.04487,0.008622,0.007503,0.06262,0.02962,0.006982,0.02423,0.02085,0.02498,0.385,0.3848,
1.525,0.2099,0.04398,0.008686,0.007508,0.06287,0.0291,0.006985,0.02429,0.02096,0.02475,0.3851,0.3857,
1.524,0.2007,0.04397,0.008681,0.007514,0.06242,0.02894,0.007047,0.02425,0.02126,0.02469,0.3852,0.3861,
1.526,0.1973,0.04515,0.008685,0.007514,0.06195,0.02847,0.007064,0.02416,0.02136,0.02509,0.3853,0.3852,
1.523,0.1981,0.0447,0.00869,0.007517,0.06188,0.02786,0.007067,0.02423,0.02135,0.02491,0.3855,0.3863,
1.519,0.2167,0.04434,0.008713,0.007526,0.06197,0.02677,0.007075,0.02426,0.02137,0.02472,0.3856,0.3877,
1.517,0.1968,0.0437,0.008717,0.007529,0.06199,0.02671,0.007023,0.02422,0.02137,0.02471,0.3856,0.3884,
1.526,0.2011,0.04647,0.008696,0.007521,0.06191,0.02624,0.006969,0.0242,0.02164,0.02596,0.385,0.3854,
1.529,0.2242,0.04717,0.008698,0.00752,0.06188,0.02584,0.009028,0.02219,0.02226,0.02568,0.3849,0.3848,
1.526,0.2035,0.04639,0.00861,0.007523,0.06181,0.02543,0.009118,0.02211,0.02319,0.02463,0.385,0.3862,
1.53,0.2024,0.04763,0.008588,0.007505,0.06199,0.02519,0.009113,0.0221,0.02321,0.02509,0.3848,0.3848,
1.526,0.2055,0.0463,0.008514,0.00746,0.06206,0.02515,0.009167,0.02515,0.02022,0.02483,0.3849,0.3863,
1.513,0.2101,0.04471,0.008533,0.007461,0.06226,0.02445,0.009204,0.03652,0.009517,0.0241,0.3849,0.3883,
1.523,0.2013,0.04842,0.008525,0.007468,0.06223,0.02424,0.009319,0.0364,0.00958,0.02526,0.3839,0.3846,
1.521,0.2131,0.04775,0.008513,0.007459,0.06208,0.0241,0.009293,0.03638,0.009767,0.02504,0.3846,0.385,
1.519,0.2112,0.04618,0.008571,0.007466,0.06251,0.02366,0.01124,0.03443,0.009821,0.02441,0.3849,0.3868,
1.517,0.2077,0.04471,0.008585,0.007448,0.06245,0.02356,0.01261,0.03311,0.009859,0.02435,0.3851,0.3882,
1.522,0.2012,0.04704,0.008588,0.00745,0.0623,0.02348,0.01265,0.03307,0.01008,0.02429,0.3851,0.3859,
1.516,0.2363,0.04492,0.008588,0.007458,0.06224,0.02301,0.01259,0.03311,0.01006,0.02425,0.3852,0.3886,
1.524,0.2221,0.0478,0.008647,0.007361,0.06259,0.02284,0.01392,0.03179,0.01032,0.0242,0.385,0.3855,
1.521,0.2047,0.04708,0.008652,0.007365,0.06265,0.02285,0.01367,0.03179,0.01032,0.02416,0.3852,0.3863,
1.525,0.1998,0.04768,0.008648,0.00734,0.06277,0.02273,0.01372,0.03167,0.01096,0.02429,0.385,0.3852,
1.522,0.2014,0.04628,0.008645,0.007343,0.06248,0.02248,0.01372,0.03163,0.01141,0.02407,0.3851,0.3869,
1.519,0.2036,0.04494,0.0086,0.007339,0.06248,0.02256,0.01365,0.0317,0.01181,0.02361,0.3852,0.3881,
1.516,0.2084,0.04413,0.008624,0.007342,0.06261,0.02224,0.01357,0.03175,0.01187,0.02338,0.3853,0.3892,
1.523,0.1919,0.04787,0.008664,0.007324,0.06277,0.02186,0.01362,0.03175,0.01193,0.02334,0.3853,0.3856,
1.521,0.1941,0.04695,0.008667,0.007328,0.06291,0.02177,0.01367,0.03184,0.01186,0.02316,0.3854,0.3865,
1.517,0.2041,0.04588,0.008656,0.007336,0.06281,0.02438,0.01111,0.03197,0.01199,0.02287,0.3854,0.3876,
1.515,0.1982,0.04456,0.008717,0.007346,0.06328,0.02415,0.01112,0.03194,0.01266,0.02199,0.3855,0.3887,
1.512,0.2047,0.0433,0.008756,0.007352,0.06354,0.02415,0.01109,0.03195,0.01259,0.02199,0.3856,0.3897,
1.509,0.1985,0.04182,0.008789,0.007353,0.06359,0.02411,0.01106,0.03196,0.01286,0.02174,0.3857,0.391,
1.507,0.2018,0.04065,0.008835,0.007361,0.06387,0.02423,0.01088,0.03201,0.01274,0.02174,0.3858,0.3919,
1.52,0.2145,0.04623,0.008835,0.007356,0.06386,0.02387,0.01087,0.03199,0.01286,0.02239,0.3855,0.3862,
1.52,0.2189,0.0456,0.008853,0.007367,0.06401,0.02357,0.01278,0.03014,0.01291,0.02208,0.3857,0.387,
1.516,0.2421,0.04425,0.008901,0.007375,0.06434,0.02316,0.01274,0.03015,0.01315,0.02168,0.3858,0.3884,
1.527,0.2306,0.0476,0.00888,0.007373,0.06421,0.02293,0.01602,0.02661,0.01342,0.0226,0.3854,0.385,
1.525,0.2219,0.04673,0.008881,0.007375,0.0642,0.02268,0.01617,0.02646,0.01365,0.02237,0.3854,0.386,
1.524,0.2238,0.04654,0.008885,0.007373,0.06397,0.02233,0.01621,0.02644,0.01385,0.0225,0.3854,0.3865,
1.525,0.2236,0.0468,0.008914,0.007344,0.06416,0.02204,0.01629,0.02637,0.01406,0.02267,0.3853,0.3861,
1.523,0.2258,0.04559,0.008866,0.007348,0.06413,0.02204,0.01648,0.02639,0.01385,0.02267,0.3853,0.3873,
1.519,0.2191,0.04433,0.00891,0.007357,0.064,0.02178,0.01657,0.02633,0.01386,0.02268,0.3855,0.3887,
1.525,0.2145,0.04742,0.008861,0.007364,0.06401,0.02137,0.01662,0.02638,0.01388,0.02272,0.3855,0.3859,
1.519,0.2052,0.04609,0.008861,0.007368,0.06393,0.02035,0.01653,0.0264,0.01382,0.02272,0.3856,0.3884,
1.514,0.203,0.04466,0.008842,0.007253,0.06373,0.02032,0.01638,0.02665,0.01367,0.02264,0.3857,0.3902,
1.512,0.2056,0.04376,0.008858,0.007262,0.06371,0.02022,0.01656,0.02645,0.01379,0.02253,0.3858,0.3911,
1.524,0.2152,0.04935,0.008867,0.007263,0.06386,0.02002,0.01659,0.02636,0.01395,0.0226,0.3856,0.3855,
1.52,0.2138,0.04738,0.008882,0.007274,0.06394,0.02001,0.01665,0.02633,0.01422,0.02229,0.3858,0.3872,
1.524,0.2108,0.04841,0.008883,0.007271,0.06378,0.02011,0.01653,0.0263,0.01418,0.02305,0.3856,0.3859,
1.522,0.2326,0.04755,0.008932,0.007276,0.06404,0.01982,0.01657,0.02628,0.01423,0.02296,0.3857,0.3867,
1.52,0.2232,0.04659,0.00899,0.007282,0.06439,0.01982,0.01643,0.02646,0.01406,0.02296,0.3858,0.3872,
1.519,0.2238,0.04571,0.008938,0.007283,0.06452,0.01983,0.01647,0.02651,0.01443,0.02251,0.3858,0.388,
1.517,0.225,0.04455,0.008983,0.007282,0.06476,0.01983,0.01651,0.02648,0.01456,0.02238,0.3859,0.3888,
1.515,0.2478,0.04349,0.008992,0.007287,0.06479,0.0199,0.01648,0.02644,0.01464,0.0223,0.3859,0.3898,
1.52,0.2352,0.04622,0.009007,0.007296,0.06471,0.02311,0.01319,0.02646,0.01489,0.02237,0.3859,0.3869,
1.519,0.2362,0.04549,0.009056,0.007298,0.06499,0.02302,0.01327,0.02653,0.015,0.02211,0.3859,0.3873,
1.519,0.2408,0.04486,0.009099,0.007301,0.06527,0.02294,0.01333,0.0265,0.01532,0.02175,0.386,0.3877,
1.518,0.2429,0.04372,0.009048,0.007295,0.06529,0.02294,0.02186,0.01794,0.01571,0.02123,0.3861,0.3889,
1.524,0.2382,0.04613,0.009049,0.007298,0.06531,0.02293,0.02192,0.01788,0.01574,0.02159,0.3859,0.3862,
1.527,0.2283,0.0459,0.009078,0.007293,0.06568,0.02293,0.02174,0.01799,0.01569,0.02284,0.3855,0.3854,
1.527,0.2223,0.04586,0.009078,0.007295,0.06552,0.02294,0.02179,0.01795,0.01603,0.02237,0.3856,0.3856,
1.521,0.23,0.04378,0.009082,0.007308,0.06528,0.02273,0.02168,0.01793,0.01612,0.02216,0.3858,0.3881,
1.527,0.223,0.04629,0.009106,0.00731,0.06535,0.02262,0.02166,0.01796,0.0161,0.02266,0.3853,0.3857,
1.525,0.2231,0.0455,0.009096,0.007305,0.06516,0.02251,0.0217,0.01785,0.01629,0.02242,0.3858,0.3864,
1.526,0.2453,0.04601,0.009111,0.007307,0.06511,0.02242,0.0216,0.01785,0.01646,0.02256,0.3858,0.3858,
1.524,0.2208,0.04547,0.009099,0.007312,0.06494,0.0224,0.02153,0.01788,0.01639,0.02257,0.3859,0.3865,
1.514,0.2431,0.04459,0.009093,0.007291,0.06493,0.03476,0.009073,0.01782,0.0166,0.02236,0.386,0.3875,
1.513,0.2193,0.04418,0.009095,0.007297,0.06488,0.03464,0.009116,0.01779,0.01732,0.02165,0.386,0.388,
1.512,0.2155,0.04385,0.009088,0.007293,0.06457,0.0346,0.009282,0.01763,0.01739,0.02159,0.3862,0.3885,
1.509,0.2228,0.04335,0.009071,0.007301,0.06448,0.03439,0.009221,0.01767,0.01743,0.02138,0.3864,0.3893,
1.517,0.2152,0.04608,0.009116,0.007305,0.06463,0.03424,0.009221,0.01764,0.0175,0.02197,0.3862,0.3862,
1.513,0.2131,0.04492,0.009138,0.007316,0.06478,0.03497,0.008292,0.01761,0.01785,0.02163,0.3862,0.3873,
1.51,0.2149,0.04305,0.009229,0.007319,0.06529,0.03467,0.008413,0.01767,0.01767,0.02163,0.3863,0.3888,
1.507,0.2154,0.04229,0.009237,0.007322,0.06529,0.03443,0.008406,0.01767,0.01797,0.02127,0.3863,0.3898,
1.504,0.2173,0.04107,0.009184,0.007266,0.06537,0.03423,0.008479,0.01762,0.01851,0.0207,0.3864,0.3911,
1.503,0.2309,0.04049,0.009199,0.007279,0.06545,0.03403,0.008583,0.01752,0.01851,0.02071,0.3865,0.3917,
1.501,0.2265,0.03984,0.009212,0.007288,0.06551,0.03398,0.008558,0.0174,0.01898,0.02024,0.3865,0.3925,
1.498,0.2337,0.03864,0.009233,0.00729,0.06565,0.03393,0.008522,0.01744,0.01907,0.01993,0.3867,0.3936,
1.496,0.2319,0.03822,0.009249,0.007293,0.06534,0.03383,0.008464,0.01741,0.02015,0.01887,0.3868,0.3943,
1.492,0.2312,0.03778,0.009252,0.007309,0.06529,0.03275,0.008471,0.01737,0.02047,0.01856,0.3869,0.3958,
1.486,0.2348,0.03569,0.009234,0.007309,0.06532,0.03274,0.008533,0.01736,0.0205,0.01835,0.387,0.3979,
1.484,0.242,0.03503,0.009271,0.007316,0.06522,0.03242,0.008576,0.01737,0.02096,0.01787,0.3871,0.3988,
1.511,0.2235,0.04604,0.00927,0.00731,0.06543,0.03194,0.008613,0.01734,0.02093,0.01875,0.3869,0.3874,
1.508,0.2229,0.04558,0.009171,0.007323,0.06527,0.0315,0.008657,0.01738,0.02093,0.01868,0.387,0.3885,
1.505,0.2252,0.04423,0.009109,0.007323,0.06534,0.03145,0.008622,0.01746,0.02109,0.01842,0.387,0.3899,
1.504,0.2489,0.04389,0.009112,0.007331,0.06534,0.03134,0.008623,0.01738,0.02151,0.018,0.3871,0.3904,
1.511,0.2308,0.04746,0.009043,0.007319,0.06544,0.03114,0.008635,0.01737,0.02173,0.01796,0.387,0.3869,
1.509,0.2309,0.04675,0.00901,0.007311,0.06546,0.03096,0.008801,0.0172,0.02187,0.01782,0.3871,0.3877,
1.513,0.2366,0.04756,0.008998,0.00732,0.06539,0.03107,0.01099,0.01501,0.02201,0.01784,0.3869,0.3869,
1.51,0.2444,0.04651,0.009035,0.007322,0.06545,0.03097,0.01102,0.01498,0.02198,0.01784,0.3872,0.3877,
1.508,0.2453,0.04576,0.008996,0.007333,0.06578,0.03072,0.01113,0.01503,0.02191,0.01764,0.3874,0.3883,
1.512,0.2489,0.04698,0.00902,0.007338,0.06588,0.03067,0.0111,0.01508,0.02198,0.01798,0.3869,0.3871,
1.509,0.246,0.04597,0.009026,0.007338,0.06577,0.03031,0.01109,0.01507,0.02204,0.01782,0.3874,0.3882,
1.512,0.2401,0.04665,0.009063,0.007336,0.06599,0.02999,0.01097,0.01513,0.02208,0.01845,0.3871,0.3872,
1.51,0.2449,0.0459,0.009073,0.007347,0.06594,0.03009,0.01284,0.01318,0.02272,0.01782,0.3872,0.3879,
1.513,0.2414,0.04697,0.009074,0.007349,0.06586,0.0313,0.01155,0.01321,0.0227,0.01828,0.3868,0.3869,
1.507,0.2383,0.04486,0.008998,0.007328,0.06583,0.03128,0.01148,0.01334,0.02259,0.0182,0.3872,0.389,
1.506,0.2373,0.0446,0.009022,0.007328,0.06598,0.03128,0.01245,0.01228,0.02312,0.01759,0.3872,0.3891,
1.504,0.2436,0.04359,0.009064,0.007332,0.06641,0.03102,0.01459,0.01013,0.02314,0.01743,0.3873,0.39,
1.499,0.2452,0.04168,0.009115,0.007337,0.06674,0.03069,0.01465,0.01016,0.02317,0.01732,0.3874,0.3918,
1.496,0.2475,0.04068,0.009154,0.007341,0.06693,0.03023,0.01468,0.01013,0.02313,0.01733,0.3874,0.393,
1.51,0.2386,0.04659,0.009128,0.007333,0.06698,0.03014,0.01456,0.0101,0.02312,0.0177,0.3873,0.387,
1.508,0.2265,0.04631,0.009123,0.007339,0.06684,0.02975,0.01457,0.0101,0.02334,0.0175,0.3874,0.3877,
1.504,0.224,0.0446,0.009076,0.007351,0.06679,0.02975,0.01452,0.01019,0.02326,0.0175,0.3875,0.3895,
1.498,0.2386,0.04251,0.009128,0.007357,0.06667,0.02919,0.0145,0.01024,0.02317,0.01751,0.3877,0.392,
1.508,0.217,0.047,0.009151,0.007357,0.06671,0.02917,0.01449,0.01018,0.02325,0.01754,0.3877,0.3874,
1.509,0.2172,0.04677,0.009185,0.007351,0.06683,0.02881,0.01444,0.01022,0.02366,0.01805,0.3874,0.3872,
1.505,0.2199,0.04543,0.00906,0.00735,0.06708,0.02854,0.0144,0.01022,0.02362,0.01805,0.3875,0.3888,
1.506,0.2198,0.04515,0.009052,0.007351,0.06691,0.02853,0.01439,0.01025,0.02385,0.01824,0.3874,0.3889,
1.503,0.2221,0.0443,0.00905,0.007359,0.06691,0.0284,0.01436,0.01024,0.02382,0.01824,0.3874,0.3899,
1.491,0.2191,0.0437,0.009052,0.007348,0.06696,0.02454,0.01436,0.01015,0.02394,0.01804,0.3875,0.3944,
1.507,0.2119,0.05032,0.009024,0.007341,0.06713,0.02435,0.01441,0.01013,0.02383,0.0187,0.3873,0.3874,
1.505,0.2194,0.04925,0.009065,0.007348,0.0674,0.02425,0.01448,0.0101,0.02394,0.01855,0.3874,0.3882,
1.507,0.2175,0.05016,0.009008,0.007336,0.06738,0.02428,0.01443,0.01009,0.02433,0.01855,0.3873,0.3871,
1.506,0.218,0.04948,0.009037,0.007341,0.0675,0.02404,0.01444,0.0101,0.02434,0.01855,0.3874,0.3878,
1.506,0.2183,0.0498,0.009045,0.007339,0.06756,0.02351,0.01451,0.01008,0.02427,0.01888,0.3872,0.3878,
1.506,0.2212,0.04902,0.009131,0.007339,0.06819,0.02348,0.01444,0.01016,0.02419,0.01898,0.3872,0.3878,
1.504,0.2287,0.04805,0.009082,0.007242,0.06845,0.0234,0.01439,0.01193,0.02243,0.01892,0.3873,0.3888,
1.512,0.2269,0.04974,0.009063,0.007234,0.06829,0.02309,0.01442,0.01196,0.02263,0.02037,0.3867,0.3865,
1.511,0.2327,0.04947,0.009026,0.007236,0.06812,0.02274,0.0145,0.01372,0.0208,0.02029,0.3868,0.3873,
1.511,0.2377,0.04946,0.009054,0.007235,0.06839,0.02255,0.01447,0.01382,0.02091,0.02038,0.3868,0.387,
1.506,0.2432,0.0479,0.009073,0.007229,0.06847,0.02426,0.0125,0.01384,0.02104,0.0202,0.3869,0.3886,
1.508,0.2386,0.04841,0.009069,0.007225,0.06834,0.0241,0.01255,0.01375,0.02111,0.02055,0.3868,0.3881,
1.505,0.2276,0.04742,0.00907,0.007231,0.0683,0.02405,0.0125,0.01387,0.02112,0.02023,0.3869,0.3893,
1.503,0.2292,0.04637,0.009104,0.007239,0.06853,0.02396,0.01258,0.01402,0.02089,0.02023,0.3869,0.3902,
1.5,0.2333,0.0445,0.009156,0.007242,0.06877,0.02401,0.01258,0.01403,0.02086,0.02024,0.3871,0.3916,
1.508,0.2291,0.04855,0.009156,0.007246,0.06858,0.02372,0.01266,0.01551,0.01954,0.0202,0.3871,0.3877,
1.51,0.2324,0.04938,0.009175,0.007249,0.06853,0.02333,0.01262,0.01548,0.0195,0.02057,0.3871,0.387,
1.507,0.2216,0.04865,0.009178,0.007257,0.06826,0.02294,0.01269,0.01543,0.0197,0.02025,0.3873,0.3883,
1.51,0.2221,0.04953,0.00922,0.007259,0.06849,0.02358,0.01199,0.01552,0.01979,0.02052,0.3872,0.3869,
1.511,0.2276,0.04924,0.009209,0.007253,0.06825,0.02364,0.01202,0.01543,0.0199,0.02126,0.3869,0.3869,
1.509,0.2254,0.04813,0.009226,0.007254,0.06831,0.02375,0.01196,0.0155,0.02003,0.02103,0.387,0.3878,
1.509,0.2231,0.04891,0.009126,0.007239,0.06826,0.02331,0.01201,0.01549,0.01995,0.02117,0.387,0.3876,
1.507,0.2252,0.04795,0.009116,0.00724,0.06815,0.02324,0.01198,0.01546,0.02055,0.02058,0.3871,0.3887,
1.504,0.2288,0.04674,0.009124,0.007246,0.06845,0.02299,0.01197,0.01545,0.02074,0.02029,0.3871,0.3899,
1.501,0.2385,0.04556,0.009148,0.007248,0.0684,0.02304,0.01198,0.01541,0.02147,0.01957,0.3872,0.391,
1.51,0.2268,0.04949,0.009205,0.007252,0.0686,0.02282,0.01202,0.01537,0.0219,0.01937,0.387,0.3869,
1.505,0.2314,0.04798,0.009196,0.007249,0.06851,0.02256,0.01211,0.01529,0.02207,0.01902,0.3874,0.3886,
1.5,0.2319,0.04647,0.009153,0.007263,0.06811,0.02225,0.01214,0.01526,0.02204,0.01903,0.3876,0.3907,
1.495,0.2267,0.04453,0.009113,0.007269,0.06786,0.02241,0.01189,0.01526,0.02236,0.01869,0.3878,0.3928,
1.493,0.256,0.04343,0.009163,0.007269,0.06814,0.02226,0.01183,0.01526,0.02237,0.0187,0.3878,0.3938,
1.488,0.2564,0.04247,0.00918,0.007275,0.06816,0.02216,0.01943,0.0076,0.02237,0.0187,0.3879,0.3947,
1.485,0.2543,0.04185,0.009198,0.007283,0.06833,0.02195,0.01938,0.007601,0.02258,0.0183,0.3881,0.3954,
1.503,0.2427,0.0493,0.009216,0.007283,0.06843,0.02199,0.01933,0.007512,0.02257,0.01878,0.3878,0.3878,
1.501,0.252,0.04878,0.00922,0.007284,0.0686,0.02184,0.01935,0.007434,0.0227,0.01866,0.388,0.3881,
1.498,0.247,0.04699,0.009225,0.007293,0.06905,0.02177,0.01936,0.007358,0.0227,0.01866,0.388,0.3895,
1.494,0.2333,0.04774,0.009277,0.007291,0.06943,0.03345,0.007646,0.007313,0.02275,0.01936,0.3878,0.388,
1.493,0.2363,0.04719,0.009312,0.00729,0.06969,0.03318,0.007672,0.007673,0.02237,0.01929,0.3878,0.3886,
1.492,0.2325,0.04674,0.009298,0.007295,0.0696,0.03285,0.007671,0.009376,0.02084,0.019,0.3879,0.3894,
1.495,0.2297,0.04834,0.009374,0.007298,0.06976,0.03239,0.007565,0.009418,0.02096,0.01895,0.388,0.3879,
1.496,0.2476,0.0477,0.009377,0.007293,0.06995,0.03236,0.007636,0.009427,0.02085,0.01986,0.3877,0.3878,
1.494,0.246,0.04675,0.009391,0.007297,0.07019,0.03207,0.00766,0.009366,0.02125,0.01946,0.3878,0.3888,
1.491,0.2404,0.04562,0.009417,0.007303,0.07033,0.03172,0.007661,0.009367,0.02132,0.01939,0.3878,0.39,
1.486,0.2358,0.04392,0.009409,0.007307,0.07026,0.03139,0.007683,0.009378,0.0213,0.01936,0.3879,0.3921,
1.475,0.2384,0.04148,0.009473,0.007294,0.07066,0.02889,0.007666,0.009389,0.02182,0.01866,0.388,0.3966,
1.473,0.2325,0.04085,0.009502,0.007295,0.07085,0.02852,0.00763,0.009391,0.02203,0.01845,0.388,0.3975,
1.468,0.2291,0.03944,0.009448,0.007304,0.07079,0.02816,0.007609,0.009446,0.02211,0.01829,0.3881,0.3994,
1.491,0.2212,0.04988,0.009513,0.007312,0.07125,0.02794,0.007618,0.009489,0.02215,0.01821,0.3881,0.3885,
1.487,0.2253,0.04846,0.00947,0.007313,0.07132,0.02746,0.007669,0.00953,0.02225,0.01802,0.3883,0.3902,
1.492,0.2219,0.05051,0.009468,0.007313,0.07127,0.0271,0.007635,0.009584,0.02229,0.01846,0.3882,0.3882,
1.489,0.2247,0.04914,0.009496,0.007313,0.07146,0.02688,0.007657,0.009611,0.02238,0.01831,0.3882,0.3896,
1.491,0.2268,0.05008,0.009485,0.007317,0.0713,0.02672,0.007702,0.009539,0.02259,0.01857,0.3881,0.3885,
1.491,0.221,0.05027,0.009431,0.007282,0.07101,0.0265,0.007703,0.00961,0.0226,0.01877,0.3882,0.3886,
1.488,0.2203,0.04899,0.009418,0.007283,0.07105,0.02642,0.007703,0.009657,0.02281,0.01849,0.3883,0.3898,
1.493,0.2237,0.05043,0.009426,0.007282,0.07088,0.02636,0.00764,0.009743,0.02277,0.01928,0.3881,0.3881,
1.493,0.2169,0.05018,0.009436,0.007277,0.07093,0.02617,0.00762,0.009707,0.023,0.0195,0.388,0.3882,
1.492,0.2183,0.05012,0.009429,0.007282,0.07057,0.02605,0.007603,0.009679,0.02309,0.01939,0.3882,0.3886,
1.491,0.2288,0.04964,0.009454,0.007283,0.07051,0.02611,0.007553,0.009752,0.02314,0.01928,0.3884,0.3889,
1.489,0.2197,0.04871,0.009463,0.007284,0.07049,0.02589,0.007589,0.009718,0.0232,0.01922,0.3884,0.39,
1.486,0.2239,0.04799,0.009456,0.007292,0.07049,0.02583,0.00752,0.009783,0.02346,0.01871,0.3885,0.391,
1.49,0.2205,0.04994,0.009423,0.007299,0.07067,0.02564,0.007486,0.009782,0.02349,0.01887,0.3885,0.389,
1.486,0.2255,0.04784,0.009431,0.007308,0.07076,0.02579,0.007341,0.009783,0.02402,0.01834,0.3885,0.3909,
1.481,0.2239,0.04554,0.009411,0.007316,0.07075,0.02565,0.007368,0.00985,0.02423,0.01806,0.3886,0.3933,
1.476,0.2262,0.04427,0.009362,0.007319,0.07077,0.02512,0.007478,0.009803,0.02419,0.01802,0.3886,0.395,
1.49,0.2191,0.05024,0.009373,0.007314,0.07089,0.02478,0.007535,0.009695,0.02453,0.01845,0.3884,0.3888,
1.49,0.2301,0.04994,0.009369,0.00731,0.07078,0.02449,0.007452,0.009763,0.0246,0.01874,0.3883,0.3893,
1.49,0.2204,0.05015,0.009363,0.007312,0.07059,0.02463,0.007278,0.009706,0.02464,0.019,0.3883,0.3891,
1.485,0.2229,0.04858,0.009362,0.007323,0.07027,0.02438,0.00739,0.009594,0.02489,0.01862,0.3885,0.3911,
1.48,0.2311,0.04655,0.009338,0.00732,0.07021,0.02423,0.007356,0.009611,0.02502,0.01845,0.3885,0.3934,
1.491,0.2265,0.05101,0.009407,0.007327,0.0706,0.02423,0.007347,0.009625,0.02496,0.01877,0.3885,0.3883,
1.493,0.2227,0.05056,0.009437,0.007327,0.07078,0.02434,0.007222,0.009659,0.02512,0.01933,0.3883,0.3879,
1.49,0.2238,0.04969,0.009452,0.007335,0.07065,0.02401,0.007265,0.009584,0.02513,0.01933,0.3884,0.3891,
1.487,0.2218,0.0486,0.009429,0.007337,0.07055,0.02383,0.00731,0.009632,0.02539,0.019,0.3886,0.3903,
1.491,0.2153,0.04978,0.009449,0.007333,0.07031,0.02356,0.00727,0.009631,0.0254,0.02007,0.3884,0.3888,
1.492,0.2322,0.0498,0.009447,0.007323,0.07029,0.02333,0.007267,0.009683,0.02559,0.02045,0.3882,0.3886,
1.491,0.2406,0.04933,0.009446,0.007334,0.07027,0.02326,0.007229,0.009762,0.02558,0.02038,0.3882,0.3892,
1.489,0.2416,0.04811,0.009477,0.007336,0.07042,0.02327,0.007176,0.009848,0.02573,0.02011,0.3883,0.3902,
1.486,0.2401,0.04688,0.009501,0.007338,0.07049,0.02317,0.007178,0.009849,0.02581,0.02004,0.3884,0.3914,
1.492,0.2332,0.04948,0.009499,0.007334,0.07041,0.02281,0.007152,0.00986,0.02577,0.0205,0.3883,0.3889,
1.49,0.2305,0.04923,0.009496,0.00734,0.07042,0.02272,0.007157,0.00988,0.02591,0.02014,0.3884,0.3893,
1.486,0.2261,0.04801,0.009498,0.007337,0.0705,0.0223,0.007156,0.009907,0.02579,0.02013,0.3884,0.3909,
1.493,0.2166,0.05085,0.009502,0.007342,0.07045,0.02225,0.007119,0.009978,0.02573,0.02041,0.3882,0.3882,
1.49,0.2187,0.04977,0.009556,0.007351,0.07074,0.02213,0.00758,0.009553,0.02575,0.02012,0.3886,0.3889,
1.489,0.221,0.04952,0.009564,0.007352,0.07076,0.02374,0.005966,0.009589,0.0257,0.0205,0.3885,0.3888,
1.487,0.2174,0.04871,0.009555,0.007357,0.07057,0.02358,0.005937,0.009646,0.02587,0.02029,0.3886,0.3899,
1.49,0.2193,0.04988,0.009611,0.00737,0.07109,0.02311,0.005983,0.009602,0.02616,0.02031,0.3884,0.3885,
1.486,0.2208,0.04884,0.009641,0.007368,0.07113,0.02281,0.00597,0.009536,0.02683,0.01959,0.3886,0.3896,
1.485,0.224,0.04812,0.009614,0.007369,0.07121,0.02286,0.005977,0.009625,0.02718,0.01913,0.3887,0.3902,
1.488,0.2246,0.04956,0.009626,0.007364,0.07134,0.0224,0.006039,0.009727,0.02713,0.01945,0.3886,0.3888,
1.488,0.2189,0.04973,0.00961,0.007378,0.07118,0.02209,0.006125,0.009644,0.02729,0.01945,0.3887,0.3888,
1.483,0.2222,0.04806,0.009617,0.00739,0.07089,0.02172,0.006293,0.009574,0.02738,0.01918,0.389,0.3909,
1.479,0.2238,0.04708,0.009645,0.007391,0.07092,0.0213,0.006264,0.009616,0.02735,0.01903,0.3891,0.3923,
1.477,0.2262,0.04612,0.009641,0.007401,0.071,0.02126,0.006269,0.00956,0.02732,0.01903,0.3893,0.3931,
1.473,0.2241,0.04466,0.009645,0.007396,0.07099,0.0212,0.006239,0.00961,0.02751,0.0188,0.3893,0.3946,
1.485,0.2205,0.04948,0.009682,0.007398,0.07113,0.02103,0.006209,0.009822,0.02736,0.01905,0.3893,0.3895,
1.482,0.2182,0.04889,0.009703,0.007398,0.07109,0.02077,0.006229,0.009751,0.02735,0.01906,0.3894,0.3904,
1.478,0.2273,0.04744,0.009716,0.007401,0.07107,0.02044,0.006283,0.009775,0.02729,0.0188,0.3896,0.3921,
1.474,0.2248,0.04613,0.009729,0.007406,0.07104,0.02012,0.006245,0.009777,0.02736,0.0187,0.3897,0.3938,
1.483,0.2202,0.0498,0.009659,0.00732,0.07074,0.02011,0.006225,0.009846,0.02733,0.01953,0.3894,0.39,
1.479,0.2235,0.04799,0.009661,0.007281,0.07111,0.02015,0.006186,0.009847,0.0278,0.01906,0.3895,0.3914,
1.475,0.2286,0.04652,0.009649,0.007282,0.07114,0.02003,0.00611,0.009843,0.02821,0.0185,0.3897,0.3931,
1.48,0.2256,0.04836,0.009696,0.007287,0.07142,0.01983,0.006098,0.009886,0.02816,0.01884,0.3896,0.3909,
1.481,0.2329,0.04733,0.009715,0.007292,0.0715,0.01983,0.006099,0.01298,0.02521,0.0187,0.3896,0.3917,
1.478,0.236,0.04578,0.009741,0.007296,0.07176,0.01996,0.005971,0.01306,0.02525,0.01859,0.3897,0.3929,
1.476,0.2535,0.04446,0.00977,0.007301,0.07193,0.02,0.005941,0.01633,0.02242,0.01796,0.3898,0.3941,
1.474,0.2411,0.04362,0.009719,0.00731,0.07188,0.01992,0.005942,0.01639,0.02236,0.01796,0.3898,0.3951,
1.469,0.2439,0.04226,0.009729,0.007321,0.0711,0.02025,0.005466,0.01661,0.02265,0.01744,0.3902,0.397,
1.484,0.2528,0.04917,0.009731,0.00732,0.07092,0.02028,0.005462,0.01658,0.02279,0.01772,0.3902,0.3898,
1.48,0.2224,0.04755,0.009692,0.007327,0.07117,0.02011,0.005399,0.01669,0.02268,0.01764,0.3903,0.3915,
1.478,0.2225,0.0468,0.009675,0.00729,0.07132,0.01982,0.005429,0.0167,0.02269,0.01751,0.3904,0.3924,
1.476,0.2292,0.0453,0.009796,0.007294,0.07226,0.01984,0.005455,0.01679,0.0226,0.01732,0.3906,0.3927,
1.474,0.2338,0.04471,0.009797,0.007297,0.07217,0.01962,0.005437,0.01684,0.02274,0.01715,0.3906,0.3936,
1.482,0.2312,0.04827,0.009803,0.007305,0.07221,0.01944,0.005517,0.0168,0.02271,0.01735,0.3903,0.3903,
1.478,0.2357,0.04643,0.009802,0.007306,0.07235,0.01933,0.005486,0.01674,0.02279,0.01722,0.3906,0.3919,
1.481,0.2327,0.04759,0.009807,0.007307,0.0724,0.0193,0.005415,0.01681,0.02286,0.01745,0.3904,0.3906,
1.478,0.2329,0.04644,0.009804,0.007316,0.0722,0.01935,0.005446,0.0169,0.02318,0.0169,0.3906,0.3919,
1.473,0.2384,0.04457,0.009809,0.007341,0.07199,0.01924,0.005549,0.01688,0.02338,0.01651,0.3908,0.3939,
1.482,0.236,0.04779,0.009805,0.00734,0.07171,0.01923,0.005496,0.01699,0.02349,0.01719,0.3906,0.3904,
1.476,0.2399,0.04565,0.009785,0.007313,0.07184,0.01894,0.005497,0.01699,0.02376,0.01693,0.3907,0.3926,
1.482,0.2375,0.04777,0.009798,0.007311,0.07184,0.01875,0.005546,0.01694,0.02392,0.01717,0.3906,0.3904,
1.478,0.2376,0.04657,0.009821,0.007314,0.072,0.01844,0.005547,0.01702,0.02391,0.01703,0.3907,0.3916,
1.475,0.2418,0.04535,0.00985,0.007327,0.07187,0.01857,0.005467,0.01703,0.02403,0.01681,0.3909,0.3928,
1.475,0.2444,0.04491,0.009876,0.00733,0.07193,0.01857,0.005429,0.01706,0.02401,0.01682,0.391,0.3931,
1.471,0.2507,0.04266,0.009802,0.007319,0.07188,0.01852,0.007021,0.01559,0.02407,0.01664,0.391,0.3955,
1.469,0.2537,0.04172,0.009802,0.007325,0.07219,0.0183,0.007052,0.01702,0.02287,0.01638,0.3911,0.3962,
1.466,0.2562,0.04053,0.009848,0.007328,0.07244,0.01817,0.007032,0.01707,0.023,0.01621,0.3911,0.3972,
1.482,0.2528,0.04667,0.00986,0.007328,0.07242,0.01808,0.007024,0.01708,0.02303,0.01703,0.3908,0.3906,
1.48,0.2533,0.04626,0.00983,0.007332,0.07234,0.01783,0.007018,0.01712,0.0235,0.01643,0.391,0.3914,
1.479,0.2533,0.04591,0.009849,0.007332,0.07243,0.01769,0.007019,0.01728,0.02346,0.01623,0.3911,0.3917,
1.481,0.2496,0.04625,0.009861,0.007344,0.07236,0.01769,0.007021,0.01736,0.02414,0.01593,0.3907,0.3913,
1.475,0.2508,0.04439,0.009729,0.007343,0.07238,0.01733,0.007081,0.01736,0.02409,0.01589,0.3911,0.3933,
1.479,0.252,0.04591,0.009787,0.007344,0.07272,0.0172,0.007119,0.01735,0.02424,0.01597,0.391,0.3913,
1.478,0.2471,0.04533,0.009815,0.007353,0.07272,0.01724,0.007081,0.01736,0.02442,0.0158,0.3912,0.3917,
1.477,0.2504,0.04471,0.009838,0.007371,0.0729,0.01721,0.007106,0.01734,0.02436,0.0158,0.3913,0.3921,
1.478,0.2482,0.04542,0.009831,0.007375,0.0727,0.01694,0.007151,0.01736,0.02444,0.01592,0.3912,0.3916,
1.48,0.2428,0.04573,0.009852,0.007376,0.0727,0.01694,0.00715,0.01736,0.02457,0.01622,0.3912,0.3909,
1.478,0.2419,0.04497,0.009858,0.007377,0.07249,0.01678,0.007183,0.01747,0.02451,0.01615,0.3913,0.3919,
1.475,0.244,0.04397,0.009868,0.007381,0.07233,0.0167,0.007538,0.01712,0.02482,0.01581,0.3914,0.3931,
1.481,0.2394,0.04581,0.009884,0.007387,0.07232,0.01669,0.007578,0.01709,0.02486,0.0163,0.3909,0.3912,
1.48,0.2414,0.0465,0.009902,0.007377,0.07215,0.01584,0.007528,0.01706,0.02481,0.01654,0.3913,0.391,
1.48,0.2434,0.04575,0.009939,0.007381,0.07223,0.01587,0.007537,0.01702,0.02491,0.0167,0.3914,0.3913,
1.479,0.2452,0.04493,0.009987,0.007381,0.07227,0.01584,0.007614,0.01685,0.02502,0.01692,0.3914,0.3918,
1.476,0.2516,0.04421,0.009939,0.007378,0.07201,0.0157,0.007719,0.01675,0.02503,0.01684,0.3916,0.3928,
1.472,0.2695,0.04205,0.009999,0.007385,0.07231,0.0157,0.007733,0.01674,0.02507,0.01677,0.3916,0.3946,
1.47,0.2471,0.04125,0.01001,0.007389,0.07262,0.01681,0.006625,0.01678,0.02504,0.01678,0.3917,0.395,
1.478,0.2482,0.04378,0.01007,0.007403,0.0731,0.01674,0.00667,0.01855,0.02321,0.01715,0.3916,0.3917,
1.475,0.248,0.04227,0.01012,0.007411,0.07349,0.01682,0.006687,0.01846,0.02322,0.01705,0.3917,0.3928,
1.476,0.2557,0.04252,0.01011,0.007415,0.07343,0.01678,0.006638,0.01845,0.02348,0.01707,0.3918,0.3923,
1.473,0.2512,0.04106,0.01009,0.007414,0.07371,0.01684,0.006646,0.01846,0.02365,0.01684,0.3919,0.3934,
1.471,0.2577,0.04033,0.0101,0.007424,0.07353,0.01684,0.006647,0.01857,0.02374,0.01666,0.392,0.3941,
1.469,0.2643,0.03967,0.0101,0.007428,0.07334,0.01671,0.006714,0.01855,0.02375,0.01653,0.3922,0.395,
1.475,0.2509,0.04215,0.0101,0.007435,0.07317,0.01674,0.006728,0.01855,0.02382,0.01666,0.3922,0.3924,
1.477,0.2512,0.04195,0.01009,0.007434,0.07319,0.01664,0.006586,0.01867,0.02366,0.01756,0.3919,0.3923,
1.478,0.2591,0.04217,0.01008,0.007438,0.07303,0.01668,0.006576,0.01874,0.02354,0.01798,0.3918,0.3919,
1.476,0.2562,0.04159,0.01008,0.00744,0.07284,0.0168,0.006493,0.01871,0.02355,0.0179,0.3919,0.3926,
1.473,0.2582,0.04017,0.01008,0.007429,0.07305,0.01684,0.006454,0.01876,0.02367,0.01775,0.392,0.3938,
1.47,0.2782,0.03891,0.01009,0.007434,0.07307,0.01688,0.006424,0.01876,0.02375,0.01768,0.3921,0.395,
1.48,0.249,0.04194,0.01013,0.007441,0.07306,0.01689,0.006427,0.01877,0.02388,0.01845,0.3912,0.3919,
1.476,0.2671,0.04132,0.01007,0.007439,0.07281,0.01679,0.006296,0.01875,0.02459,0.01755,0.3921,0.3923,
1.477,0.2531,0.04131,0.01007,0.007448,0.07298,0.01682,0.006266,0.01878,0.02456,0.01751,0.3921,0.3921,
1.476,0.2544,0.04032,0.01017,0.007452,0.07358,0.01668,0.006233,0.01878,0.02464,0.01764,0.3921,0.3924,
1.477,0.2502,0.03975,0.01015,0.007438,0.07395,0.01664,0.006196,0.01922,0.0243,0.01839,0.3917,0.3922,
1.476,0.2517,0.03912,0.01011,0.007441,0.07399,0.01664,0.006195,0.01922,0.02436,0.01832,0.3918,0.3928,
1.471,0.255,0.03703,0.01012,0.007452,0.07424,0.01661,0.006253,0.01916,0.02463,0.01794,0.3919,0.3947,
1.47,0.2618,0.03636,0.01014,0.007459,0.07441,0.01658,0.006296,0.0191,0.0247,0.01787,0.3919,0.3951,
1.467,0.2604,0.03557,0.01009,0.00745,0.07436,0.01655,0.006274,0.01907,0.02496,0.0175,0.3922,0.396,
1.483,0.2587,0.03948,0.0101,0.007442,0.0744,0.01656,0.006268,0.0191,0.02503,0.01978,0.3907,0.3911,
1.485,0.2393,0.03928,0.01009,0.007439,0.07422,0.01649,0.006292,0.01906,0.02512,0.02051,0.3906,0.3909,
1.482,0.2408,0.03804,0.01012,0.007438,0.07443,0.01642,0.006251,0.01915,0.02532,0.0202,0.3909,0.3917,
1.483,0.2382,0.0379,0.01013,0.007434,0.07443,0.01652,0.006165,0.01911,0.02559,0.02059,0.3907,0.3914,
1.485,0.2456,0.03737,0.01014,0.007439,0.07455,0.01652,0.00871,0.01671,0.02546,0.0206,0.3908,0.3917,
1.488,0.2422,0.03795,0.01012,0.007437,0.07441,0.01645,0.00878,0.01668,0.02558,0.02132,0.3905,0.3908,
1.49,0.2466,0.03709,0.01015,0.007433,0.07461,0.01647,0.01105,0.01435,0.02556,0.02219,0.3902,0.3909,
1.488,0.2453,0.03626,0.01018,0.007355,0.07473,0.01665,0.01104,0.01419,0.02579,0.02197,0.3903,0.3916,
1.485,0.2454,0.03562,0.01014,0.007368,0.07386,0.01671,0.01105,0.0142,0.02577,0.02199,0.3906,0.3927,
1.491,0.2552,0.03771,0.01014,0.007371,0.07369,0.01667,0.01109,0.01421,0.0258,0.02229,0.3903,0.3907,
1.484,0.2403,0.03567,0.01006,0.007348,0.07333,0.01652,0.01125,0.01414,0.02572,0.02219,0.3907,0.393,
1.482,0.2416,0.03505,0.01004,0.007358,0.07312,0.01645,0.01129,0.01416,0.02576,0.022,0.3909,0.3938,
1.482,0.2518,0.03472,0.01002,0.007322,0.07325,0.01649,0.01242,0.01502,0.0238,0.02171,0.3912,0.3941,
1.481,0.2527,0.0346,0.01001,0.00734,0.07302,0.01647,0.01242,0.01531,0.02359,0.02157,0.3912,0.3944,
1.477,0.2562,0.03263,0.01004,0.007337,0.07341,0.0166,0.01234,0.01527,0.02364,0.02154,0.3913,0.3959,
1.488,0.2525,0.03673,0.01002,0.007342,0.07353,0.0166,0.01234,0.01535,0.02356,0.02177,0.3913,0.3915,
1.489,0.2552,0.03664,0.01004,0.007343,0.07355,0.01656,0.01232,0.01534,0.0237,0.02222,0.3912,0.3911,
1.49,0.2478,0.0369,0.01004,0.007343,0.07335,0.01666,0.01214,0.01531,0.02417,0.0222,0.3911,0.3908,
1.488,0.238,0.03614,0.009913,0.00734,0.07313,0.0168,0.01215,0.01521,0.0242,0.02236,0.3911,0.3917,
1.49,0.2364,0.03677,0.009934,0.007265,0.07317,0.01694,0.01201,0.01533,0.02415,0.02252,0.3911,0.3908,
1.489,0.2375,0.0361,0.009947,0.007271,0.073,0.01705,0.01191,0.01541,0.02425,0.02236,0.3912,0.3915,
1.492,0.2403,0.03656,0.009938,0.00728,0.07301,0.01693,0.01191,0.01682,0.0228,0.02318,0.3905,0.3911,
1.489,0.2429,0.03518,0.009926,0.007273,0.07314,0.01705,0.01181,0.01684,0.02314,0.02291,0.391,0.3918,
1.491,0.2457,0.0355,0.009982,0.007281,0.07357,0.01695,0.01188,0.01691,0.02297,0.02294,0.3909,0.3911,
1.493,0.2526,0.03581,0.009997,0.007284,0.07362,0.01703,0.01197,0.01882,0.02098,0.02324,0.3907,0.3906,
1.489,0.2535,0.03447,0.009992,0.007289,0.07346,0.01694,0.01207,0.01874,0.02127,0.02286,0.391,0.3919,
1.487,0.2576,0.03394,0.009989,0.007295,0.07337,0.017,0.01205,0.0187,0.02124,0.02278,0.3911,0.3925,
1.49,0.2495,0.03434,0.01001,0.007299,0.07344,0.01692,0.01201,0.01878,0.02111,0.02352,0.3909,0.3917,
1.488,0.2497,0.03376,0.01001,0.007302,0.07352,0.01682,0.012,0.01883,0.02107,0.02344,0.3909,0.3923,
1.486,0.2529,0.03296,0.01001,0.007306,0.07334,0.01682,0.01201,0.01891,0.02108,0.02338,0.3911,0.3931,
1.485,0.2542,0.0325,0.01001,0.007312,0.07322,0.01697,0.01187,0.019,0.02101,0.02338,0.3912,0.3936,
1.489,0.2554,0.0336,0.009989,0.007301,0.07337,0.0169,0.01186,0.01893,0.02148,0.02336,0.391,0.3922,
1.487,0.2515,0.03319,0.01002,0.007314,0.0733,0.01693,0.01195,0.02173,0.01876,0.02301,0.3913,0.3925,
1.485,0.2453,0.03238,0.01004,0.007318,0.07341,0.01693,0.01201,0.02181,0.01875,0.02266,0.3914,0.3932,
1.491,0.2452,0.03389,0.01007,0.007323,0.07343,0.01694,0.01211,0.02175,0.01874,0.02331,0.3912,0.3912,
1.487,0.2486,0.03244,0.01012,0.007327,0.07378,0.01657,0.01214,0.02183,0.01858,0.02331,0.3913,0.3926,
1.482,0.2515,0.03068,0.01017,0.007332,0.07401,0.01631,0.01216,0.0222,0.01851,0.02294,0.3913,0.3944,
1.491,0.2486,0.0337,0.01018,0.007338,0.07419,0.0164,0.01207,0.02251,0.01828,0.02328,0.3909,0.3911,
1.482,0.2729,0.03205,0.01017,0.007339,0.07444,0.01641,0.0121,0.03006,0.01063,0.02317,0.3914,0.3922,
1.486,0.2399,0.03305,0.01019,0.007337,0.0744,0.01644,0.01206,0.03009,0.01066,0.02343,0.3913,0.3911,
1.489,0.2322,0.03312,0.0102,0.007337,0.07439,0.01652,0.01185,0.03003,0.01073,0.02456,0.3909,0.3904,
1.49,0.2317,0.03269,0.01021,0.007328,0.07445,0.01654,0.0118,0.03005,0.01074,0.02552,0.3905,0.3901,
1.491,0.2313,0.03272,0.01021,0.007342,0.07434,0.01642,0.0118,0.03006,0.01107,0.02541,0.3904,0.3902,
1.49,0.2304,0.03207,0.01014,0.007331,0.07413,0.01635,0.01176,0.03003,0.01125,0.02597,0.3903,0.3906,
