entropy,entropyInd,RabA,RabB,RabC,RabD,RabE,RabF,RabG,RabH,RabI,xER,xPM,
1.463,0.2779,0.05411,0.01193,0.008016,0.04717,0.02351,0.01285,0.01673,0.01456,0.01487,0.3948,0.4014,
1.477,0.2527,0.06069,0.01192,0.008014,0.0471,0.02337,0.01284,0.01672,0.01455,0.01525,0.3948,0.3947,
1.477,0.2632,0.06056,0.01192,0.00801,0.04709,0.02337,0.01284,0.01672,0.01455,0.01547,0.3948,0.3947,
1.478,0.2577,0.06046,0.01191,0.008006,0.04706,0.02316,0.01282,0.01671,0.01455,0.01597,0.3946,0.3948,
1.478,0.2567,0.06041,0.0119,0.008006,0.04706,0.02312,0.01281,0.01672,0.01455,0.01597,0.3946,0.3948,
1.477,0.2487,0.06036,0.0119,0.008007,0.04697,0.02299,0.0128,0.01672,0.01455,0.01597,0.3947,0.3951,
1.477,0.2429,0.0603,0.0119,0.008006,0.04691,0.02299,0.0128,0.01672,0.01455,0.01598,0.3947,0.3951,
1.476,0.2403,0.06031,0.01191,0.008011,0.04638,0.023,0.01281,0.01673,0.01456,0.01599,0.395,0.3953,
1.474,0.2414,0.06028,0.01188,0.008016,0.04585,0.02298,0.01281,0.01674,0.01457,0.016,0.3952,0.3956,
1.474,0.2413,0.06025,0.01188,0.008017,0.04575,0.02298,0.01281,0.01674,0.01457,0.016,0.3953,0.3957,
1.474,0.2566,0.06019,0.01188,0.008017,0.04572,0.02298,0.01281,0.01674,0.01457,0.016,0.3953,0.3957,
1.477,0.2354,0.06093,0.01177,0.007976,0.04563,0.02277,0.01278,0.01671,0.01456,0.01702,0.395,0.3949,
1.472,0.2374,0.0588,0.01172,0.007954,0.04543,0.02277,0.01278,0.01671,0.01456,0.01703,0.3951,0.3972,
1.476,0.2376,0.06033,0.01168,0.007947,0.04535,0.02268,0.01276,0.01669,0.01456,0.0174,0.395,0.3956,
1.47,0.2371,0.05764,0.01168,0.007937,0.04524,0.02268,0.01276,0.01669,0.01456,0.0174,0.3951,0.3983,
1.468,0.2394,0.05723,0.01164,0.007939,0.04497,0.02237,0.01275,0.01669,0.01457,0.01741,0.3952,0.3992,
1.476,0.2337,0.06149,0.01162,0.007932,0.04473,0.02221,0.01275,0.01669,0.01457,0.01765,0.3952,0.3952,
1.471,0.2349,0.05991,0.01158,0.007923,0.04428,0.0221,0.01274,0.01669,0.01457,0.01766,0.3954,0.3971,
1.469,0.2264,0.05895,0.01155,0.007923,0.04419,0.02194,0.01273,0.01669,0.01458,0.01766,0.3955,0.3983,
1.465,0.231,0.05742,0.01155,0.007923,0.04397,0.02186,0.01273,0.01669,0.01458,0.01767,0.3956,0.4,
1.462,0.2296,0.05605,0.01148,0.007912,0.04397,0.02171,0.01273,0.0167,0.01458,0.01767,0.3956,0.4016,
1.46,0.2307,0.05558,0.01147,0.007911,0.0439,0.02164,0.01273,0.0167,0.01458,0.01767,0.3957,0.4022,
1.458,0.2259,0.05471,0.0114,0.007895,0.04377,0.02161,0.01272,0.01669,0.01459,0.01767,0.3957,0.4032,
1.454,0.225,0.0536,0.01138,0.007849,0.04318,0.02142,0.01271,0.01669,0.0146,0.01768,0.396,0.4049,
1.45,0.2257,0.05276,0.01119,0.007833,0.04294,0.02135,0.01269,0.0167,0.0146,0.01769,0.3962,0.4061,
1.447,0.2538,0.05128,0.01113,0.007805,0.04284,0.0213,0.01269,0.0167,0.0146,0.01769,0.3962,0.4078,
1.443,0.2342,0.04955,0.0111,0.007805,0.04281,0.02126,0.01269,0.0167,0.0146,0.01769,0.3962,0.4096,
1.467,0.2215,0.06163,0.01108,0.007784,0.04276,0.02126,0.01268,0.0167,0.0146,0.01781,0.3962,0.3975,
1.472,0.2061,0.06306,0.01101,0.007755,0.04258,0.0212,0.01266,0.01667,0.01458,0.01919,0.3957,0.3956,
1.469,0.2071,0.06179,0.01092,0.00774,0.04252,0.0211,0.01265,0.01666,0.01458,0.01919,0.3958,0.3971,
1.472,0.1933,0.06287,0.01086,0.00773,0.04251,0.02109,0.01265,0.01665,0.01458,0.01954,0.3956,0.3959,
1.472,0.2022,0.06316,0.01084,0.00773,0.04251,0.021,0.01262,0.01665,0.01461,0.01961,0.3956,0.3956,
1.471,0.1981,0.06304,0.01064,0.007727,0.04262,0.0209,0.01265,0.01656,0.01462,0.01955,0.3956,0.396,
1.468,0.2121,0.06147,0.01079,0.007738,0.04255,0.02087,0.01265,0.01651,0.01465,0.01941,0.3958,0.3976,
1.467,0.2254,0.06077,0.01088,0.007749,0.04269,0.02102,0.01238,0.0165,0.01521,0.01877,0.3959,0.3981,
1.466,0.2222,0.06004,0.01123,0.00775,0.04263,0.02116,0.01225,0.01652,0.01531,0.01862,0.3959,0.3985,
1.461,0.2041,0.05926,0.01119,0.007765,0.04259,0.02478,0.008552,0.01654,0.01568,0.01811,0.3961,0.3994,
1.457,0.2018,0.05787,0.01117,0.007767,0.04243,0.02445,0.008663,0.01644,0.0159,0.01786,0.3962,0.4013,
1.468,0.1996,0.06231,0.01108,0.00776,0.04248,0.02432,0.008723,0.01633,0.01607,0.01869,0.3959,0.3964,
1.47,0.2025,0.06291,0.01126,0.007765,0.04239,0.0244,0.008645,0.01628,0.01621,0.01865,0.3959,0.3956,
1.469,0.2125,0.06234,0.01133,0.007782,0.04209,0.02429,0.008697,0.01616,0.01648,0.0188,0.3959,0.3961,
1.469,0.2088,0.06131,0.01131,0.007788,0.04208,0.02438,0.008603,0.01616,0.01648,0.01939,0.3959,0.3966,
1.466,0.2116,0.05983,0.01137,0.007796,0.04214,0.02433,0.008625,0.01629,0.01696,0.01857,0.3961,0.398,
1.469,0.2161,0.06036,0.01113,0.007779,0.0418,0.02426,0.008715,0.01616,0.01702,0.01999,0.3957,0.3971,
1.465,0.2186,0.05836,0.01115,0.007794,0.04191,0.02422,0.008571,0.01616,0.01737,0.01956,0.3957,0.3992,
1.472,0.215,0.06195,0.01111,0.007794,0.04195,0.02414,0.00861,0.01607,0.01744,0.01972,0.3958,0.3954,
1.474,0.2171,0.06121,0.01117,0.00777,0.04191,0.02413,0.00873,0.01581,0.01792,0.02028,0.3955,0.3955,
1.477,0.2152,0.06138,0.0112,0.007781,0.04186,0.02396,0.008797,0.01567,0.0179,0.02153,0.3951,0.3948,
1.474,0.204,0.0599,0.01119,0.007801,0.0421,0.02375,0.008886,0.01563,0.01781,0.02138,0.3952,0.3963,
1.472,0.2086,0.05921,0.01115,0.007753,0.04235,0.0236,0.00888,0.01559,0.01803,0.02117,0.3953,0.397,
1.464,0.2114,0.05637,0.01105,0.007709,0.04245,0.02441,0.0077,0.01556,0.01817,0.02103,0.3953,0.4002,
1.474,0.2097,0.0614,0.01108,0.007717,0.04246,0.0243,0.007683,0.0156,0.01819,0.02124,0.3953,0.395,
1.472,0.2296,0.06075,0.0111,0.007718,0.0425,0.02396,0.00776,0.01555,0.01835,0.02105,0.3954,0.3959,
1.473,0.2201,0.06087,0.01111,0.00775,0.04265,0.02374,0.00786,0.01544,0.01841,0.0214,0.3952,0.3955,
1.472,0.2179,0.06011,0.01105,0.007734,0.04237,0.02349,0.007952,0.0154,0.01834,0.02187,0.3952,0.3965,
1.471,0.2145,0.05969,0.01101,0.007743,0.0425,0.02327,0.008031,0.01533,0.01834,0.02188,0.3952,0.397,
1.469,0.2247,0.0587,0.01098,0.00776,0.04252,0.02329,0.008123,0.01523,0.0185,0.02166,0.3953,0.3979,
1.465,0.2172,0.05707,0.01101,0.007762,0.04241,0.02312,0.008086,0.01522,0.01863,0.02145,0.3955,0.3998,
1.463,0.2188,0.05623,0.01111,0.007763,0.04264,0.02305,0.008128,0.01519,0.01863,0.02132,0.3956,0.4004,
1.473,0.2193,0.06084,0.01113,0.007762,0.04264,0.02292,0.008207,0.01511,0.01886,0.02131,0.3955,0.3957,
1.467,0.2237,0.05801,0.01102,0.007767,0.04276,0.02284,0.008248,0.01511,0.01909,0.02105,0.3956,0.3985,
1.466,0.2258,0.05725,0.01105,0.007784,0.04246,0.02283,0.01003,0.01326,0.0191,0.02106,0.3958,0.3994,
1.464,0.2229,0.05645,0.01116,0.007787,0.04253,0.02268,0.009977,0.01325,0.01914,0.02102,0.3959,0.4001,
1.472,0.2158,0.06052,0.01109,0.007771,0.04213,0.0225,0.009944,0.01324,0.01914,0.02182,0.3959,0.396,
1.469,0.2257,0.05905,0.01127,0.007794,0.04213,0.02233,0.009972,0.01316,0.01935,0.02142,0.396,0.3975,
1.464,0.2296,0.05731,0.01129,0.007816,0.04198,0.02221,0.009938,0.01316,0.01949,0.02112,0.3962,0.3995,
1.471,0.222,0.06044,0.01132,0.007816,0.0417,0.02231,0.009835,0.0132,0.01949,0.02144,0.3962,0.3962,
1.472,0.217,0.06064,0.01134,0.00782,0.04164,0.0222,0.00982,0.01324,0.01958,0.02167,0.3961,0.3959,
1.47,0.2198,0.06001,0.01141,0.007769,0.0417,0.02213,0.009718,0.01329,0.01965,0.02154,0.3962,0.3966,
1.465,0.2447,0.05747,0.01144,0.007782,0.04194,0.02192,0.009791,0.01329,0.01981,0.02113,0.3963,0.3991,
1.467,0.2239,0.05815,0.01147,0.007763,0.04171,0.02192,0.00983,0.01325,0.01996,0.02145,0.3963,0.3982,
1.471,0.221,0.06019,0.01149,0.00778,0.04161,0.02184,0.009936,0.01315,0.02016,0.02137,0.3964,0.3961,
1.47,0.2293,0.05912,0.01153,0.007794,0.04171,0.02181,0.01004,0.01303,0.02021,0.02134,0.3965,0.3969,
1.469,0.2321,0.05858,0.01157,0.007717,0.04181,0.02162,0.009984,0.01299,0.02028,0.02169,0.3964,0.3973,
1.466,0.2351,0.05738,0.01158,0.007719,0.04189,0.02142,0.009941,0.01288,0.0205,0.02138,0.3966,0.3988,
1.462,0.2529,0.05564,0.01152,0.007688,0.04214,0.02142,0.009942,0.01288,0.02057,0.02131,0.3966,0.4003,
1.468,0.2404,0.0583,0.01142,0.00767,0.04212,0.02133,0.009985,0.01283,0.02057,0.0217,0.3965,0.3976,
1.469,0.2309,0.05875,0.01145,0.007689,0.04218,0.02114,0.009954,0.01283,0.02071,0.02167,0.3965,0.3972,
1.471,0.2353,0.05934,0.0114,0.007687,0.04238,0.02094,0.009904,0.01283,0.02078,0.022,0.3964,0.3964,
1.468,0.2353,0.05806,0.01135,0.007616,0.04249,0.02094,0.009905,0.01283,0.02078,0.022,0.3964,0.3976,
1.465,0.2333,0.0565,0.01135,0.007624,0.04243,0.02093,0.009883,0.01282,0.02133,0.02143,0.3965,0.3992,
1.463,0.2365,0.05563,0.01133,0.007636,0.04246,0.02082,0.009936,0.01273,0.02187,0.0209,0.3966,0.4001,
1.457,0.2385,0.05375,0.01126,0.007645,0.04236,0.02046,0.009979,0.0127,0.02205,0.02065,0.3967,0.4024,
1.464,0.2337,0.05702,0.01127,0.00763,0.04242,0.02035,0.01005,0.01262,0.02242,0.02058,0.3967,0.3989,
1.461,0.2359,0.05563,0.0111,0.007644,0.04233,0.02035,0.01005,0.01262,0.02257,0.02045,0.3968,0.4005,
1.458,0.2305,0.05473,0.0111,0.007649,0.04221,0.02051,0.009851,0.01262,0.02257,0.0203,0.397,0.4014,
1.456,0.2388,0.05407,0.01114,0.007652,0.04223,0.02044,0.009855,0.0127,0.02266,0.02001,0.3971,0.4022,
1.454,0.2383,0.05326,0.01114,0.007625,0.04216,0.02033,0.009887,0.01272,0.02276,0.01986,0.3972,0.4031,
1.452,0.2408,0.05218,0.01113,0.007647,0.04219,0.02037,0.009873,0.01273,0.02295,0.01963,0.3972,0.4041,
1.45,0.2351,0.05118,0.0112,0.00766,0.04219,0.02029,0.009885,0.01277,0.02292,0.01955,0.3973,0.4051,
1.466,0.2343,0.05917,0.01118,0.007667,0.04212,0.02027,0.009804,0.01276,0.02313,0.01967,0.3972,0.397,
1.467,0.2459,0.05913,0.01112,0.00767,0.04192,0.02025,0.009861,0.01266,0.02327,0.02008,0.3971,0.3969,
1.465,0.2416,0.05817,0.01116,0.007677,0.04172,0.02026,0.009863,0.0127,0.02343,0.0199,0.3972,0.3979,
1.463,0.2569,0.05691,0.01116,0.007684,0.04186,0.02033,0.009787,0.0127,0.02352,0.01976,0.3973,0.399,
1.468,0.2318,0.05864,0.01114,0.007694,0.04183,0.02029,0.009815,0.01265,0.02364,0.02036,0.3971,0.3969,
1.469,0.2433,0.05858,0.01111,0.007695,0.04183,0.02013,0.00983,0.01261,0.02359,0.02095,0.3969,0.3968,
1.468,0.2412,0.05747,0.01101,0.007694,0.04197,0.02016,0.009695,0.0126,0.02358,0.02169,0.3968,0.3973,
1.467,0.2546,0.05723,0.01105,0.00765,0.04191,0.02003,0.0115,0.01084,0.02366,0.02144,0.3969,0.3978,
1.466,0.2555,0.05682,0.01114,0.007655,0.04178,0.01999,0.01137,0.01085,0.02374,0.02137,0.397,0.3983,
1.466,0.2758,0.05589,0.0112,0.007678,0.04191,0.01999,0.01141,0.02179,0.01355,0.02058,0.397,0.399,
1.47,0.2559,0.05728,0.0111,0.007673,0.04177,0.01997,0.0114,0.0217,0.01375,0.02106,0.3969,0.3974,
1.469,0.2427,0.05678,0.01119,0.007665,0.04171,0.01994,0.01139,0.0217,0.01383,0.02111,0.3969,0.3978,
1.471,0.2359,0.05706,0.01118,0.007672,0.04174,0.01998,0.01147,0.02157,0.01438,0.02072,0.3969,0.3973,
1.468,0.2347,0.05589,0.01116,0.007562,0.04174,0.01981,0.0115,0.02155,0.01485,0.02026,0.397,0.3987,
1.47,0.2286,0.05768,0.01111,0.007577,0.04155,0.01976,0.01143,0.02155,0.01485,0.02031,0.3971,0.397,
1.472,0.2282,0.05709,0.01116,0.007572,0.04151,0.01975,0.01146,0.0215,0.01602,0.01992,0.3969,0.3971,
1.468,0.2293,0.0553,0.01121,0.007554,0.04142,0.01975,0.0115,0.02146,0.01621,0.01974,0.397,0.3988,
1.471,0.2468,0.05664,0.01118,0.007549,0.04145,0.01957,0.01152,0.02141,0.01629,0.02009,0.3969,0.3974,
1.473,0.2323,0.056,0.01152,0.007546,0.04162,0.0195,0.01148,0.02141,0.01668,0.02014,0.3968,0.3973,
1.47,0.2477,0.0545,0.01174,0.007534,0.04142,0.01954,0.01156,0.02126,0.01681,0.01993,0.3968,0.3989,
1.468,0.235,0.0534,0.01182,0.007546,0.04145,0.01954,0.01155,0.02129,0.01684,0.01982,0.3969,0.3998,
1.475,0.2242,0.05567,0.0119,0.00756,0.04149,0.01948,0.01155,0.02128,0.01716,0.02022,0.3967,0.397,
1.474,0.2167,0.05553,0.0119,0.007561,0.04137,0.01939,0.01155,0.02129,0.01733,0.02006,0.3968,0.3972,
1.47,0.2157,0.05393,0.01182,0.007575,0.04137,0.01934,0.01152,0.02129,0.01751,0.01977,0.3969,0.3989,
1.475,0.2319,0.0554,0.01193,0.007579,0.04143,0.01934,0.01155,0.02119,0.01772,0.02008,0.3967,0.397,
1.476,0.2222,0.05493,0.01186,0.007578,0.04151,0.01922,0.01146,0.02118,0.01775,0.02087,0.3964,0.3972,
1.473,0.252,0.05419,0.01188,0.00757,0.04158,0.01918,0.0115,0.02448,0.01441,0.02079,0.3965,0.3979,
1.468,0.2397,0.05293,0.01192,0.00757,0.04188,0.01927,0.01139,0.02862,0.0105,0.02039,0.3966,0.3989,
1.47,0.2408,0.05425,0.01215,0.007575,0.0415,0.01909,0.01135,0.02863,0.01075,0.02041,0.3967,0.3976,
1.473,0.2289,0.0548,0.01214,0.007597,0.0418,0.01908,0.01127,0.0287,0.01073,0.02076,0.3966,0.3965,
1.472,0.2435,0.05428,0.01217,0.007601,0.04186,0.01907,0.01126,0.02868,0.01078,0.02072,0.3967,0.3969,
1.469,0.2318,0.05307,0.012,0.007619,0.04191,0.01906,0.01122,0.02868,0.01085,0.02065,0.3967,0.3982,
1.473,0.2572,0.05354,0.01203,0.007634,0.04233,0.01889,0.01128,0.02865,0.01081,0.02133,0.3965,0.3971,
1.472,0.2571,0.05302,0.01215,0.007646,0.04237,0.01864,0.01133,0.02861,0.01081,0.02133,0.3965,0.3976,
1.473,0.245,0.05323,0.01215,0.007659,0.04219,0.01872,0.01125,0.02861,0.01087,0.02152,0.3966,0.3972,
1.474,0.2446,0.05377,0.01214,0.007662,0.04208,0.01864,0.01133,0.0286,0.01142,0.02112,0.3966,0.3966,
1.469,0.2583,0.05065,0.01213,0.007676,0.0428,0.01863,0.01135,0.02851,0.01148,0.02098,0.3967,0.3991,
1.467,0.2417,0.04975,0.01221,0.007686,0.04274,0.01854,0.01136,0.02852,0.01148,0.02098,0.3967,0.4,
1.475,0.2367,0.05302,0.01222,0.007658,0.04269,0.01849,0.0113,0.0285,0.01157,0.02133,0.3966,0.3966,
1.471,0.2344,0.05139,0.01228,0.007656,0.04273,0.01849,0.01131,0.02856,0.01171,0.02108,0.3966,0.3982,
1.47,0.244,0.05076,0.01234,0.007678,0.04275,0.01849,0.01126,0.02856,0.01177,0.02102,0.3967,0.3986,
1.468,0.2438,0.04976,0.01224,0.007675,0.04275,0.0185,0.01127,0.02863,0.0119,0.02068,0.3969,0.3997,
1.472,0.2418,0.05238,0.01226,0.007689,0.04267,0.01846,0.01118,0.0287,0.0118,0.02064,0.397,0.3972,
1.471,0.2368,0.05181,0.01232,0.007703,0.04272,0.01849,0.0111,0.02868,0.01209,0.02035,0.3971,0.3976,
1.469,0.2588,0.05076,0.01227,0.007726,0.04255,0.01841,0.0111,0.02873,0.01213,0.02027,0.3972,0.3989,
1.465,0.2394,0.04916,0.01228,0.00774,0.04252,0.01833,0.0111,0.02869,0.01228,0.02005,0.3974,0.4004,
1.463,0.251,0.04807,0.01226,0.007733,0.0426,0.01827,0.01108,0.0287,0.01272,0.01961,0.3975,0.4015,
1.461,0.2419,0.0472,0.01228,0.007736,0.04266,0.01828,0.01117,0.02861,0.01273,0.01961,0.3975,0.4022,
1.472,0.2433,0.05232,0.0121,0.007702,0.04257,0.01811,0.01116,0.02866,0.01272,0.02032,0.3972,0.3971,
1.468,0.2363,0.05105,0.01179,0.007679,0.04253,0.01812,0.01116,0.02863,0.01272,0.02007,0.3974,0.3989,
1.47,0.2362,0.0522,0.01179,0.007677,0.0426,0.01805,0.01128,0.02847,0.01291,0.01988,0.3975,0.3977,
1.471,0.2511,0.05253,0.01176,0.007694,0.04261,0.01808,0.01125,0.02853,0.01297,0.01981,0.3975,0.3973,
1.47,0.2312,0.05204,0.01192,0.007694,0.04278,0.02021,0.009126,0.02853,0.01304,0.01974,0.3975,0.3974,
1.468,0.2302,0.05123,0.01189,0.007691,0.04278,0.02016,0.009128,0.02854,0.01395,0.01871,0.3976,0.3983,
1.47,0.2277,0.05193,0.01193,0.007694,0.04276,0.02007,0.009164,0.02849,0.01458,0.01854,0.3974,0.3974,
1.469,0.2266,0.05119,0.01199,0.007707,0.04277,0.02016,0.009197,0.02838,0.01479,0.01823,0.3975,0.3981,
1.47,0.2303,0.05113,0.01204,0.007713,0.04279,0.01998,0.009191,0.02841,0.01491,0.01835,0.3975,0.398,
1.474,0.2355,0.05091,0.01206,0.007713,0.04273,0.01985,0.009215,0.02836,0.0149,0.02005,0.3968,0.3974,
1.475,0.2414,0.05079,0.01207,0.007729,0.04289,0.01981,0.009286,0.02833,0.01484,0.02031,0.3968,0.3972,
1.472,0.2548,0.04955,0.01205,0.007766,0.04301,0.01985,0.009292,0.0283,0.01516,0.01991,0.3969,0.3983,
1.475,0.2269,0.05079,0.01192,0.007763,0.04299,0.0198,0.00925,0.0283,0.01535,0.02007,0.3969,0.3969,
1.478,0.2265,0.05068,0.01184,0.007737,0.04276,0.01981,0.009289,0.02822,0.01546,0.02122,0.3965,0.3965,
1.476,0.2507,0.04997,0.01187,0.007739,0.04269,0.01979,0.009284,0.02826,0.01583,0.02082,0.3966,0.3971,
1.478,0.2283,0.05038,0.01166,0.007727,0.04265,0.01982,0.00924,0.02833,0.0166,0.02045,0.3965,0.3967,
1.479,0.2278,0.05065,0.01172,0.007728,0.04254,0.01975,0.009237,0.02828,0.0166,0.02093,0.3963,0.3962,
1.477,0.2462,0.04946,0.01176,0.007742,0.04258,0.01975,0.009318,0.02824,0.01668,0.02082,0.3964,0.3973,
1.479,0.2407,0.04961,0.01184,0.007755,0.0426,0.01983,0.009234,0.02836,0.01653,0.02132,0.3962,0.3967,
1.479,0.237,0.04937,0.01177,0.007716,0.04266,0.01986,0.009233,0.02835,0.01657,0.02164,0.3962,0.3967,
1.481,0.2581,0.04991,0.01174,0.007715,0.04257,0.01977,0.009272,0.02831,0.01657,0.02188,0.3961,0.3961,
1.475,0.2452,0.0492,0.01179,0.007716,0.04247,0.01838,0.009253,0.02831,0.01665,0.02171,0.3962,0.3984,
1.471,0.238,0.04761,0.01173,0.007712,0.04244,0.0185,0.009142,0.02832,0.0168,0.02156,0.3962,0.4,
1.468,0.2409,0.04576,0.01155,0.00762,0.04259,0.01841,0.01073,0.02679,0.01702,0.0213,0.3963,0.402,
1.466,0.2321,0.04499,0.01161,0.007642,0.04268,0.01836,0.01068,0.02683,0.01702,0.02127,0.3963,0.4026,
1.464,0.2605,0.04443,0.01163,0.007659,0.0425,0.01828,0.01065,0.02687,0.01705,0.02113,0.3965,0.4033,
1.48,0.2524,0.05105,0.01166,0.007677,0.04242,0.01828,0.01064,0.02686,0.01716,0.0215,0.3964,0.3964,
1.48,0.2333,0.05106,0.0118,0.007695,0.04214,0.01828,0.01065,0.02687,0.0173,0.02152,0.3965,0.3962,
1.479,0.2657,0.05058,0.01189,0.007696,0.04211,0.01799,0.01115,0.02631,0.01765,0.02118,0.3965,0.3969,
1.481,0.2362,0.05011,0.01189,0.007694,0.04206,0.018,0.01132,0.02613,0.01764,0.02218,0.3961,0.3968,
1.48,0.2743,0.04962,0.01225,0.007708,0.042,0.018,0.01141,0.02896,0.01473,0.02219,0.3962,0.3969,
1.477,0.251,0.04845,0.01225,0.007709,0.04197,0.01803,0.01143,0.02896,0.0147,0.02219,0.3963,0.398,
1.479,0.2414,0.04961,0.01221,0.007708,0.04184,0.01787,0.01141,0.029,0.01466,0.02235,0.3963,0.397,
1.477,0.2449,0.04934,0.01221,0.00771,0.04184,0.01752,0.01138,0.02907,0.0146,0.02236,0.3964,0.3976,
1.475,0.2388,0.0483,0.01228,0.007717,0.04186,0.01758,0.01137,0.02906,0.0147,0.02216,0.3964,0.3986,
1.474,0.2626,0.04804,0.01231,0.007718,0.04184,0.01753,0.01133,0.02913,0.01477,0.0219,0.3965,0.399,
1.473,0.2283,0.04768,0.01237,0.007719,0.0419,0.01727,0.01136,0.02909,0.01514,0.02154,0.3965,0.3994,
1.471,0.2285,0.04704,0.01221,0.007769,0.04192,0.01731,0.01132,0.02905,0.01529,0.02135,0.3966,0.4002,
1.469,0.2609,0.04607,0.01227,0.00775,0.04193,0.01716,0.01127,0.02912,0.01541,0.02117,0.3966,0.4012,
1.467,0.2339,0.04538,0.01239,0.007751,0.04206,0.01704,0.01122,0.02912,0.01557,0.02092,0.3966,0.4019,
1.464,0.2522,0.04422,0.0124,0.007791,0.04203,0.01712,0.01115,0.02923,0.01584,0.02028,0.3968,0.4031,
1.459,0.2478,0.04289,0.01228,0.007782,0.04211,0.01712,0.03081,0.009573,0.01619,0.01993,0.3968,0.4045,
1.456,0.2474,0.04152,0.01226,0.007796,0.04211,0.01721,0.03074,0.009672,0.0161,0.01985,0.3969,0.4058,
1.453,0.2423,0.04033,0.01225,0.007799,0.04194,0.0173,0.03073,0.009649,0.01624,0.01954,0.3971,0.4071,
1.475,0.252,0.0502,0.01229,0.007823,0.04181,0.01747,0.03052,0.01979,0.00681,0.0198,0.3968,0.3967,
1.473,0.2567,0.04917,0.01228,0.007846,0.04184,0.0176,0.03045,0.01987,0.00689,0.01961,0.3969,0.3976,
1.474,0.252,0.04935,0.01228,0.007838,0.04188,0.01763,0.03047,0.0198,0.006889,0.01992,0.3968,0.3972,
1.471,0.2517,0.04799,0.01229,0.007826,0.04176,0.01764,0.03048,0.0198,0.007247,0.01944,0.397,0.3986,
1.469,0.2496,0.04702,0.01231,0.007832,0.04159,0.01765,0.0305,0.01981,0.007648,0.01889,0.3971,0.3996,
1.468,0.2548,0.04619,0.01238,0.007838,0.04159,0.0176,0.03051,0.01977,0.008038,0.0185,0.3972,0.4004,
1.466,0.2643,0.04538,0.01239,0.007851,0.04165,0.0176,0.03051,0.01977,0.008433,0.01811,0.3972,0.4011,
1.466,0.2826,0.04489,0.01236,0.007872,0.04168,0.01764,0.03047,0.01984,0.008546,0.01793,0.3973,0.4015,
1.465,0.2815,0.04446,0.01228,0.007877,0.04164,0.01907,0.02897,0.01984,0.00874,0.01774,0.3973,0.4021,
1.465,0.2824,0.04421,0.01226,0.007908,0.04177,0.01897,0.02897,0.01984,0.008922,0.01756,0.3973,0.4022,
1.476,0.2538,0.0488,0.01241,0.007927,0.04181,0.01897,0.02902,0.01985,0.008902,0.01771,0.3973,0.3973,
1.473,0.2598,0.04776,0.01243,0.007922,0.04177,0.01889,0.02902,0.01989,0.008872,0.01771,0.3974,0.3984,
1.475,0.2517,0.04796,0.01244,0.007915,0.04205,0.01893,0.02893,0.0199,0.008951,0.01789,0.3973,0.3978,
1.473,0.2526,0.0471,0.01243,0.007915,0.04208,0.01898,0.02889,0.01991,0.009334,0.01751,0.3973,0.3985,
1.479,0.2592,0.04821,0.01239,0.007911,0.04216,0.01893,0.02881,0.01988,0.009472,0.01845,0.397,0.3968,
1.478,0.2448,0.04752,0.01242,0.007912,0.04224,0.01893,0.02876,0.01988,0.009891,0.01804,0.397,0.3974,
1.481,0.2557,0.04788,0.01236,0.007903,0.04226,0.02027,0.02755,0.01978,0.009806,0.01883,0.3967,0.3966,
1.476,0.2484,0.04696,0.01228,0.007906,0.0422,0.01915,0.02751,0.01978,0.009975,0.01874,0.3969,0.3986,
1.474,0.2746,0.04611,0.01225,0.007932,0.04221,0.01916,0.02756,0.01975,0.01009,0.01863,0.397,0.3993,
1.481,0.2657,0.04839,0.01222,0.007934,0.04214,0.0191,0.02745,0.01973,0.01008,0.01971,0.3966,0.3966,
1.481,0.2764,0.04746,0.01242,0.007934,0.04225,0.01887,0.02744,0.01972,0.01022,0.01997,0.3965,0.3972,
1.479,0.2628,0.0466,0.01242,0.007916,0.04221,0.01889,0.02742,0.01967,0.01037,0.01983,0.3965,0.3982,
1.477,0.2692,0.04587,0.01237,0.007931,0.0422,0.0189,0.02747,0.01972,0.01047,0.01965,0.3966,0.3988,
1.476,0.2512,0.04559,0.01237,0.007943,0.04224,0.0189,0.02759,0.01961,0.01047,0.01954,0.3967,0.3991,
1.482,0.2523,0.04717,0.01234,0.00795,0.04211,0.01888,0.02757,0.01966,0.01078,0.02018,0.3964,0.397,
1.479,0.2361,0.04599,0.01235,0.00792,0.04188,0.01887,0.02745,0.01966,0.01079,0.02019,0.3965,0.3984,
1.484,0.2249,0.04747,0.01225,0.007898,0.04186,0.01893,0.02735,0.01974,0.01073,0.02112,0.3961,0.3965,
1.488,0.2543,0.04796,0.01231,0.007903,0.04182,0.01876,0.02731,0.01981,0.01083,0.02182,0.3958,0.3957,
1.486,0.2273,0.04729,0.01232,0.007908,0.04193,0.01891,0.02717,0.01986,0.0111,0.02142,0.3959,0.3962,
1.485,0.2648,0.04659,0.01226,0.007915,0.04205,0.01884,0.02728,0.01972,0.01132,0.02119,0.396,0.3969,
1.488,0.258,0.04762,0.01219,0.00791,0.04215,0.0188,0.02711,0.01975,0.01136,0.02173,0.3958,0.3956,
1.486,0.2495,0.04661,0.01224,0.007921,0.04211,0.01896,0.02704,0.01967,0.01152,0.02143,0.3959,0.3966,
1.483,0.2492,0.0455,0.01212,0.007925,0.04204,0.01893,0.02713,0.01959,0.01162,0.02129,0.396,0.3979,
1.481,0.2504,0.04503,0.01211,0.007925,0.04196,0.01873,0.02717,0.01958,0.01167,0.02118,0.396,0.3986,
1.478,0.2392,0.04373,0.01203,0.007932,0.04204,0.01877,0.02718,0.01954,0.01183,0.02103,0.3961,0.3998,
1.476,0.2329,0.04323,0.01201,0.007939,0.04199,0.01873,0.02707,0.01956,0.01196,0.02084,0.3961,0.4005,
1.489,0.2151,0.04749,0.01193,0.007924,0.04188,0.01832,0.02713,0.01937,0.01194,0.0226,0.3955,0.3959,
1.487,0.2173,0.04663,0.01189,0.007923,0.04176,0.01838,0.02724,0.01913,0.01201,0.02274,0.3955,0.3968,
1.488,0.2205,0.04712,0.01198,0.007931,0.04155,0.01825,0.02735,0.01904,0.01246,0.02253,0.3955,0.3963,
1.493,0.2175,0.04813,0.01186,0.007939,0.04136,0.01818,0.02733,0.01898,0.01244,0.02383,0.3951,0.3949,
1.49,0.2144,0.04699,0.01188,0.007923,0.0414,0.01809,0.02736,0.01893,0.01237,0.02384,0.3951,0.3961,
1.49,0.2184,0.04832,0.01183,0.007956,0.0413,0.01756,0.0298,0.01647,0.01243,0.02412,0.395,0.3952,
1.493,0.211,0.04806,0.01187,0.007954,0.04153,0.01744,0.02979,0.0164,0.01256,0.0249,0.3947,0.3948,
1.494,0.2153,0.04805,0.01194,0.007955,0.04158,0.01744,0.03004,0.01627,0.01273,0.02496,0.3944,0.3946,
1.493,0.222,0.04781,0.01204,0.007953,0.04165,0.0173,0.03012,0.01617,0.01281,0.0249,0.3946,0.3946,
1.494,0.2507,0.04773,0.01206,0.007951,0.04169,0.01726,0.0303,0.01639,0.0125,0.02512,0.3946,0.3944,
1.486,0.2365,0.04721,0.01199,0.007967,0.04174,0.01725,0.03693,0.009588,0.01308,0.02454,0.3946,0.3951,
1.484,0.2378,0.04673,0.01205,0.007975,0.04185,0.01726,0.0369,0.009389,0.01315,0.02424,0.3947,0.3958,
1.487,0.2241,0.04739,0.01202,0.007967,0.04188,0.01727,0.03687,0.009225,0.01336,0.02477,0.3944,0.3948,
1.485,0.2536,0.04608,0.01213,0.007981,0.04197,0.0178,0.0363,0.009266,0.01333,0.02467,0.3945,0.396,
1.488,0.242,0.04721,0.01214,0.007994,0.04182,0.01796,0.03618,0.009234,0.01337,0.02491,0.3945,0.3947,
1.487,0.2425,0.04626,0.01219,0.007995,0.04187,0.01822,0.036,0.009195,0.01373,0.02451,0.3946,0.3955,
1.492,0.2236,0.0471,0.01212,0.007959,0.04183,0.01843,0.03586,0.009176,0.01357,0.02606,0.394,0.3939,
1.492,0.2245,0.04709,0.0121,0.007973,0.04189,0.01839,0.03579,0.009253,0.01368,0.02599,0.3939,0.3939,
1.491,0.2286,0.04646,0.0121,0.007988,0.04197,0.01879,0.03551,0.009535,0.0133,0.02593,0.394,0.3944,
1.488,0.2308,0.0448,0.01206,0.008032,0.0421,0.01876,0.03548,0.009635,0.01324,0.02582,0.3941,0.396,
1.487,0.2364,0.04409,0.01208,0.008063,0.04203,0.01901,0.0353,0.009599,0.01339,0.02568,0.3942,0.3966,
1.484,0.2405,0.04274,0.0121,0.008054,0.04226,0.01914,0.03501,0.009696,0.01363,0.0252,0.3944,0.3978,
1.481,0.2458,0.04147,0.01208,0.008052,0.04213,0.01966,0.03461,0.009671,0.01412,0.02459,0.3946,0.399,
1.491,0.2426,0.04591,0.01219,0.008061,0.04191,0.01979,0.03444,0.009593,0.01422,0.0246,0.3947,0.3946,
1.488,0.2393,0.04501,0.01218,0.008072,0.04188,0.02007,0.03425,0.009622,0.01417,0.02438,0.3948,0.3956,
1.485,0.2415,0.04399,0.01212,0.008099,0.04189,0.02038,0.03381,0.009543,0.01436,0.02411,0.3948,0.3969,
1.485,0.2456,0.04355,0.01221,0.008115,0.04204,0.02059,0.03364,0.009512,0.01432,0.02396,0.395,0.3971,
1.483,0.2406,0.04286,0.01213,0.008095,0.0419,0.0207,0.03349,0.009554,0.01444,0.02377,0.3951,0.398,
1.478,0.2494,0.04202,0.01213,0.008136,0.04166,0.021,0.03458,0.008077,0.01462,0.0236,0.3951,0.3991,
1.475,0.2521,0.04097,0.01204,0.008138,0.04164,0.02116,0.03447,0.008038,0.0147,0.02344,0.3953,0.4002,
1.487,0.2521,0.04527,0.01211,0.008158,0.04159,0.0215,0.03414,0.008065,0.01466,0.0241,0.3951,0.3953,
1.487,0.2436,0.04489,0.01213,0.008167,0.0417,0.02182,0.03387,0.008106,0.01481,0.02378,0.3951,0.3956,
1.486,0.2514,0.04455,0.01211,0.00815,0.0418,0.02202,0.03359,0.008147,0.01557,0.02286,0.3951,0.3961,
1.485,0.2511,0.04405,0.01217,0.008171,0.04171,0.02214,0.03346,0.00799,0.01641,0.02202,0.3952,0.3967,
1.481,0.2432,0.04277,0.01201,0.008172,0.04189,0.02245,0.033,0.00794,0.01645,0.02195,0.3952,0.3981,
1.479,0.2463,0.04207,0.01203,0.008176,0.04187,0.02256,0.0328,0.007845,0.01657,0.02183,0.3953,0.399,
1.478,0.2488,0.04169,0.01207,0.00818,0.04197,0.02299,0.03231,0.007756,0.01669,0.02171,0.3953,0.3993,
1.489,0.2451,0.04562,0.01202,0.008196,0.04204,0.02335,0.03193,0.007722,0.01668,0.02234,0.3951,0.395,
1.488,0.2489,0.04518,0.01198,0.008213,0.04198,0.02476,0.03047,0.007674,0.01668,0.02259,0.3951,0.3954,
1.487,0.2488,0.04416,0.01216,0.00823,0.04207,0.02502,0.03019,0.007711,0.01671,0.02238,0.3951,0.3962,
1.489,0.257,0.04433,0.01213,0.008247,0.04216,0.02535,0.02978,0.00765,0.01688,0.02275,0.395,0.3958,
1.487,0.2564,0.04378,0.01226,0.008252,0.04209,0.02544,0.02949,0.007637,0.01705,0.02251,0.395,0.3965,
1.491,0.256,0.04513,0.01228,0.008265,0.04205,0.02556,0.02932,0.007637,0.0176,0.02219,0.395,0.395,
1.492,0.2554,0.04524,0.01222,0.008292,0.04201,0.02575,0.0291,0.007657,0.01802,0.02208,0.3949,0.3947,
1.492,0.2541,0.04536,0.01223,0.008299,0.04202,0.02566,0.02874,0.007615,0.0185,0.02204,0.3948,0.3948,
1.489,0.2583,0.04442,0.01224,0.008314,0.04199,0.02571,0.02858,0.00756,0.01849,0.02199,0.3948,0.3959,
1.481,0.2578,0.04217,0.01174,0.008303,0.04156,0.02588,0.02819,0.007522,0.01878,0.02167,0.3949,0.3993,
1.478,0.2613,0.04125,0.01176,0.00832,0.04152,0.02602,0.02795,0.007453,0.01887,0.02159,0.395,0.4003,
1.49,0.2559,0.04694,0.01165,0.008293,0.04151,0.02621,0.0277,0.007412,0.01951,0.02112,0.395,0.3947,
1.487,0.2604,0.04569,0.01162,0.008301,0.04194,0.02601,0.02735,0.007346,0.01966,0.02095,0.395,0.3961,
1.484,0.2635,0.04452,0.0117,0.008317,0.04183,0.02587,0.02728,0.007347,0.02012,0.0205,0.3951,0.3974,
1.481,0.2564,0.0436,0.01175,0.008324,0.04149,0.02587,0.02724,0.007382,0.02006,0.02036,0.3952,0.3987,
1.48,0.2547,0.04305,0.01179,0.008325,0.04188,0.02599,0.02702,0.007333,0.02015,0.02024,0.3953,0.3989,
1.48,0.2582,0.0426,0.01177,0.008323,0.04183,0.02598,0.02675,0.009671,0.01776,0.02025,0.3953,0.3997,
1.492,0.2444,0.04637,0.01182,0.008312,0.04178,0.02625,0.02646,0.009619,0.0181,0.02129,0.3948,0.3952,
1.492,0.2485,0.04611,0.01186,0.008314,0.04189,0.02643,0.02619,0.009811,0.01791,0.02131,0.3949,0.3953,
1.493,0.2472,0.04682,0.01187,0.008344,0.04188,0.02623,0.02588,0.009842,0.01815,0.02117,0.3949,0.3949,
1.49,0.2581,0.04584,0.01188,0.008357,0.04184,0.02606,0.02594,0.009722,0.01913,0.02012,0.395,0.3961,
1.491,0.2553,0.04611,0.01186,0.008372,0.04191,0.02699,0.02498,0.009628,0.01909,0.02057,0.3949,0.3956,
1.489,0.2485,0.04579,0.01184,0.00823,0.04175,0.02706,0.02469,0.009525,0.01917,0.02085,0.3949,0.3962,
1.488,0.2548,0.0454,0.01185,0.008245,0.04182,0.02709,0.02436,0.009517,0.01945,0.02044,0.3949,0.3969,
1.492,0.2407,0.04752,0.01186,0.008256,0.04186,0.02712,0.02413,0.009516,0.01941,0.02057,0.3949,0.3948,
1.492,0.2413,0.04741,0.01183,0.008271,0.04186,0.02723,0.02399,0.009669,0.01923,0.02081,0.3949,0.3948,
1.49,0.2401,0.04677,0.01181,0.008264,0.04168,0.02745,0.02388,0.009571,0.01927,0.02074,0.395,0.3956,
1.494,0.2373,0.04778,0.01157,0.008157,0.04156,0.02763,0.02354,0.00964,0.01938,0.02165,0.3946,0.3945,
1.491,0.2449,0.04745,0.01161,0.008162,0.04149,0.02705,0.02344,0.009601,0.01942,0.02161,0.3947,0.3955,
1.488,0.2379,0.04618,0.01161,0.008137,0.04136,0.02692,0.02336,0.009662,0.01946,0.02153,0.3948,0.397,
1.492,0.2361,0.0486,0.01163,0.008144,0.04122,0.02666,0.0233,0.00971,0.0195,0.02168,0.3948,0.3948,
1.487,0.2258,0.04663,0.01163,0.007973,0.04088,0.02667,0.0232,0.00973,0.01971,0.02158,0.3949,0.3971,
1.485,0.2323,0.04589,0.01168,0.00797,0.04105,0.02667,0.02308,0.009731,0.01989,0.0214,0.3949,0.3977,
1.481,0.2286,0.04397,0.01183,0.007992,0.04099,0.02663,0.02303,0.009772,0.01993,0.02125,0.395,0.3996,
1.493,0.2266,0.04901,0.01191,0.007981,0.04093,0.02648,0.02293,0.009768,0.0202,0.02157,0.3948,0.3944,
1.492,0.2202,0.04776,0.01191,0.007971,0.04065,0.02633,0.02296,0.009849,0.02024,0.02237,0.3945,0.3955,
1.493,0.2299,0.04724,0.01189,0.007973,0.04078,0.02624,0.02296,0.009754,0.02023,0.02302,0.3942,0.3957,
1.49,0.2372,0.04662,0.01194,0.007985,0.04072,0.02607,0.0228,0.009797,0.02028,0.02279,0.3944,0.3966,
1.489,0.2312,0.04632,0.01193,0.007989,0.04069,0.02584,0.02284,0.009747,0.02078,0.02229,0.3944,0.3972,
1.483,0.2304,0.04446,0.01189,0.008003,0.04071,0.02554,0.02282,0.009782,0.02072,0.02209,0.3945,0.3995,
1.481,0.2374,0.04404,0.01185,0.008011,0.04071,0.02545,0.02287,0.009666,0.02082,0.02188,0.3946,0.4001,
1.479,0.2399,0.04345,0.01186,0.008012,0.04081,0.02521,0.0229,0.009556,0.02103,0.02151,0.3947,0.401,
1.477,0.2436,0.04311,0.01189,0.008032,0.04065,0.02509,0.02298,0.009376,0.02104,0.02151,0.3948,0.4015,
1.476,0.2728,0.04184,0.01192,0.008046,0.04061,0.02503,0.02297,0.01718,0.01345,0.02122,0.3948,0.4029,
1.473,0.2557,0.04079,0.01186,0.008047,0.04071,0.02494,0.02305,0.01708,0.01352,0.021,0.395,0.404,
1.468,0.2744,0.0392,0.01195,0.007927,0.04072,0.02668,0.02109,0.01715,0.01388,0.02054,0.395,0.4059,
1.494,0.2615,0.04983,0.01195,0.007928,0.04078,0.02657,0.02106,0.01706,0.01394,0.02125,0.3947,0.395,
1.496,0.2533,0.0503,0.01201,0.007945,0.04084,0.02633,0.02094,0.01714,0.01407,0.02156,0.3945,0.3943,
1.493,0.2266,0.04949,0.01199,0.007947,0.04076,0.02634,0.0209,0.01718,0.01416,0.0214,0.3946,0.3952,
1.491,0.2391,0.04823,0.01201,0.007963,0.04084,0.02633,0.02089,0.01712,0.01427,0.02123,0.3946,0.3965,
1.487,0.2347,0.0471,0.01199,0.007955,0.04094,0.0261,0.02081,0.01722,0.01432,0.02098,0.3947,0.3979,
1.485,0.2406,0.04659,0.01202,0.007986,0.04091,0.0258,0.02083,0.01722,0.01426,0.02087,0.3948,0.3987,
1.494,0.2355,0.05039,0.01202,0.007985,0.04085,0.02564,0.02087,0.01717,0.01468,0.02091,0.3947,0.3948,
1.492,0.244,0.04984,0.01198,0.007984,0.04071,0.02544,0.02076,0.01717,0.01471,0.02109,0.3946,0.3957,
1.496,0.2351,0.0511,0.01199,0.00798,0.04065,0.02511,0.02073,0.01721,0.01471,0.02192,0.3943,0.3944,
1.494,0.2442,0.05008,0.01207,0.007991,0.04066,0.025,0.02064,0.01721,0.01506,0.02156,0.3943,0.3954,
1.497,0.2406,0.05104,0.01208,0.008005,0.04058,0.02492,0.02058,0.01719,0.01546,0.02149,0.3942,0.3945,
1.493,0.2284,0.04977,0.01207,0.00799,0.04064,0.02485,0.02052,0.0172,0.01565,0.02116,0.3943,0.3959,
1.496,0.2319,0.05105,0.01197,0.007981,0.04073,0.02464,0.02055,0.01716,0.01595,0.02107,0.3942,0.3947,
1.495,0.2322,0.05043,0.01196,0.007987,0.04095,0.02457,0.02052,0.01711,0.01645,0.02057,0.3943,0.3952,
1.493,0.2329,0.04975,0.01193,0.008005,0.04104,0.02458,0.02057,0.01701,0.0167,0.02032,0.3943,0.3958,
1.49,0.2392,0.04848,0.01194,0.008016,0.04113,0.02446,0.02049,0.01701,0.01688,0.02004,0.3944,0.3972,
1.488,0.2547,0.04758,0.01198,0.008014,0.04114,0.02436,0.02049,0.01708,0.01696,0.01989,0.3944,0.3981,
1.485,0.2399,0.04626,0.012,0.008019,0.04122,0.02426,0.02053,0.01708,0.01689,0.01981,0.3945,0.3994,
1.482,0.232,0.04506,0.01193,0.008031,0.04131,0.02406,0.02061,0.01699,0.01727,0.01934,0.3946,0.4008,
1.496,0.2226,0.05125,0.01195,0.008036,0.04131,0.02396,0.02066,0.01687,0.01815,0.01905,0.3944,0.3943,
1.491,0.2247,0.04964,0.01202,0.008046,0.04139,0.02342,0.02065,0.01684,0.01823,0.01887,0.3945,0.3964,
1.49,0.2256,0.04912,0.01202,0.008056,0.04135,0.0234,0.02059,0.01688,0.01827,0.01879,0.3946,0.397,
1.485,0.228,0.04662,0.01222,0.008039,0.04124,0.02327,0.02069,0.01797,0.01715,0.01872,0.3946,0.3995,
1.481,0.244,0.04545,0.01225,0.008055,0.04116,0.0231,0.02061,0.01798,0.01738,0.01841,0.3947,0.4009,
1.495,0.2213,0.05116,0.01224,0.008081,0.04128,0.02297,0.0206,0.01793,0.01739,0.019,0.3945,0.3948,
1.493,0.2359,0.05016,0.01221,0.008105,0.04154,0.02301,0.0206,0.01795,0.01748,0.01886,0.3946,0.3955,
1.492,0.2259,0.04983,0.01229,0.008111,0.04154,0.02346,0.01993,0.01798,0.01745,0.01878,0.3946,0.396,
1.491,0.2356,0.0496,0.01226,0.008108,0.04148,0.02333,0.0199,0.01805,0.01747,0.01866,0.3947,0.3965,
1.489,0.2395,0.04883,0.01228,0.008129,0.04159,0.02336,0.01988,0.01815,0.01741,0.01847,0.3948,0.3971,
1.489,0.2395,0.04873,0.01231,0.008137,0.04158,0.02332,0.01996,0.01803,0.01737,0.01848,0.3948,0.3973,
1.497,0.2369,0.0511,0.01234,0.008138,0.04142,0.02321,0.01995,0.01804,0.0174,0.01959,0.3944,0.3944,
1.493,0.2452,0.04933,0.01231,0.008152,0.04203,0.02297,0.01995,0.01822,0.01718,0.01959,0.3945,0.3958,
1.501,0.2487,0.05037,0.01223,0.008145,0.04196,0.02296,0.01987,0.01818,0.01726,0.02173,0.3936,0.3937,
1.498,0.2398,0.04876,0.01225,0.008155,0.04191,0.02285,0.01992,0.01813,0.0179,0.0211,0.3937,0.3953,
1.503,0.2325,0.05034,0.01233,0.008156,0.04177,0.02292,0.0197,0.0182,0.01804,0.02162,0.3935,0.3934,
1.5,0.2327,0.0497,0.01229,0.008171,0.04169,0.02286,0.01959,0.01821,0.01847,0.021,0.3937,0.3943,
1.504,0.2373,0.05013,0.01229,0.008161,0.04173,0.0227,0.01965,0.01806,0.01895,0.02186,0.3931,0.3933,
1.502,0.2309,0.04955,0.01234,0.008165,0.04171,0.02267,0.01962,0.01795,0.01906,0.02161,0.3933,0.394,
1.499,0.2306,0.04827,0.01223,0.008162,0.04167,0.02262,0.01952,0.01799,0.01908,0.02158,0.3934,0.3955,
1.507,0.2246,0.05024,0.01225,0.008157,0.04194,0.0224,0.01949,0.01797,0.01932,0.0227,0.3929,0.3926,
1.506,0.2308,0.04964,0.01221,0.008167,0.04205,0.0225,0.01937,0.01807,0.01945,0.02247,0.393,0.3931,
1.505,0.2353,0.0493,0.01218,0.008179,0.04197,0.02235,0.01931,0.01812,0.01947,0.02272,0.393,0.3934,
1.505,0.2456,0.04928,0.01208,0.008197,0.04195,0.02198,0.01936,0.01804,0.01965,0.02304,0.3928,0.3936,
1.502,0.2287,0.0479,0.01213,0.008209,0.04195,0.02189,0.01936,0.01818,0.0198,0.02277,0.3929,0.3949,
1.5,0.2382,0.04671,0.01219,0.008217,0.04197,0.02181,0.01932,0.01828,0.02042,0.02205,0.393,0.396,
1.506,0.2313,0.04914,0.0122,0.008229,0.0421,0.02191,0.01927,0.01821,0.02042,0.02253,0.3929,0.3931,
1.509,0.231,0.04891,0.01234,0.008236,0.04223,0.02175,0.01942,0.01807,0.02036,0.02338,0.3926,0.3927,
1.509,0.2313,0.04869,0.01236,0.008231,0.04235,0.02183,0.01938,0.01802,0.02046,0.02356,0.3925,0.3926,
1.506,0.236,0.04744,0.01234,0.008251,0.04233,0.02176,0.01946,0.01801,0.02045,0.0234,0.3926,0.3939,
1.503,0.2567,0.04636,0.01232,0.008241,0.04234,0.02182,0.01935,0.01798,0.02046,0.02326,0.3927,0.3952,
1.511,0.2413,0.04874,0.01248,0.008236,0.04248,0.02159,0.01932,0.0178,0.02047,0.02451,0.3923,0.3921,
1.51,0.2521,0.04828,0.01267,0.008246,0.0424,0.02139,0.02041,0.01672,0.02072,0.02424,0.3923,0.3926,
1.506,0.2482,0.04648,0.01272,0.008225,0.04235,0.02132,0.02042,0.01672,0.0207,0.02425,0.3924,0.3944,
1.503,0.2423,0.0455,0.01266,0.008235,0.04233,0.02136,0.02045,0.0166,0.0207,0.02425,0.3924,0.3955,
1.5,0.2421,0.04454,0.01274,0.008225,0.04224,0.02121,0.02041,0.01652,0.02103,0.02383,0.3925,0.3967,
1.499,0.2428,0.04412,0.01276,0.008126,0.04217,0.02126,0.02037,0.01881,0.01895,0.02351,0.3926,0.3973,
1.497,0.2396,0.04331,0.01273,0.008135,0.04233,0.02125,0.02033,0.01874,0.01902,0.02344,0.3927,0.398,
1.496,0.2411,0.04281,0.01271,0.008156,0.04229,0.02134,0.02024,0.01874,0.0191,0.02336,0.3927,0.3985,
1.495,0.2533,0.04248,0.01275,0.008169,0.04235,0.02132,0.02018,0.01868,0.01926,0.02307,0.3928,0.399,
1.511,0.2494,0.04902,0.01267,0.008159,0.04229,0.02126,0.02019,0.01861,0.01927,0.02419,0.3923,0.392,
1.512,0.247,0.0489,0.01264,0.008164,0.04219,0.02145,0.02004,0.0186,0.01931,0.02454,0.3922,0.3919,
1.509,0.2545,0.04822,0.01254,0.008188,0.04211,0.02129,0.01992,0.01858,0.01955,0.02428,0.3923,0.393,
1.508,0.2561,0.0479,0.01255,0.008206,0.042,0.02134,0.02008,0.02079,0.01736,0.02396,0.3924,0.3934,
1.509,0.2441,0.04849,0.01249,0.008195,0.0416,0.02136,0.02021,0.02068,0.01742,0.02419,0.3924,0.3929,
1.51,0.2441,0.04876,0.01257,0.008194,0.04156,0.0212,0.0202,0.02069,0.01737,0.02434,0.3924,0.3927,
1.513,0.2428,0.04941,0.01253,0.008191,0.04165,0.02115,0.02016,0.02055,0.01752,0.02519,0.392,0.3916,
1.511,0.242,0.04848,0.01257,0.008205,0.04158,0.02122,0.02017,0.02053,0.01746,0.02528,0.3921,0.3925,
1.512,0.2313,0.04834,0.01255,0.008201,0.04154,0.02128,0.02017,0.02044,0.01742,0.02565,0.392,0.3925,
1.513,0.2341,0.04876,0.01252,0.008203,0.04147,0.02128,0.02013,0.02044,0.01762,0.02578,0.3919,0.3919,
1.51,0.24,0.04698,0.01253,0.008207,0.04146,0.02134,0.01998,0.02042,0.01768,0.02614,0.3918,0.3935,
1.515,0.2308,0.04876,0.01254,0.008223,0.04134,0.02151,0.01984,0.02032,0.0179,0.02642,0.3916,0.3915,
1.513,0.2319,0.04792,0.01258,0.008225,0.04129,0.02194,0.01931,0.02037,0.01786,0.02619,0.3918,0.3925,
1.517,0.2292,0.04847,0.01251,0.008223,0.04106,0.02209,0.0192,0.0203,0.01867,0.02682,0.3912,0.3914,
1.516,0.2329,0.04809,0.01251,0.008238,0.0411,0.02217,0.01932,0.02018,0.01861,0.02675,0.3913,0.3917,
1.516,0.2383,0.04752,0.01249,0.00822,0.04155,0.02219,0.01947,0.0199,0.01869,0.02698,0.3912,0.3918,
1.52,0.2278,0.04815,0.0125,0.008222,0.04147,0.02233,0.01933,0.01992,0.01879,0.02772,0.3908,0.3907,
1.522,0.2351,0.04795,0.01248,0.00822,0.04144,0.02238,0.0194,0.01978,0.01873,0.02888,0.3904,0.3903,
1.524,0.2567,0.04765,0.01256,0.008214,0.04148,0.02241,0.01938,0.01972,0.01882,0.0295,0.3902,0.3901,
1.521,0.2435,0.04645,0.0128,0.008215,0.04145,0.02241,0.01928,0.01978,0.01894,0.02921,0.3902,0.3912,
1.52,0.2495,0.04586,0.01278,0.008228,0.04139,0.02249,0.01921,0.01983,0.01892,0.02906,0.3903,0.3919,
1.517,0.2564,0.04498,0.01283,0.008242,0.04118,0.0225,0.01918,0.01971,0.01906,0.0289,0.3905,0.3929,
1.515,0.2399,0.04377,0.01309,0.008263,0.0414,0.02244,0.01916,0.01979,0.01921,0.0285,0.3906,0.3938,
1.521,0.2324,0.04645,0.01304,0.00829,0.0414,0.02256,0.01904,0.01974,0.01934,0.02839,0.3907,0.3911,
1.523,0.2326,0.04667,0.01317,0.008286,0.04132,0.02267,0.01897,0.0197,0.01951,0.02889,0.3904,0.3904,
1.522,0.2546,0.04597,0.01318,0.008303,0.04137,0.02276,0.0189,0.01978,0.01973,0.02861,0.3906,0.3908,
1.52,0.2491,0.04496,0.01326,0.008311,0.04128,0.02288,0.01887,0.01987,0.01971,0.02819,0.3907,0.3919,
1.518,0.2441,0.04419,0.01325,0.008324,0.04129,0.02294,0.0187,0.01983,0.01995,0.02796,0.3908,0.3928,
1.515,0.2501,0.04361,0.01327,0.00832,0.04108,0.02293,0.01862,0.0231,0.01685,0.02766,0.3908,0.3937,
1.523,0.2541,0.04621,0.01326,0.008318,0.04113,0.02278,0.01868,0.02298,0.01687,0.02866,0.3904,0.3907,
1.527,0.2383,0.046,0.01327,0.008339,0.04147,0.02279,0.01875,0.0228,0.01685,0.03017,0.3899,0.3897,
1.526,0.2443,0.04535,0.01331,0.008347,0.04163,0.0229,0.01876,0.02268,0.01697,0.03006,0.3899,0.3901,
1.525,0.2435,0.0451,0.01327,0.008365,0.04176,0.02335,0.01835,0.0239,0.01575,0.03,0.39,0.3902,
1.526,0.2454,0.04501,0.01326,0.00836,0.04171,0.0233,0.01825,0.02395,0.01604,0.03016,0.3897,0.3902,
1.525,0.2454,0.04473,0.01334,0.008366,0.04174,0.0232,0.01822,0.02378,0.01612,0.03004,0.3898,0.3907,
1.528,0.2735,0.04532,0.01345,0.008361,0.04172,0.02344,0.01797,0.02381,0.01607,0.03063,0.3896,0.3896,
1.527,0.2546,0.04519,0.01349,0.008315,0.04159,0.02351,0.0179,0.02385,0.01639,0.03029,0.3897,0.3897,
1.528,0.2476,0.04509,0.01345,0.008301,0.04173,0.02358,0.01786,0.02387,0.0164,0.03067,0.3896,0.3895,
1.526,0.2486,0.04443,0.01336,0.008306,0.04176,0.02361,0.01779,0.0239,0.01669,0.03018,0.3897,0.3903,
