entropy,entropyInd,RabA,RabB,RabC,RabD,RabE,RabF,RabG,RabH,RabI,xER,xPM,
0.8684,0.4196,0.0113,0.008895,0.009409,0.01005,0.007531,0.004842,0.003547,0.005856,0.008246,0.1865,0.7438,
0.8676,0.4048,0.01126,0.008891,0.009364,0.01003,0.00746,0.004838,0.003542,0.005856,0.008246,0.1865,0.744,
0.867,0.4074,0.01126,0.008891,0.009325,0.01003,0.007358,0.004838,0.003542,0.005856,0.008246,0.1865,0.7441,
0.8676,0.4089,0.0113,0.008891,0.009325,0.01003,0.007304,0.004838,0.003542,0.005856,0.008472,0.1863,0.7441,
0.8678,0.41,0.01132,0.008877,0.009322,0.01002,0.007093,0.00483,0.003542,0.005855,0.008881,0.1859,0.7444,
0.8671,0.4095,0.01132,0.008877,0.009322,0.01002,0.006953,0.004817,0.003542,0.005855,0.008881,0.1859,0.7445,
0.8668,0.4085,0.01132,0.008877,0.009323,0.01001,0.006914,0.004817,0.003542,0.005855,0.008881,0.1859,0.7446,
0.8674,0.4085,0.01131,0.008868,0.009273,0.009981,0.006907,0.004812,0.003539,0.005849,0.008872,0.1867,0.7439,
0.8667,0.405,0.01131,0.008836,0.009273,0.009956,0.006802,0.004813,0.003538,0.00585,0.008872,0.1867,0.744,
0.8667,0.3908,0.01131,0.008836,0.009273,0.009956,0.006802,0.004813,0.003538,0.00585,0.008872,0.1867,0.744,
0.8657,0.3978,0.01129,0.008824,0.009269,0.009939,0.006622,0.004813,0.003538,0.00585,0.008872,0.1867,0.7442,
0.8653,0.3932,0.01129,0.008823,0.009269,0.009932,0.006548,0.004813,0.003538,0.00585,0.008872,0.1867,0.7443,
0.8649,0.4017,0.01128,0.008818,0.009265,0.009917,0.006503,0.004813,0.003538,0.005849,0.008872,0.1867,0.7444,
0.8656,0.3948,0.01138,0.008812,0.009193,0.009905,0.006425,0.004812,0.003537,0.005848,0.009107,0.1867,0.7443,
0.8667,0.3894,0.01144,0.008795,0.009147,0.009891,0.00636,0.004808,0.003533,0.005848,0.009634,0.1862,0.7444,
0.8665,0.3916,0.01143,0.00879,0.009142,0.009872,0.006236,0.004806,0.003531,0.005845,0.009629,0.1866,0.7441,
0.8677,0.3706,0.01154,0.008791,0.009143,0.009827,0.006203,0.004797,0.003526,0.005845,0.01004,0.1862,0.7441,
0.867,0.369,0.01154,0.00879,0.00909,0.009802,0.006125,0.004798,0.003526,0.005845,0.01004,0.1862,0.7442,
0.8685,0.3652,0.01177,0.008789,0.00909,0.009772,0.006125,0.004798,0.003526,0.005845,0.01025,0.186,0.744,
0.8681,0.3748,0.01176,0.008783,0.00909,0.009683,0.006126,0.004798,0.003526,0.005846,0.01025,0.186,0.7441,
0.8682,0.3603,0.01175,0.00877,0.009036,0.009644,0.006121,0.004795,0.003524,0.005842,0.01025,0.1865,0.7437,
0.869,0.3587,0.01184,0.00877,0.009036,0.00963,0.006034,0.004791,0.003519,0.005842,0.01058,0.1862,0.7437,
0.8688,0.3628,0.01181,0.008767,0.009032,0.009587,0.005989,0.004789,0.003518,0.00584,0.01058,0.1865,0.7436,
0.8704,0.3564,0.01211,0.008767,0.009032,0.009556,0.005951,0.004786,0.003514,0.00584,0.01084,0.1863,0.7433,
0.8718,0.3552,0.01213,0.008758,0.009021,0.009542,0.0058,0.00477,0.003502,0.005836,0.01135,0.1864,0.7429,
0.8713,0.3564,0.01213,0.008756,0.009021,0.00948,0.005761,0.00477,0.003501,0.005836,0.01135,0.1864,0.743,
0.8712,0.3573,0.01212,0.008755,0.009021,0.009459,0.005761,0.00477,0.003501,0.005836,0.01135,0.1864,0.743,
0.8709,0.3618,0.01211,0.008753,0.009021,0.009413,0.005762,0.00477,0.003501,0.005836,0.01135,0.1864,0.7431,
0.8709,0.3612,0.0121,0.008753,0.009021,0.009408,0.005762,0.00477,0.003501,0.005836,0.01135,0.1864,0.7431,
0.8697,0.3589,0.01215,0.008725,0.009014,0.009397,0.005523,0.004751,0.0035,0.005824,0.01138,0.1864,0.7433,
0.8692,0.3651,0.01215,0.008705,0.008994,0.009397,0.005462,0.004751,0.0035,0.005824,0.01138,0.1864,0.7434,
0.869,0.3676,0.0121,0.008705,0.009005,0.009366,0.005477,0.00475,0.0035,0.005805,0.01138,0.1864,0.7435,
0.8691,0.3652,0.0121,0.008693,0.009022,0.009366,0.005479,0.00473,0.003608,0.006052,0.01103,0.1864,0.7435,
0.8691,0.3558,0.01207,0.008704,0.009024,0.009352,0.005488,0.004781,0.003546,0.006216,0.01086,0.1864,0.7435,
0.8681,0.3552,0.01203,0.008725,0.008991,0.009271,0.005446,0.004733,0.003539,0.006298,0.01077,0.1864,0.7438,
0.8674,0.3749,0.01194,0.008746,0.008998,0.009232,0.005446,0.004746,0.003558,0.006432,0.01049,0.1865,0.7439,
0.8685,0.3933,0.01203,0.008744,0.009004,0.009217,0.005368,0.004718,0.005158,0.005425,0.01006,0.1864,0.7439,
0.8684,0.3946,0.01196,0.008755,0.009011,0.009234,0.005419,0.004682,0.005118,0.005468,0.01002,0.1865,0.7439,
0.8683,0.3958,0.01193,0.008766,0.009023,0.009205,0.005437,0.004663,0.005164,0.005504,0.009934,0.1865,0.7439,
0.8673,0.402,0.01178,0.008768,0.008864,0.009261,0.005438,0.004681,0.005145,0.005669,0.00977,0.1865,0.7441,
0.8682,0.374,0.01176,0.008773,0.008871,0.009355,0.00543,0.004689,0.005107,0.006075,0.009554,0.1863,0.7441,
0.8681,0.3883,0.01175,0.008765,0.008879,0.009326,0.005393,0.00467,0.005106,0.006314,0.009313,0.1865,0.744,
0.8681,0.3908,0.01173,0.00876,0.008884,0.009326,0.005393,0.00467,0.005106,0.006369,0.009258,0.1865,0.744,
0.8678,0.3901,0.01177,0.008765,0.008897,0.009291,0.007049,0.003015,0.005106,0.006732,0.008997,0.1864,0.744,
0.8674,0.3692,0.01164,0.008773,0.008908,0.009379,0.007032,0.002988,0.005078,0.006732,0.008997,0.1864,0.7441,
0.8675,0.3711,0.01153,0.008775,0.008918,0.009466,0.007031,0.00301,0.005055,0.006892,0.008836,0.1865,0.744,
0.8671,0.387,0.0114,0.008778,0.008927,0.009548,0.007009,0.002976,0.005055,0.007019,0.008709,0.1865,0.7441,
0.8671,0.3744,0.01137,0.008764,0.008936,0.009548,0.007009,0.002994,0.005037,0.007165,0.008563,0.1865,0.7441,
0.8675,0.3742,0.01141,0.008781,0.008943,0.009537,0.006972,0.002955,0.00503,0.00736,0.008532,0.1864,0.7441,
0.8669,0.3765,0.01126,0.00878,0.008945,0.009629,0.006868,0.002973,0.005011,0.007444,0.008446,0.1865,0.7442,
0.8665,0.3744,0.01122,0.008785,0.008955,0.009575,0.006869,0.002949,0.005011,0.007698,0.008193,0.1865,0.7443,
0.866,0.3803,0.01108,0.0088,0.008932,0.009684,0.006866,0.002929,0.005051,0.007709,0.008072,0.1866,0.7443,
0.8683,0.3756,0.01116,0.008791,0.008944,0.009671,0.006848,0.002926,0.005071,0.007865,0.008571,0.1859,0.7443,
0.8696,0.3924,0.01115,0.008803,0.008949,0.00968,0.006806,0.002926,0.005071,0.007988,0.008906,0.1854,0.7443,
0.8685,0.3899,0.01112,0.008835,0.008952,0.009653,0.006612,0.002926,0.005102,0.008201,0.008608,0.1855,0.7445,
0.8682,0.3976,0.01109,0.008841,0.008967,0.009643,0.006588,0.002908,0.005102,0.008407,0.008402,0.1855,0.7446,
0.8679,0.3848,0.01107,0.00883,0.008974,0.009627,0.006565,0.002909,0.005146,0.008513,0.008254,0.1855,0.7446,
0.8686,0.3794,0.01107,0.008841,0.00897,0.009617,0.006546,0.002879,0.005155,0.008663,0.008032,0.1864,0.7439,
0.8675,0.3854,0.01107,0.008825,0.008861,0.009613,0.006457,0.00286,0.005155,0.008766,0.00793,0.1864,0.7441,
0.8668,0.4121,0.01105,0.008826,0.008863,0.009592,0.006343,0.002896,0.005115,0.009116,0.00758,0.1864,0.7442,
0.8658,0.436,0.01094,0.008829,0.008866,0.009682,0.006298,0.00591,0.002081,0.0092,0.007496,0.1864,0.7443,
0.8663,0.4114,0.01099,0.008832,0.008871,0.009682,0.006255,0.005878,0.002111,0.009318,0.007546,0.1862,0.7443,
0.866,0.3939,0.01096,0.008844,0.008882,0.009671,0.006236,0.00585,0.002111,0.009448,0.007416,0.1862,0.7444,
0.8661,0.4049,0.01094,0.008855,0.008892,0.009669,0.006254,0.005849,0.002092,0.009571,0.00729,0.1863,0.7443,
0.8692,0.3772,0.01116,0.008863,0.008901,0.009656,0.006175,0.005834,0.002092,0.009719,0.00798,0.1855,0.7441,
0.8689,0.3676,0.01105,0.008883,0.008904,0.009734,0.00614,0.005819,0.002092,0.009774,0.007925,0.1855,0.7442,
0.8718,0.37,0.01122,0.008874,0.008905,0.009693,0.006108,0.005814,0.00209,0.009944,0.008272,0.1856,0.7434,
0.8732,0.367,0.01122,0.008878,0.008908,0.009689,0.00614,0.0058,0.002064,0.01005,0.008466,0.1858,0.743,
0.8722,0.3728,0.01114,0.0089,0.0089,0.009673,0.005995,0.0058,0.002064,0.01023,0.008285,0.1858,0.7432,
0.8707,0.3746,0.01084,0.008904,0.008852,0.009968,0.005752,0.005782,0.002064,0.01025,0.008267,0.1858,0.7435,
0.8716,0.3696,0.0109,0.0089,0.008863,0.009959,0.005767,0.005763,0.002064,0.01035,0.008396,0.1856,0.7435,
0.8709,0.3723,0.01084,0.008906,0.008865,0.009957,0.005686,0.005782,0.002081,0.01031,0.008358,0.1856,0.7436,
0.8708,0.3762,0.01073,0.008872,0.008862,0.009989,0.005672,0.005765,0.00208,0.01032,0.008335,0.186,0.7433,
0.8706,0.3777,0.01065,0.008887,0.008867,0.009993,0.005671,0.00579,0.00208,0.01053,0.008099,0.186,0.7434,
0.8701,0.381,0.01058,0.008889,0.008869,0.01002,0.005631,0.005753,0.002108,0.01058,0.008025,0.186,0.7435,
0.8698,0.383,0.01061,0.008891,0.008879,0.01002,0.006774,0.004528,0.002074,0.01058,0.00813,0.1859,0.7436,
0.8704,0.3752,0.01066,0.008904,0.008888,0.01001,0.006796,0.004524,0.002056,0.01062,0.00823,0.1858,0.7435,
0.8714,0.3755,0.01072,0.008915,0.008887,0.009955,0.00673,0.004521,0.002095,0.01065,0.008382,0.186,0.7432,
0.8713,0.3771,0.0106,0.00893,0.008889,0.01005,0.006745,0.004506,0.00211,0.01074,0.008237,0.186,0.7432,
0.8707,0.3746,0.0106,0.008928,0.008893,0.01004,0.006646,0.004518,0.002152,0.01087,0.00804,0.186,0.7433,
0.8704,0.3762,0.01053,0.008916,0.008893,0.01007,0.006624,0.004518,0.002183,0.01083,0.00804,0.186,0.7434,
0.8718,0.3836,0.01069,0.0089,0.008872,0.01004,0.006585,0.005264,0.001423,0.01088,0.008621,0.1854,0.7433,
0.8738,0.3795,0.01076,0.008888,0.008873,0.01002,0.006559,0.005254,0.001475,0.01095,0.008799,0.1858,0.7426,
0.8733,0.3842,0.01073,0.008899,0.008813,0.01,0.006556,0.005274,0.001455,0.01103,0.008719,0.1858,0.7427,
0.8684,0.39,0.01068,0.008906,0.008809,0.01,0.005629,0.005247,0.001474,0.01114,0.008552,0.1858,0.7437,
0.8712,0.3911,0.01081,0.008909,0.008823,0.009975,0.005626,0.005247,0.001474,0.01114,0.009298,0.1851,0.7436,
0.8713,0.3795,0.01078,0.008912,0.008823,0.009955,0.005581,0.005262,0.001479,0.01111,0.009237,0.1858,0.7431,
0.8712,0.3788,0.01066,0.008872,0.008857,0.01003,0.0056,0.005262,0.001502,0.0111,0.0092,0.1858,0.7431,
0.873,0.3951,0.01058,0.008862,0.008862,0.01003,0.0056,0.005262,0.00306,0.009993,0.008688,0.1859,0.7432,
0.873,0.3963,0.01057,0.008862,0.008873,0.01003,0.005577,0.005262,0.003113,0.009958,0.00867,0.1859,0.7432,
0.8727,0.3977,0.01055,0.008867,0.008879,0.01001,0.005577,0.005293,0.003102,0.0102,0.008409,0.1858,0.7433,
0.8723,0.4106,0.01055,0.008863,0.008883,0.01,0.005534,0.005326,0.003058,0.01038,0.008227,0.1858,0.7434,
0.8722,0.4067,0.01035,0.008883,0.008892,0.01013,0.005552,0.005307,0.003077,0.01046,0.00813,0.1858,0.7434,
0.8719,0.4075,0.0103,0.008886,0.008893,0.01014,0.005571,0.005288,0.003114,0.01063,0.007887,0.1858,0.7434,
0.8715,0.4085,0.01026,0.008888,0.008909,0.01014,0.005513,0.005304,0.00315,0.01065,0.007816,0.1858,0.7435,
0.8711,0.3928,0.01011,0.008893,0.008919,0.01023,0.005513,0.005332,0.003166,0.01091,0.00746,0.1859,0.7436,
0.8722,0.3936,0.01009,0.008895,0.008928,0.01027,0.005528,0.005317,0.003285,0.01093,0.007562,0.1857,0.7435,
0.8719,0.3996,0.01006,0.008889,0.008938,0.01024,0.005528,0.005354,0.003266,0.01099,0.007492,0.1857,0.7436,
0.8716,0.3979,0.009992,0.008875,0.00895,0.01025,0.005542,0.005354,0.003265,0.01107,0.007383,0.1857,0.7436,
0.8717,0.3959,0.01006,0.008858,0.008952,0.01022,0.005518,0.005293,0.003284,0.0112,0.007365,0.1856,0.7437,
0.8729,0.3953,0.01012,0.008853,0.008956,0.01021,0.005534,0.005272,0.003282,0.01138,0.007366,0.1858,0.7433,
0.8743,0.4154,0.01021,0.008857,0.008969,0.01017,0.007247,0.0036,0.003269,0.01139,0.00787,0.1852,0.7432,
0.8739,0.4015,0.01014,0.008864,0.008979,0.01022,0.007193,0.003596,0.003279,0.01169,0.007549,0.1852,0.7432,
0.8725,0.3945,0.01012,0.008874,0.008985,0.01022,0.008393,0.002396,0.003302,0.0117,0.007474,0.1852,0.7433,
0.8731,0.3946,0.01029,0.008879,0.00899,0.01021,0.008378,0.00234,0.003371,0.01168,0.007466,0.1852,0.7432,
0.8732,0.4079,0.01025,0.008898,0.008993,0.01029,0.008409,0.002286,0.003371,0.01187,0.007313,0.1852,0.7432,
0.873,0.406,0.01014,0.008902,0.008989,0.01033,0.008383,0.002266,0.0034,0.0121,0.006971,0.1857,0.7428,
0.8728,0.3943,0.01009,0.008909,0.008984,0.01033,0.008383,0.002242,0.00353,0.01201,0.006933,0.1858,0.7428,
0.8724,0.3993,0.01008,0.008922,0.008992,0.01031,0.008361,0.002254,0.003537,0.01201,0.006876,0.1857,0.7429,
0.872,0.4031,0.009956,0.008954,0.009003,0.01034,0.008357,0.002324,0.003463,0.01203,0.006797,0.1857,0.743,
0.8724,0.4039,0.009956,0.008977,0.008909,0.01033,0.00839,0.00229,0.003463,0.01207,0.007025,0.1855,0.7431,
0.8719,0.4058,0.009922,0.008973,0.00892,0.0103,0.008293,0.00228,0.003462,0.01225,0.00684,0.1857,0.7431,
0.8711,0.4096,0.009916,0.008972,0.008928,0.01027,0.008184,0.00228,0.003462,0.01251,0.006577,0.1857,0.7432,
0.8698,0.4062,0.009887,0.008963,0.008872,0.01024,0.008069,0.002243,0.003461,0.01256,0.006525,0.1857,0.7435,
0.8694,0.409,0.009846,0.008968,0.008881,0.01028,0.007905,0.002231,0.003464,0.01269,0.006533,0.1856,0.7436,
0.8702,0.4081,0.009927,0.008958,0.008839,0.01029,0.007923,0.002227,0.003482,0.01281,0.006597,0.1854,0.7436,
0.8693,0.4084,0.009936,0.00895,0.008846,0.01025,0.007728,0.002186,0.003509,0.01277,0.006693,0.1853,0.7439,
0.8691,0.4136,0.00991,0.008956,0.008839,0.01024,0.007725,0.002141,0.003563,0.01274,0.006595,0.1857,0.7436,
0.8707,0.4004,0.01005,0.008941,0.008849,0.01022,0.007683,0.002173,0.003598,0.01272,0.006814,0.1856,0.7433,
0.8738,0.3967,0.01035,0.008934,0.008851,0.01019,0.00764,0.002184,0.003619,0.01283,0.007371,0.1849,0.7431,
0.8745,0.3988,0.01043,0.008923,0.008849,0.01017,0.007617,0.002165,0.003656,0.01292,0.007441,0.1848,0.7431,
0.8754,0.3979,0.01046,0.008931,0.008857,0.01017,0.00756,0.002151,0.003706,0.013,0.007648,0.1844,0.7431,
0.8767,0.4077,0.01055,0.008908,0.008789,0.01015,0.007594,0.002117,0.003734,0.01295,0.007677,0.1854,0.7421,
0.8763,0.3939,0.01049,0.008952,0.008797,0.01013,0.007521,0.002117,0.003764,0.013,0.007603,0.1854,0.7422,
0.8783,0.3847,0.01074,0.008948,0.008805,0.01011,0.007537,0.002123,0.003798,0.01299,0.007863,0.1851,0.742,
0.8793,0.3896,0.01079,0.008962,0.008816,0.0101,0.007478,0.002163,0.003792,0.01298,0.008036,0.1851,0.7418,
0.8799,0.3802,0.01079,0.00897,0.008763,0.01009,0.007476,0.002162,0.003824,0.01298,0.008129,0.1853,0.7415,
0.8792,0.3852,0.0107,0.00894,0.008777,0.01013,0.007393,0.002172,0.003809,0.01303,0.00809,0.1853,0.7416,
0.8787,0.3857,0.01068,0.008947,0.008785,0.01008,0.007369,0.002154,0.003842,0.01318,0.007907,0.1853,0.7417,
0.8785,0.3878,0.01066,0.008956,0.008793,0.01007,0.00735,0.002167,0.003823,0.01328,0.007799,0.1853,0.7418,
0.8784,0.3906,0.01057,0.008964,0.008803,0.01014,0.007333,0.002174,0.00384,0.01324,0.007799,0.1853,0.7418,
0.8779,0.4037,0.01053,0.00895,0.008809,0.01018,0.007259,0.003572,0.002427,0.01324,0.007761,0.1854,0.7419,
0.8776,0.4033,0.01051,0.008956,0.008818,0.01017,0.007213,0.003593,0.002454,0.0133,0.007656,0.1854,0.742,
0.8773,0.4124,0.0105,0.008941,0.008824,0.01015,0.007182,0.003574,0.002585,0.01318,0.007599,0.1854,0.7421,
0.877,0.4322,0.01049,0.008945,0.008829,0.01016,0.007124,0.003566,0.002625,0.01338,0.00736,0.1854,0.7421,
0.8785,0.4386,0.01055,0.008944,0.008837,0.01016,0.007124,0.003567,0.002633,0.01344,0.0076,0.1853,0.7418,
0.8782,0.4288,0.0105,0.008951,0.008841,0.01017,0.007142,0.003575,0.002627,0.0135,0.007472,0.1854,0.7419,
0.8798,0.3966,0.01056,0.008958,0.00885,0.01017,0.007154,0.003563,0.002696,0.01347,0.007807,0.185,0.7418,
0.8816,0.3952,0.01064,0.008946,0.008815,0.01019,0.007151,0.003562,0.002735,0.01343,0.008183,0.1849,0.7415,
0.8837,0.3942,0.01066,0.008969,0.008825,0.01024,0.007151,0.003562,0.002735,0.0137,0.00847,0.1843,0.7414,
0.8834,0.3966,0.01065,0.008951,0.008813,0.01025,0.007194,0.003537,0.002732,0.01385,0.008308,0.1843,0.7414,
0.8839,0.3946,0.01044,0.008926,0.008763,0.0104,0.007202,0.003574,0.002749,0.0138,0.008264,0.1851,0.7408,
0.8837,0.3944,0.01044,0.008917,0.008775,0.01037,0.007227,0.00357,0.002728,0.01387,0.008188,0.1851,0.7408,
0.8845,0.4117,0.01057,0.008896,0.008777,0.01038,0.007242,0.003581,0.002698,0.01411,0.008081,0.185,0.7407,
0.8849,0.3929,0.01061,0.008883,0.008783,0.01038,0.007185,0.003592,0.002735,0.01406,0.008236,0.1848,0.7407,
0.8844,0.3966,0.01054,0.008849,0.00878,0.01035,0.007169,0.003621,0.002711,0.01428,0.007996,0.1851,0.7406,
0.8841,0.3952,0.01053,0.008849,0.008787,0.0103,0.00715,0.003615,0.002781,0.01431,0.007899,0.1851,0.7407,
0.8848,0.3947,0.01065,0.008842,0.00879,0.01027,0.007141,0.003665,0.002865,0.01421,0.007915,0.1851,0.7406,
0.8836,0.4069,0.01057,0.008866,0.008792,0.01031,0.006905,0.003681,0.002846,0.01425,0.007856,0.1851,0.7408,
0.8832,0.3939,0.01056,0.008868,0.00879,0.01029,0.006878,0.003709,0.002799,0.01441,0.007695,0.1851,0.7409,
0.8824,0.3951,0.01055,0.008863,0.008797,0.01027,0.006763,0.003711,0.002821,0.01445,0.007614,0.1851,0.741,
0.8813,0.3955,0.01054,0.008869,0.008714,0.01026,0.006761,0.003734,0.002756,0.01487,0.007178,0.1851,0.7412,
0.8824,0.3971,0.01061,0.008869,0.008717,0.01026,0.006749,0.003758,0.002739,0.01485,0.007432,0.1849,0.7412,
0.8821,0.3911,0.0106,0.008867,0.008723,0.01025,0.006741,0.003759,0.00272,0.01499,0.007237,0.1851,0.741,
0.8814,0.3998,0.01059,0.008862,0.00865,0.01025,0.006667,0.00382,0.002694,0.01498,0.007203,0.1851,0.7412,
0.8802,0.3994,0.01055,0.008865,0.008658,0.01025,0.006545,0.004095,0.002438,0.01508,0.007003,0.1852,0.7414,
0.8796,0.4025,0.01055,0.008868,0.008662,0.01022,0.006483,0.004127,0.002442,0.01525,0.006793,0.1851,0.7415,
0.8791,0.4114,0.0105,0.008884,0.008666,0.0102,0.006512,0.004049,0.002543,0.01525,0.006636,0.1852,0.7416,
0.8788,0.4035,0.01043,0.00889,0.008674,0.01022,0.006543,0.004082,0.002512,0.01545,0.006395,0.1852,0.7416,
0.8785,0.4052,0.01041,0.008864,0.008683,0.01021,0.006543,0.0041,0.002531,0.01549,0.006322,0.1852,0.7417,
0.8776,0.399,0.01039,0.008859,0.008688,0.01019,0.006428,0.004072,0.002568,0.01549,0.006289,0.1852,0.7419,
0.8783,0.4031,0.01056,0.008843,0.00865,0.01018,0.006306,0.004115,0.002514,0.01565,0.006336,0.1851,0.7417,
0.8782,0.4046,0.01023,0.008831,0.008657,0.01049,0.006305,0.004133,0.002523,0.01566,0.006293,0.1851,0.7417,
0.8775,0.4034,0.01023,0.008824,0.008666,0.01049,0.006211,0.004144,0.002508,0.01587,0.006087,0.1851,0.7418,
0.8786,0.3986,0.01032,0.008821,0.00868,0.01049,0.00611,0.00415,0.002496,0.0159,0.006419,0.1848,0.7419,
0.8779,0.4055,0.01027,0.008832,0.008689,0.01048,0.006086,0.004203,0.002503,0.01617,0.006039,0.1848,0.7419,
0.8773,0.4065,0.01025,0.008839,0.008692,0.01043,0.006086,0.004206,0.002507,0.01624,0.005884,0.1849,0.742,
0.8771,0.4092,0.01022,0.008856,0.008702,0.01042,0.006059,0.004187,0.002596,0.01618,0.005848,0.1849,0.7421,
0.8789,0.4104,0.01035,0.008847,0.008702,0.01039,0.006038,0.004231,0.002581,0.01614,0.00612,0.1851,0.7416,
0.8788,0.4077,0.01026,0.008843,0.008709,0.01042,0.006036,0.00427,0.002617,0.01606,0.00612,0.1851,0.7416,
0.878,0.4133,0.0101,0.008851,0.008678,0.01055,0.006056,0.00425,0.002617,0.01619,0.005877,0.1851,0.7417,
0.8794,0.4254,0.01023,0.008848,0.008677,0.01052,0.006056,0.004269,0.002616,0.01629,0.00608,0.1848,0.7416,
0.8788,0.4117,0.01022,0.008831,0.008642,0.01048,0.006075,0.004304,0.002595,0.01629,0.005999,0.1849,0.7417,
0.8807,0.407,0.01042,0.00884,0.008651,0.01045,0.006075,0.004337,0.002581,0.01627,0.006324,0.1846,0.7415,
0.8807,0.4231,0.01038,0.008842,0.008658,0.01043,0.006139,0.004653,0.002227,0.01643,0.006112,0.185,0.7411,
0.8802,0.4117,0.01026,0.008861,0.008666,0.0105,0.006185,0.004707,0.002109,0.01651,0.005978,0.1851,0.7411,
0.8804,0.4182,0.01033,0.00887,0.008673,0.01048,0.006161,0.004707,0.002127,0.01651,0.005985,0.1851,0.7411,
0.8819,0.4179,0.01027,0.008857,0.008679,0.01061,0.006181,0.004665,0.002127,0.01651,0.006352,0.1847,0.741,
0.8823,0.4146,0.01031,0.008863,0.008686,0.01064,0.006193,0.004671,0.002168,0.01647,0.006328,0.1847,0.741,
0.8818,0.4119,0.01028,0.008874,0.008699,0.01062,0.00621,0.00464,0.002164,0.01669,0.006103,0.1847,0.741,
0.8826,0.4253,0.01026,0.008869,0.008708,0.01067,0.006174,0.004664,0.002104,0.01671,0.006214,0.185,0.7406,
0.8824,0.4219,0.01026,0.00886,0.008722,0.01066,0.006175,0.004682,0.002162,0.01692,0.005935,0.185,0.7407,
0.8822,0.4218,0.01023,0.008879,0.008722,0.01063,0.006181,0.004676,0.002204,0.01687,0.005917,0.185,0.7407,
0.8836,0.4231,0.01039,0.008879,0.008728,0.01061,0.006082,0.004679,0.00224,0.01715,0.005924,0.1849,0.7404,
0.8832,0.4257,0.01034,0.008878,0.008741,0.01064,0.006096,0.004752,0.002182,0.0174,0.005645,0.1849,0.7404,
0.8845,0.423,0.01043,0.008881,0.008745,0.01064,0.006115,0.004762,0.002189,0.01758,0.00573,0.1846,0.7403,
0.8847,0.4217,0.01042,0.00887,0.008746,0.01062,0.006158,0.004755,0.002251,0.01756,0.005643,0.1849,0.7401,
0.8839,0.4208,0.01032,0.008876,0.008716,0.01069,0.006043,0.004786,0.00227,0.01755,0.005587,0.1849,0.7403,
0.8818,0.4463,0.0103,0.008889,0.008723,0.01069,0.008513,0.002313,0.002303,0.01752,0.00551,0.1849,0.7403,
0.8821,0.4124,0.01042,0.008896,0.008726,0.01064,0.008442,0.002419,0.002228,0.01755,0.005524,0.1848,0.7403,
0.882,0.4079,0.01044,0.008926,0.008729,0.01063,0.008377,0.00238,0.002284,0.01753,0.00554,0.1848,0.7404,
0.882,0.4087,0.01032,0.008927,0.008731,0.01071,0.008394,0.002363,0.002372,0.01748,0.005506,0.1848,0.7404,
0.8818,0.4054,0.01024,0.008922,0.008716,0.01075,0.008402,0.002353,0.002372,0.01753,0.00545,0.1849,0.7404,
0.8811,0.416,0.01023,0.008912,0.008718,0.01073,0.008318,0.002403,0.00236,0.01765,0.005291,0.1849,0.7405,
0.8827,0.4005,0.01032,0.008866,0.008732,0.01072,0.008333,0.002432,0.002334,0.01764,0.00569,0.1845,0.7404,
0.8827,0.4063,0.01038,0.00888,0.008743,0.01072,0.007994,0.002447,0.002353,0.01764,0.005969,0.1842,0.7407,
0.8817,0.4101,0.01037,0.008885,0.008745,0.01068,0.007886,0.002447,0.002352,0.01793,0.005678,0.1842,0.7408,
0.8807,0.4057,0.01034,0.008893,0.008743,0.01065,0.007532,0.002475,0.00243,0.01778,0.005674,0.1848,0.7407,
0.8802,0.4083,0.01033,0.008891,0.008753,0.01062,0.007469,0.002473,0.002422,0.01776,0.005674,0.1848,0.7408,
0.8813,0.4134,0.01031,0.008883,0.008762,0.01058,0.00745,0.002505,0.003256,0.01698,0.005588,0.1848,0.7409,
0.8827,0.4039,0.01045,0.008879,0.008775,0.01057,0.007285,0.002538,0.003249,0.01695,0.006032,0.1844,0.7409,
0.8826,0.424,0.01042,0.008885,0.008787,0.01056,0.007278,0.00254,0.003249,0.01693,0.006032,0.1844,0.7409,
0.8825,0.4232,0.0104,0.008905,0.008791,0.01056,0.007305,0.003424,0.002358,0.017,0.005949,0.1844,0.7409,
0.8846,0.4208,0.01063,0.008912,0.008794,0.01054,0.007171,0.003412,0.002358,0.01713,0.006407,0.1838,0.7409,
0.8854,0.4143,0.01057,0.008911,0.008786,0.01053,0.007179,0.003424,0.002402,0.01709,0.006343,0.1846,0.7401,
0.8867,0.4137,0.01071,0.008924,0.008796,0.01053,0.007191,0.003393,0.002427,0.0171,0.006526,0.1844,0.74,
0.8861,0.4165,0.01068,0.008917,0.00881,0.01053,0.007153,0.003375,0.0024,0.01715,0.006477,0.1844,0.7401,
0.8863,0.4155,0.01069,0.008887,0.008815,0.01054,0.007101,0.003385,0.002421,0.01716,0.006502,0.1845,0.74,
0.8874,0.4215,0.01071,0.008893,0.008821,0.01052,0.007096,0.003366,0.00246,0.01716,0.006799,0.1842,0.74,
0.8876,0.4198,0.01056,0.008888,0.008821,0.01061,0.007094,0.003429,0.002469,0.01712,0.006751,0.1845,0.7397,
0.8874,0.4088,0.0105,0.008894,0.0088,0.01061,0.007094,0.003429,0.002506,0.01708,0.006751,0.1846,0.7398,
0.8889,0.4125,0.0106,0.008891,0.008761,0.01061,0.007098,0.003422,0.002516,0.01716,0.007097,0.1841,0.7397,
0.8884,0.3958,0.01057,0.008877,0.00878,0.01056,0.007064,0.003401,0.002546,0.01712,0.007097,0.1841,0.7399,
0.8881,0.4071,0.01056,0.008878,0.008786,0.01056,0.007081,0.003456,0.002466,0.01724,0.006964,0.1841,0.7399,
0.888,0.4053,0.01048,0.008905,0.008754,0.01057,0.007055,0.003496,0.002442,0.01738,0.006795,0.1845,0.7396,
0.8886,0.4026,0.01045,0.008906,0.008761,0.01065,0.007073,0.003477,0.002442,0.01738,0.006874,0.1845,0.7395,
0.8885,0.3984,0.01042,0.008926,0.008766,0.01065,0.007082,0.003467,0.002512,0.01736,0.006761,0.1845,0.7395,
0.8906,0.4035,0.01053,0.008937,0.008778,0.01067,0.007029,0.003493,0.002516,0.01754,0.007127,0.184,0.7394,
0.8907,0.4034,0.01051,0.008932,0.008781,0.01066,0.006974,0.003476,0.002559,0.01758,0.007022,0.1844,0.7391,
0.8901,0.4017,0.01048,0.008933,0.008795,0.01065,0.006933,0.003441,0.002558,0.01764,0.006971,0.1844,0.7392,
0.8908,0.3969,0.01048,0.00894,0.008798,0.01059,0.006885,0.003424,0.002559,0.01764,0.007329,0.1841,0.7393,
0.8906,0.3979,0.01044,0.008949,0.008805,0.01059,0.006897,0.003413,0.002592,0.01781,0.007128,0.1841,0.7393,
0.8909,0.4044,0.01043,0.008942,0.008815,0.01057,0.00691,0.003454,0.002613,0.01777,0.007076,0.1844,0.7391,
0.8908,0.3996,0.01041,0.008946,0.008824,0.01056,0.006928,0.003481,0.002602,0.01782,0.006994,0.1844,0.7391,
0.8913,0.4001,0.01046,0.008936,0.008781,0.01054,0.00694,0.003488,0.002626,0.01778,0.007136,0.1842,0.7391,
0.8902,0.4007,0.01042,0.008933,0.00879,0.01047,0.006855,0.003505,0.002594,0.01786,0.007,0.1844,0.7392,
0.8917,0.4011,0.01049,0.008928,0.008798,0.01051,0.006825,0.003539,0.002554,0.01785,0.007383,0.184,0.7391,
0.8924,0.4037,0.01055,0.00891,0.008772,0.01054,0.006781,0.003571,0.002538,0.01782,0.007465,0.1843,0.7388,
0.8932,0.4109,0.01063,0.008894,0.008786,0.01052,0.00676,0.003566,0.002519,0.01786,0.007648,0.1841,0.7387,
0.8933,0.4109,0.01062,0.008897,0.008791,0.01052,0.006773,0.00355,0.002537,0.01788,0.007606,0.1842,0.7386,
0.894,0.407,0.01066,0.008887,0.008805,0.01058,0.006727,0.003594,0.002583,0.01808,0.00747,0.1841,0.7385,
0.8938,0.4117,0.01064,0.008884,0.00882,0.01056,0.00677,0.003591,0.002554,0.01815,0.007385,0.1841,0.7385,
0.8996,0.485,0.01063,0.008872,0.008829,0.01051,0.006743,0.00359,0.01216,0.008636,0.007271,0.1841,0.7386,
0.9003,0.4174,0.01065,0.008863,0.008852,0.01053,0.006724,0.003601,0.01213,0.008636,0.007481,0.1839,0.7386,
0.9001,0.4357,0.01062,0.008871,0.008854,0.01052,0.006706,0.00363,0.01209,0.008812,0.007304,0.1839,0.7387,
0.9,0.433,0.01061,0.008861,0.008871,0.01051,0.00676,0.003599,0.01207,0.008851,0.007266,0.1839,0.7387,
0.9,0.4271,0.0106,0.008849,0.008882,0.01049,0.00676,0.003665,0.012,0.0089,0.007217,0.1839,0.7387,
0.8995,0.4169,0.01063,0.00885,0.008893,0.01047,0.006494,0.003679,0.01205,0.008843,0.007425,0.1837,0.739,
0.9006,0.3974,0.01052,0.008841,0.008896,0.01058,0.006521,0.003646,0.01204,0.008945,0.007503,0.184,0.7385,
0.9003,0.3988,0.0105,0.008842,0.008863,0.01058,0.006556,0.00361,0.01204,0.009073,0.007376,0.184,0.7386,
0.9002,0.3981,0.01049,0.00885,0.008865,0.01056,0.006608,0.003592,0.01202,0.009091,0.00734,0.184,0.7386,
0.9012,0.3962,0.01056,0.008852,0.008878,0.01056,0.006608,0.003639,0.012,0.009313,0.0073,0.1838,0.7385,
0.9014,0.3972,0.01053,0.008848,0.008883,0.01057,0.006599,0.003621,0.01203,0.009306,0.007264,0.1841,0.7382,
0.9043,0.4003,0.01067,0.008859,0.008889,0.0106,0.006648,0.003573,0.01203,0.009377,0.007856,0.1835,0.738,
0.905,0.3954,0.01068,0.008869,0.00889,0.01058,0.00666,0.003561,0.01205,0.009472,0.007979,0.1832,0.738,
0.9061,0.3931,0.01071,0.008884,0.008903,0.01058,0.006653,0.00358,0.01201,0.009627,0.008123,0.1829,0.738,
0.9066,0.403,0.01074,0.0089,0.008907,0.01071,0.006599,0.00361,0.01198,0.009627,0.008123,0.1829,0.7379,
0.9065,0.3919,0.01069,0.008899,0.008914,0.01072,0.006624,0.003604,0.01202,0.009621,0.008071,0.1829,0.7379,
0.9076,0.4027,0.01074,0.00887,0.008907,0.01068,0.006608,0.003593,0.01238,0.009425,0.00797,0.1838,0.737,
0.9074,0.3882,0.01072,0.008867,0.008907,0.01067,0.00664,0.003619,0.01233,0.009737,0.007622,0.1838,0.7371,
0.9086,0.3897,0.01087,0.008887,0.008909,0.01067,0.006666,0.003605,0.01239,0.009732,0.007655,0.1839,0.7367,
0.908,0.3904,0.01086,0.008888,0.0089,0.01061,0.006652,0.003643,0.01234,0.009897,0.007423,0.184,0.7368,
0.9076,0.3971,0.01083,0.008904,0.00891,0.01062,0.00664,0.003605,0.01243,0.00994,0.007282,0.1839,0.7369,
0.9071,0.4081,0.01079,0.008893,0.008918,0.0106,0.006633,0.003591,0.01243,0.01019,0.007015,0.1839,0.737,
0.9072,0.4052,0.01082,0.008889,0.008887,0.01059,0.006651,0.003492,0.01243,0.01029,0.007118,0.1837,0.7371,
0.9068,0.4054,0.01074,0.008902,0.008893,0.01063,0.006586,0.003479,0.01241,0.01032,0.007086,0.1839,0.737,
0.9066,0.4199,0.01072,0.008898,0.008866,0.0106,0.006581,0.00359,0.01234,0.01033,0.007044,0.1839,0.7371,
0.9102,0.412,0.01092,0.008904,0.008794,0.01055,0.006579,0.003606,0.01232,0.01043,0.007978,0.1829,0.737,
0.9092,0.4049,0.01081,0.0089,0.008805,0.01059,0.007254,0.002997,0.01223,0.01072,0.00764,0.1829,0.7371,
0.9114,0.4254,0.0108,0.008901,0.008807,0.01064,0.007317,0.01027,0.004934,0.01079,0.007526,0.1829,0.7371,
0.9116,0.4115,0.0109,0.008901,0.008815,0.01061,0.007346,0.01024,0.004915,0.01084,0.007472,0.1829,0.737,
0.9107,0.4165,0.01088,0.00891,0.008818,0.0106,0.007231,0.01035,0.004845,0.011,0.00721,0.183,0.7372,
0.91,0.4648,0.01085,0.008905,0.008823,0.01058,0.00776,0.009736,0.004813,0.011,0.007192,0.183,0.7373,
0.9093,0.438,0.01073,0.008907,0.008794,0.01067,0.00795,0.00948,0.00483,0.0112,0.006938,0.183,0.7375,
0.9071,0.4467,0.01064,0.008915,0.008795,0.01071,0.007541,0.009477,0.004863,0.01125,0.006832,0.183,0.738,
0.9066,0.4301,0.0106,0.008917,0.008808,0.01074,0.007467,0.009446,0.004863,0.01136,0.006729,0.183,0.7381,
0.9068,0.3982,0.01075,0.008903,0.008822,0.01071,0.00742,0.009514,0.004801,0.01139,0.00668,0.183,0.738,
0.9059,0.3942,0.01073,0.008889,0.008822,0.01067,0.007128,0.0095,0.004832,0.01133,0.006639,0.1838,0.7376,
0.9055,0.3867,0.01075,0.008894,0.008827,0.01067,0.006868,0.00953,0.004894,0.01133,0.006739,0.1837,0.7378,
0.9038,0.3949,0.01067,0.008896,0.008842,0.01067,0.006553,0.009549,0.004907,0.01132,0.006715,0.1837,0.7382,
0.9033,0.4035,0.01069,0.008885,0.00885,0.01073,0.006292,0.009572,0.004856,0.01143,0.006686,0.1838,0.7382,
0.9021,0.3953,0.01068,0.008888,0.00885,0.01067,0.006157,0.00956,0.004821,0.01153,0.006591,0.1838,0.7384,
0.9024,0.3863,0.01073,0.008884,0.008865,0.01066,0.006062,0.00956,0.00489,0.01146,0.006762,0.1836,0.7385,
0.9034,0.3859,0.01076,0.008888,0.008872,0.01061,0.006036,0.009559,0.004904,0.01149,0.006997,0.1835,0.7384,
0.9037,0.3993,0.01085,0.008898,0.008875,0.01059,0.006036,0.009559,0.004904,0.01184,0.006679,0.1835,0.7383,
0.9031,0.4002,0.01081,0.008899,0.008884,0.01058,0.005991,0.009589,0.004873,0.01212,0.006404,0.1835,0.7384,
0.904,0.3935,0.01091,0.008909,0.008892,0.01055,0.005964,0.009548,0.004873,0.01227,0.006513,0.1833,0.7383,
0.9057,0.3921,0.01097,0.008928,0.008901,0.01054,0.005973,0.009557,0.004854,0.01229,0.00692,0.1828,0.7382,
0.9049,0.4057,0.01088,0.008912,0.008914,0.01058,0.005864,0.009557,0.004889,0.01248,0.006689,0.1829,0.7384,
0.9044,0.3999,0.01085,0.008925,0.00892,0.01056,0.005812,0.009531,0.00494,0.01251,0.006609,0.1829,0.7385,
0.9035,0.4174,0.01081,0.008956,0.008923,0.01046,0.005746,0.00955,0.004922,0.01275,0.006366,0.1829,0.7386,
0.9029,0.4081,0.0108,0.008946,0.008916,0.01042,0.005707,0.009543,0.004903,0.01279,0.006334,0.1829,0.7388,
0.902,0.3964,0.01076,0.008947,0.008807,0.01043,0.005707,0.009748,0.00473,0.01279,0.006241,0.183,0.7389,
0.9026,0.4071,0.0109,0.008943,0.008815,0.01044,0.005768,0.009706,0.004711,0.01279,0.006241,0.183,0.7387,
0.9016,0.4093,0.01086,0.008954,0.008821,0.01044,0.005676,0.009731,0.004617,0.01285,0.006173,0.183,0.7389,
0.9018,0.4038,0.0109,0.008936,0.008836,0.01042,0.005713,0.009706,0.004624,0.01285,0.006149,0.183,0.7389,
0.8998,0.4203,0.01086,0.008937,0.008848,0.01044,0.00569,0.01098,0.003262,0.01304,0.005961,0.183,0.739,
0.8996,0.4429,0.01079,0.008954,0.008853,0.01048,0.005745,0.01094,0.003262,0.01324,0.005744,0.183,0.739,
0.899,0.4388,0.01076,0.00896,0.008854,0.01048,0.00572,0.01092,0.003268,0.01341,0.005531,0.183,0.7391,
0.8991,0.4267,0.01071,0.008969,0.00885,0.01047,0.005653,0.01087,0.003265,0.01347,0.005445,0.1837,0.7386,
0.8989,0.3862,0.01066,0.008984,0.008856,0.01045,0.005691,0.01083,0.003282,0.01346,0.005444,0.1837,0.7386,
0.8993,0.3854,0.01068,0.008997,0.008855,0.01045,0.005746,0.01128,0.002813,0.01344,0.005606,0.1837,0.7384,
0.8999,0.385,0.01073,0.008992,0.008866,0.01045,0.00581,0.01123,0.002794,0.01344,0.005712,0.1836,0.7384,
0.9018,0.3844,0.01074,0.008999,0.008816,0.0104,0.00584,0.01121,0.002798,0.0135,0.006101,0.1836,0.738,
0.902,0.383,0.01072,0.009001,0.008823,0.01042,0.00626,0.01083,0.002791,0.01351,0.006058,0.1836,0.738,
0.9019,0.3784,0.01068,0.009001,0.008834,0.01042,0.006296,0.01083,0.002754,0.01351,0.006058,0.1836,0.738,
0.9018,0.3734,0.01055,0.009005,0.008839,0.01052,0.006416,0.01071,0.002797,0.01364,0.005884,0.1836,0.738,
0.901,0.3739,0.01054,0.009004,0.008847,0.01044,0.006383,0.0108,0.002694,0.01365,0.005854,0.1836,0.7381,
0.9006,0.3722,0.01051,0.009007,0.008855,0.01039,0.006384,0.01084,0.002631,0.01365,0.005854,0.1837,0.7382,
0.9018,0.3839,0.01056,0.009,0.008861,0.01037,0.006393,0.01082,0.00263,0.01366,0.006114,0.1836,0.738,
0.9006,0.384,0.01049,0.008997,0.008857,0.01043,0.006287,0.01083,0.002586,0.01373,0.005971,0.1836,0.7382,
0.9003,0.382,0.01028,0.008997,0.008863,0.01061,0.006307,0.01078,0.002642,0.01366,0.005918,0.1837,0.7383,
0.8996,0.3802,0.01026,0.008995,0.008835,0.01061,0.006295,0.01076,0.002661,0.01377,0.005719,0.1837,0.7384,
0.8989,0.3982,0.01011,0.009001,0.008844,0.01073,0.007527,0.01001,0.002133,0.01378,0.005691,0.1836,0.7385,
0.8987,0.403,0.01011,0.008986,0.008854,0.01074,0.007512,0.01002,0.002085,0.01391,0.005631,0.1836,0.7386,
0.898,0.4082,0.01008,0.008983,0.008857,0.01067,0.007529,0.01002,0.002041,0.01391,0.005612,0.1836,0.7387,
0.8977,0.4064,0.00997,0.008993,0.008859,0.01071,0.007502,0.009996,0.002082,0.01393,0.005546,0.1837,0.7387,
0.8971,0.4003,0.009802,0.009014,0.008864,0.01084,0.007522,0.0099,0.002155,0.01409,0.005293,0.1837,0.7388,
0.8971,0.3941,0.009797,0.00902,0.008873,0.01086,0.007475,0.00983,0.0021,0.01411,0.005477,0.1835,0.739,
0.8961,0.4015,0.009843,0.00898,0.00888,0.01084,0.008394,0.00859,0.002132,0.01413,0.005496,0.1834,0.7393,
0.8975,0.3957,0.009858,0.008987,0.008888,0.01089,0.008467,0.008517,0.002132,0.01413,0.005789,0.1831,0.7392,
0.8972,0.401,0.009772,0.008979,0.008893,0.01095,0.009414,0.007503,0.00229,0.01401,0.005752,0.1831,0.7393,
0.8974,0.399,0.009739,0.008966,0.008853,0.01093,0.009427,0.007514,0.002322,0.01394,0.005749,0.1836,0.739,
0.8967,0.3957,0.009621,0.008959,0.008867,0.011,0.009395,0.007466,0.002325,0.01398,0.005698,0.1836,0.7391,
0.8952,0.4073,0.009597,0.008957,0.008875,0.01099,0.01135,0.005388,0.002358,0.01394,0.005698,0.1836,0.7392,
0.8929,0.4111,0.009721,0.008929,0.008871,0.01098,0.01063,0.005461,0.002298,0.01402,0.00577,0.1834,0.7399,
0.8895,0.4122,0.009687,0.008924,0.00884,0.011,0.009956,0.005415,0.0023,0.014,0.005771,0.1834,0.7407,
0.8893,0.4043,0.009572,0.008924,0.008844,0.01108,0.009897,0.005429,0.002328,0.01395,0.005769,0.1836,0.7406,
0.8896,0.4037,0.009636,0.008911,0.008847,0.01109,0.009802,0.005404,0.002324,0.01406,0.005844,0.1834,0.7407,
0.8907,0.4015,0.009753,0.008883,0.008849,0.0111,0.009713,0.005328,0.002401,0.01403,0.00613,0.1832,0.7406,
0.8838,0.4028,0.009833,0.008893,0.008854,0.01108,0.008143,0.005273,0.002406,0.01402,0.006127,0.1832,0.7422,
0.8825,0.4025,0.009705,0.008897,0.008862,0.01112,0.007927,0.005255,0.002458,0.01396,0.006127,0.1832,0.7425,
0.8809,0.4124,0.009587,0.008896,0.008871,0.01113,0.007745,0.005227,0.00244,0.01412,0.005974,0.1832,0.7428,
0.8797,0.4112,0.009507,0.008898,0.00887,0.01115,0.00762,0.0052,0.002458,0.0143,0.005738,0.1833,0.743,
0.8788,0.412,0.00948,0.008874,0.008869,0.0111,0.00755,0.005191,0.002458,0.01433,0.005696,0.1833,0.7432,
0.881,0.4091,0.009763,0.00887,0.008879,0.01104,0.007479,0.005203,0.002479,0.01437,0.005864,0.1835,0.7425,
0.8805,0.4001,0.009734,0.008862,0.008887,0.01104,0.00743,0.005165,0.002498,0.01435,0.005864,0.1836,0.7426,
0.8821,0.3995,0.009758,0.008869,0.008892,0.01105,0.00743,0.005142,0.002516,0.01443,0.006225,0.1831,0.7426,
0.8823,0.4002,0.009848,0.008867,0.008857,0.01106,0.00737,0.00512,0.002515,0.01446,0.006314,0.183,0.7426,
0.8798,0.4067,0.00989,0.008853,0.008867,0.01107,0.0067,0.00512,0.002535,0.01472,0.006239,0.1827,0.7433,
0.8791,0.4117,0.009858,0.008862,0.008783,0.01104,0.006736,0.005075,0.002571,0.01468,0.00621,0.1827,0.7435,
0.8799,0.4244,0.01002,0.008855,0.008788,0.01103,0.00673,0.0051,0.002568,0.01468,0.006287,0.1826,0.7434,
0.8792,0.4088,0.01002,0.008853,0.008788,0.01105,0.006399,0.005041,0.002602,0.01462,0.006246,0.1834,0.743,
0.8786,0.407,0.01001,0.008833,0.008776,0.01104,0.006377,0.004994,0.002652,0.01464,0.006179,0.1834,0.7431,
0.8782,0.4144,0.01,0.008815,0.008773,0.01103,0.00635,0.004979,0.00295,0.01444,0.005985,0.1834,0.7432,
0.881,0.4139,0.01031,0.008821,0.008672,0.011,0.006313,0.004995,0.002971,0.01444,0.006609,0.1828,0.7431,
0.8845,0.4195,0.01025,0.008816,0.008691,0.01109,0.006313,0.004998,0.004373,0.01301,0.007082,0.1823,0.7431,
0.8865,0.4386,0.01021,0.008802,0.008692,0.01106,0.006266,0.004927,0.006512,0.01085,0.007074,0.1832,0.7424,
0.8881,0.437,0.01025,0.008807,0.008695,0.01105,0.006281,0.004961,0.00646,0.01093,0.007458,0.1828,0.7423,
0.8882,0.4322,0.01031,0.008813,0.008639,0.01103,0.00625,0.004952,0.006429,0.01096,0.007558,0.1826,0.7424,
0.8879,0.4387,0.01029,0.008813,0.008645,0.01102,0.006315,0.005203,0.006086,0.01115,0.007375,0.1827,0.7425,
0.887,0.4446,0.01026,0.008822,0.008654,0.011,0.006199,0.005192,0.006075,0.01128,0.007227,0.1827,0.7426,
0.887,0.4476,0.01028,0.008821,0.008663,0.01098,0.00618,0.005185,0.006118,0.01125,0.007245,0.1826,0.7427,
0.886,0.4447,0.01025,0.008824,0.00867,0.01097,0.006048,0.005125,0.006155,0.01125,0.007212,0.1826,0.7429,
0.8857,0.4361,0.01016,0.008828,0.008676,0.01103,0.006048,0.005102,0.006184,0.01122,0.007167,0.1827,0.7429,
0.8871,0.4362,0.01021,0.008819,0.00868,0.01098,0.00602,0.005059,0.006215,0.01127,0.007337,0.1831,0.7423,
0.8884,0.4358,0.01027,0.008819,0.008637,0.01096,0.006019,0.005107,0.006218,0.01127,0.007641,0.1829,0.7421,
0.8881,0.4233,0.01025,0.008831,0.008645,0.01095,0.006007,0.005105,0.006201,0.01128,0.007606,0.1829,0.7422,
0.8881,0.4388,0.01019,0.008829,0.00865,0.01099,0.006007,0.005119,0.006214,0.01128,0.007539,0.1831,0.7421,
0.8885,0.4258,0.01024,0.008831,0.008654,0.01099,0.006007,0.005178,0.006199,0.01124,0.007567,0.1831,0.742,
0.8881,0.4265,0.01018,0.00886,0.008604,0.01102,0.006021,0.005141,0.006199,0.01138,0.007424,0.1831,0.7421,
0.8878,0.4523,0.01009,0.00885,0.00861,0.01101,0.007062,0.004108,0.00775,0.009866,0.007359,0.1831,0.7422,
0.8891,0.4294,0.01018,0.008854,0.008571,0.011,0.006987,0.004091,0.007788,0.009906,0.007769,0.1826,0.7423,
0.8888,0.424,0.01017,0.008856,0.008581,0.01093,0.00702,0.004073,0.007773,0.009967,0.007708,0.1826,0.7423,
0.8882,0.4285,0.01011,0.00885,0.008589,0.01095,0.007055,0.004013,0.00774,0.009983,0.007639,0.1826,0.7424,
0.8879,0.4216,0.01009,0.008852,0.008592,0.01093,0.007055,0.004005,0.007781,0.01014,0.007429,0.1826,0.7425,
0.8904,0.4224,0.01031,0.008852,0.008581,0.01094,0.00706,0.004052,0.00775,0.01016,0.007897,0.1821,0.7423,
0.8915,0.4229,0.01038,0.008855,0.008581,0.01091,0.006951,0.00411,0.007772,0.01009,0.00792,0.1829,0.7415,
0.8917,0.4388,0.01044,0.008847,0.008585,0.01093,0.006734,0.00564,0.006243,0.01024,0.007919,0.1828,0.7417,
0.891,0.4293,0.0104,0.008845,0.00855,0.01094,0.006609,0.005686,0.006194,0.01024,0.007918,0.1829,0.7417,
0.8907,0.4451,0.01039,0.008844,0.008561,0.01092,0.006608,0.005642,0.00635,0.01029,0.007711,0.1829,0.7418,
0.8898,0.4329,0.01036,0.008831,0.008524,0.01091,0.006525,0.005692,0.006291,0.01035,0.007609,0.183,0.7419,
0.8891,0.4337,0.0103,0.008826,0.00853,0.01094,0.00648,0.005634,0.006282,0.01042,0.007526,0.183,0.7421,
0.8888,0.4212,0.01028,0.008824,0.008533,0.01093,0.006456,0.005629,0.006332,0.01037,0.007525,0.183,0.7421,
0.8878,0.4281,0.01019,0.008829,0.008541,0.01097,0.006385,0.005635,0.006317,0.01041,0.007354,0.1831,0.7423,
0.8874,0.4209,0.01012,0.00883,0.008546,0.01102,0.006348,0.005615,0.006305,0.01057,0.007191,0.1831,0.7424,
0.8871,0.4187,0.0101,0.008833,0.008513,0.01102,0.00634,0.005643,0.006299,0.01058,0.007143,0.1831,0.7424,
0.8866,0.4178,0.01009,0.008837,0.00845,0.01102,0.006321,0.005734,0.006222,0.01069,0.007022,0.1831,0.7425,
0.886,0.4308,0.00993,0.008843,0.008457,0.01111,0.006333,0.005708,0.006193,0.01076,0.006952,0.183,0.7427,
0.8859,0.4357,0.009896,0.008847,0.008465,0.01111,0.006333,0.005708,0.006193,0.01081,0.006901,0.183,0.7427,
0.8853,0.4293,0.009852,0.008872,0.00847,0.01109,0.006297,0.005688,0.006157,0.01081,0.006902,0.183,0.7429,
0.885,0.4156,0.009762,0.008881,0.008477,0.01114,0.00626,0.005706,0.006153,0.01097,0.006728,0.183,0.7429,
0.8845,0.4196,0.009655,0.008883,0.008482,0.0112,0.006255,0.00567,0.006178,0.0111,0.00657,0.183,0.743,
0.8842,0.4234,0.009642,0.008881,0.008485,0.01118,0.006232,0.00567,0.006178,0.01118,0.006491,0.183,0.743,
0.886,0.4079,0.009718,0.008886,0.008484,0.01118,0.006258,0.00566,0.006156,0.01118,0.006811,0.183,0.7427,
0.8854,0.4205,0.009677,0.008916,0.008495,0.01118,0.006233,0.005656,0.006212,0.0113,0.006537,0.183,0.7428,
0.8849,0.4273,0.009658,0.008926,0.008503,0.01116,0.006212,0.00569,0.006158,0.01138,0.006409,0.1831,0.7428,
