entropy,entropyInd,RabA,RabB,RabC,RabD,RabE,RabF,RabG,RabH,RabI,xER,xPM,
1.463,0.2779,0.05411,0.01193,0.008016,0.04717,0.02351,0.01285,0.01673,0.01456,0.01487,0.3948,0.4014,
1.477,0.2523,0.06098,0.01193,0.008015,0.0471,0.02348,0.01284,0.01671,0.01456,0.01505,0.3948,0.3945,
1.477,0.2604,0.06086,0.01193,0.008017,0.04708,0.02342,0.01283,0.01672,0.01456,0.01505,0.3949,0.3946,
1.476,0.2506,0.06083,0.01193,0.008017,0.04705,0.02338,0.01282,0.01672,0.01456,0.01506,0.3949,0.3947,
1.478,0.2556,0.06073,0.01187,0.008011,0.04701,0.02337,0.01281,0.01671,0.01455,0.01564,0.3948,0.3945,
1.477,0.2489,0.06061,0.01187,0.008012,0.047,0.02337,0.01281,0.01671,0.01455,0.01564,0.3948,0.3946,
1.477,0.2419,0.06052,0.01186,0.008013,0.04697,0.0233,0.01279,0.01671,0.01455,0.01564,0.3949,0.3948,
1.477,0.2579,0.06049,0.01186,0.008013,0.04697,0.02321,0.01279,0.01671,0.01455,0.01564,0.3949,0.3948,
1.476,0.2379,0.06033,0.01184,0.008014,0.04698,0.02317,0.0128,0.01672,0.01456,0.01565,0.395,0.395,
1.482,0.2313,0.06043,0.01181,0.007995,0.04686,0.02291,0.01277,0.01668,0.01452,0.01784,0.3941,0.3941,
1.481,0.2307,0.06027,0.01179,0.007996,0.04686,0.02271,0.01275,0.01667,0.01453,0.01784,0.3942,0.3944,
1.478,0.2317,0.05924,0.01178,0.007989,0.04685,0.02256,0.01275,0.01667,0.01452,0.01784,0.3942,0.3956,
1.474,0.2336,0.05701,0.01174,0.007987,0.04685,0.02248,0.01275,0.01667,0.01452,0.01784,0.3942,0.3979,
1.468,0.2325,0.05518,0.01163,0.007961,0.04609,0.02234,0.01275,0.01668,0.01453,0.01785,0.3946,0.4004,
1.463,0.2358,0.0536,0.01158,0.00796,0.04524,0.02232,0.01275,0.0167,0.01455,0.01787,0.395,0.4024,
1.459,0.2393,0.05244,0.01155,0.007945,0.04508,0.0222,0.01275,0.0167,0.01455,0.01787,0.395,0.4039,
1.456,0.2555,0.05107,0.01152,0.007925,0.04502,0.02205,0.01273,0.0167,0.01455,0.01787,0.3951,0.4055,
1.48,0.2252,0.06167,0.01146,0.007886,0.04464,0.02196,0.01271,0.01667,0.01452,0.01975,0.3944,0.3943,
1.476,0.2206,0.06057,0.01109,0.007856,0.04431,0.02185,0.01268,0.01666,0.01453,0.01996,0.3945,0.3959,
1.473,0.2089,0.05969,0.01093,0.007856,0.04398,0.02174,0.01268,0.01665,0.01453,0.01997,0.3947,0.3972,
1.468,0.2115,0.05795,0.01085,0.007811,0.04355,0.02161,0.01265,0.01664,0.01454,0.01998,0.395,0.3995,
1.465,0.2111,0.05738,0.01081,0.0078,0.04279,0.02159,0.01265,0.01665,0.01455,0.01999,0.3953,0.4005,
1.476,0.2035,0.06296,0.01078,0.007796,0.04254,0.02134,0.01261,0.0166,0.01454,0.02079,0.3951,0.395,
1.474,0.2033,0.0622,0.01078,0.0078,0.04212,0.02123,0.0126,0.01661,0.01454,0.0208,0.3953,0.396,
1.47,0.1992,0.06072,0.01064,0.007788,0.04197,0.0212,0.0126,0.01661,0.01455,0.02081,0.3954,0.3977,
1.467,0.1986,0.05966,0.01061,0.00779,0.04175,0.02116,0.0126,0.01661,0.01455,0.02081,0.3955,0.3989,
1.473,0.1956,0.06273,0.01051,0.007789,0.04165,0.02104,0.01259,0.0166,0.01455,0.02108,0.3955,0.396,
1.474,0.1946,0.06242,0.01038,0.007767,0.04143,0.02103,0.01259,0.01659,0.01454,0.02196,0.3953,0.396,
1.474,0.194,0.06203,0.01035,0.007764,0.04128,0.02089,0.01257,0.01658,0.01454,0.02253,0.3951,0.3963,
1.472,0.2007,0.06129,0.01035,0.007765,0.04111,0.02081,0.01256,0.01658,0.01454,0.02254,0.3952,0.3972,
1.467,0.2025,0.0597,0.01027,0.007747,0.04105,0.02062,0.01253,0.01657,0.01454,0.02254,0.3953,0.3992,
1.477,0.2032,0.06327,0.01027,0.007762,0.04114,0.02063,0.01251,0.01649,0.01486,0.02315,0.3949,0.395,
1.476,0.2149,0.06301,0.01034,0.007773,0.04121,0.02063,0.01766,0.01131,0.01492,0.02301,0.3949,0.3952,
1.474,0.209,0.06189,0.01028,0.007767,0.04153,0.02064,0.01776,0.0112,0.01502,0.02267,0.3951,0.3962,
1.471,0.198,0.06054,0.01055,0.007776,0.04146,0.02069,0.01789,0.01112,0.01504,0.0221,0.3953,0.3975,
1.475,0.197,0.06278,0.01034,0.007773,0.04153,0.02079,0.01797,0.01097,0.01526,0.02201,0.3953,0.3952,
1.472,0.1976,0.06166,0.0104,0.00778,0.04149,0.02069,0.01797,0.0109,0.01543,0.02169,0.3955,0.3965,
1.475,0.1976,0.06235,0.01044,0.007776,0.0416,0.02081,0.01788,0.01093,0.01535,0.02215,0.3953,0.3954,
1.473,0.2278,0.06073,0.01077,0.007781,0.0419,0.02076,0.01774,0.01091,0.0154,0.02206,0.3954,0.3966,
1.476,0.2266,0.06153,0.01081,0.007782,0.04206,0.02076,0.01777,0.01095,0.01546,0.02242,0.3953,0.3952,
1.475,0.2292,0.06103,0.01093,0.007795,0.04139,0.02085,0.01771,0.01101,0.01565,0.02213,0.3956,0.3959,
1.472,0.2446,0.06006,0.011,0.007796,0.04105,0.02093,0.01764,0.01101,0.01565,0.02214,0.3958,0.3969,
1.47,0.2448,0.05931,0.01105,0.007808,0.04073,0.02083,0.01763,0.011,0.01576,0.02201,0.396,0.3979,
1.467,0.2446,0.05825,0.01109,0.007804,0.04061,0.02091,0.01765,0.01092,0.01585,0.02159,0.3962,0.3991,
1.465,0.2463,0.05768,0.01107,0.007806,0.04036,0.02099,0.0177,0.01081,0.01637,0.02109,0.3963,0.3998,
1.473,0.2433,0.06061,0.01111,0.007817,0.04054,0.02099,0.01769,0.01091,0.01644,0.02131,0.3963,0.3963,
1.469,0.2464,0.05954,0.01102,0.007797,0.04039,0.02098,0.01782,0.01073,0.01687,0.02073,0.3964,0.3977,
1.467,0.2451,0.05863,0.01104,0.007801,0.04023,0.0211,0.01767,0.01069,0.01703,0.02043,0.3966,0.3988,
1.471,0.2401,0.06097,0.01109,0.007809,0.03998,0.0211,0.01763,0.01069,0.01713,0.02038,0.3967,0.3965,
1.466,0.2416,0.05829,0.01117,0.00781,0.03995,0.02111,0.0178,0.01054,0.01721,0.02023,0.397,0.3989,
1.462,0.2511,0.05692,0.01124,0.007818,0.04007,0.02098,0.01779,0.01054,0.01722,0.01984,0.3972,0.4004,
1.46,0.2538,0.0562,0.01135,0.007818,0.04005,0.02092,0.01794,0.01054,0.01719,0.01945,0.3973,0.4012,
1.455,0.2568,0.05402,0.01135,0.00782,0.03993,0.02095,0.01796,0.0105,0.01736,0.01918,0.3975,0.4035,
1.452,0.2508,0.05274,0.01136,0.007806,0.03979,0.02093,0.01805,0.01033,0.01754,0.01901,0.3975,0.4049,
1.451,0.2537,0.05211,0.01144,0.007825,0.03982,0.02098,0.01804,0.01031,0.01754,0.01901,0.3976,0.4053,
1.45,0.2572,0.05159,0.01164,0.007787,0.03972,0.02083,0.01807,0.01031,0.01751,0.01893,0.3977,0.4059,
1.446,0.2569,0.05049,0.01159,0.007804,0.03973,0.02081,0.01808,0.01022,0.01778,0.01848,0.3979,0.4071,
1.464,0.2423,0.05945,0.01155,0.007824,0.03982,0.02091,0.01794,0.01022,0.01791,0.01839,0.3981,0.3979,
1.463,0.2452,0.05894,0.01159,0.007838,0.0398,0.02108,0.01776,0.01018,0.01854,0.01775,0.3981,0.3984,
1.461,0.2495,0.05813,0.01152,0.007841,0.0396,0.02103,0.01777,0.01018,0.01859,0.01769,0.3983,0.3993,
1.46,0.2494,0.05761,0.01156,0.007855,0.03937,0.02112,0.01777,0.0101,0.01891,0.01738,0.3985,0.3998,
1.462,0.2481,0.0579,0.01164,0.007857,0.03944,0.02118,0.01777,0.01018,0.01883,0.0179,0.3983,0.399,
1.465,0.2417,0.05837,0.01165,0.007771,0.03964,0.02111,0.01771,0.0102,0.01882,0.01852,0.3981,0.3981,
1.464,0.2415,0.05806,0.01171,0.00777,0.03968,0.02105,0.01769,0.0102,0.01889,0.01845,0.3981,0.3984,
1.461,0.2594,0.05662,0.01172,0.007782,0.03975,0.021,0.01772,0.01012,0.01905,0.01815,0.3982,0.3998,
1.46,0.257,0.05564,0.01192,0.007746,0.03978,0.02092,0.01775,0.01017,0.01898,0.01808,0.3983,0.4007,
1.465,0.2546,0.05707,0.01196,0.007758,0.04034,0.02093,0.01763,0.01032,0.01888,0.01869,0.398,0.3984,
1.463,0.2574,0.05621,0.01197,0.007767,0.04039,0.02091,0.01758,0.01027,0.01895,0.01842,0.3982,0.3993,
1.459,0.2479,0.05562,0.01211,0.007774,0.04037,0.02074,0.02067,0.007183,0.01903,0.01831,0.3983,0.3999,
1.463,0.2359,0.05671,0.01219,0.007784,0.04011,0.02076,0.02069,0.007152,0.01964,0.01835,0.3982,0.3984,
1.461,0.2339,0.05586,0.01219,0.007805,0.04012,0.0208,0.0207,0.007065,0.02008,0.01789,0.3982,0.3993,
1.458,0.2403,0.05466,0.0123,0.007815,0.04001,0.02071,0.0207,0.007084,0.02019,0.01764,0.3983,0.4005,
1.456,0.2507,0.05334,0.01242,0.007817,0.04003,0.02079,0.02055,0.007238,0.02004,0.01764,0.3984,0.4017,
1.451,0.2593,0.05097,0.0126,0.007791,0.03997,0.02062,0.02051,0.007323,0.02039,0.01714,0.3985,0.4042,
1.449,0.258,0.05004,0.0126,0.007804,0.04007,0.02073,0.02041,0.007324,0.02061,0.01684,0.3985,0.405,
1.464,0.2508,0.05526,0.01257,0.00778,0.03996,0.02065,0.02032,0.007479,0.02044,0.0184,0.398,0.3992,
1.461,0.2481,0.05448,0.01262,0.00776,0.03993,0.02054,0.02029,0.0074,0.02045,0.01841,0.3981,0.4001,
1.465,0.2419,0.05654,0.01264,0.007762,0.03977,0.02055,0.02024,0.007392,0.02063,0.01835,0.3981,0.398,
1.464,0.2369,0.05585,0.01265,0.007701,0.03982,0.02043,0.02018,0.007393,0.02064,0.01835,0.3982,0.3988,
1.464,0.237,0.05527,0.0129,0.007694,0.03969,0.02053,0.02006,0.007391,0.02063,0.01884,0.3981,0.3989,
1.466,0.2305,0.05572,0.01305,0.007703,0.03972,0.02065,0.01999,0.007351,0.02071,0.01897,0.3981,0.398,
1.464,0.237,0.05491,0.01319,0.007715,0.03944,0.0207,0.0201,0.007218,0.02133,0.01822,0.3983,0.3988,
1.462,0.2373,0.05368,0.01324,0.007718,0.03961,0.02069,0.02011,0.00722,0.02137,0.01805,0.3985,0.3999,
1.459,0.2418,0.05338,0.01334,0.007724,0.03918,0.02347,0.01701,0.007157,0.02141,0.01799,0.3987,0.4007,
1.457,0.2458,0.05263,0.01344,0.007719,0.03943,0.0234,0.01699,0.007219,0.02136,0.01775,0.3988,0.4012,
1.452,0.2563,0.05045,0.01331,0.007721,0.03959,0.02315,0.01707,0.007147,0.02156,0.01756,0.3989,0.4036,
1.449,0.2607,0.04889,0.0133,0.007725,0.03988,0.02315,0.01711,0.007222,0.02145,0.01744,0.399,0.4048,
1.447,0.2522,0.04762,0.01359,0.007717,0.03995,0.02312,0.01707,0.007212,0.02163,0.01713,0.3991,0.4059,
1.443,0.2553,0.04592,0.01373,0.007743,0.04,0.02296,0.01702,0.007203,0.02183,0.01694,0.3991,0.4075,
1.441,0.2578,0.04522,0.0137,0.007754,0.04008,0.02261,0.0171,0.00708,0.02195,0.01682,0.3991,0.4085,
1.437,0.2561,0.04437,0.01371,0.007782,0.03995,0.02231,0.01714,0.007005,0.02207,0.01671,0.3992,0.4097,
1.459,0.2474,0.05479,0.0137,0.007793,0.03988,0.02222,0.01711,0.006915,0.02216,0.01688,0.3992,0.3994,
1.458,0.2445,0.05403,0.01373,0.00781,0.04007,0.02218,0.01707,0.007007,0.0223,0.01662,0.3992,0.3999,
1.462,0.2401,0.05523,0.01374,0.007799,0.03988,0.02182,0.01703,0.007114,0.02234,0.01752,0.3988,0.3987,
1.46,0.2493,0.05421,0.01372,0.007728,0.03995,0.02191,0.01715,0.006926,0.02248,0.01731,0.3989,0.3997,
1.454,0.2462,0.05326,0.01372,0.007746,0.03989,0.02082,0.01715,0.006831,0.02288,0.01692,0.399,0.4018,
1.452,0.2512,0.05235,0.01373,0.007756,0.04018,0.02078,0.01695,0.006831,0.02288,0.01692,0.3991,0.4025,
1.46,0.2534,0.05519,0.01366,0.007764,0.04029,0.02057,0.01693,0.006825,0.023,0.01782,0.3987,0.3992,
1.461,0.251,0.05553,0.01368,0.007775,0.0402,0.02043,0.01688,0.006825,0.02316,0.01781,0.3988,0.399,
1.46,0.2502,0.05504,0.01365,0.007787,0.04017,0.02043,0.01688,0.006826,0.02316,0.01781,0.3988,0.3995,
1.459,0.2539,0.05449,0.01372,0.007816,0.04023,0.02043,0.01683,0.006826,0.02341,0.01756,0.3988,0.3999,
1.456,0.2575,0.05332,0.01374,0.007826,0.04033,0.02031,0.01685,0.006736,0.02345,0.01752,0.3989,0.401,
1.452,0.2571,0.05167,0.01372,0.007803,0.04035,0.02023,0.01677,0.006737,0.02362,0.01736,0.399,0.4028,
1.459,0.2554,0.05482,0.01367,0.007826,0.04067,0.02023,0.01677,0.006737,0.02372,0.01733,0.399,0.3992,
1.456,0.2556,0.05337,0.01371,0.007828,0.0407,0.02038,0.01671,0.00666,0.02373,0.01717,0.3992,0.4005,
1.453,0.2717,0.05173,0.01357,0.007843,0.04076,0.02039,0.01672,0.006662,0.0238,0.01711,0.3992,0.4022,
1.448,0.2697,0.0497,0.01358,0.007807,0.04094,0.02039,0.01682,0.006623,0.02383,0.01691,0.3993,0.4041,
1.456,0.2556,0.05317,0.01346,0.007754,0.04104,0.02043,0.01689,0.006515,0.02402,0.01708,0.3992,0.4004,
1.453,0.259,0.05206,0.0134,0.007752,0.04109,0.02025,0.01692,0.006444,0.02414,0.01697,0.3993,0.4017,
1.451,0.2728,0.05095,0.0133,0.007759,0.04105,0.02025,0.01696,0.006606,0.02409,0.01682,0.3994,0.4029,
1.449,0.2679,0.05035,0.01328,0.007766,0.04111,0.02024,0.01704,0.006588,0.02407,0.01675,0.3994,0.4034,
1.457,0.2568,0.05405,0.01332,0.007765,0.04091,0.02028,0.017,0.006588,0.02417,0.01698,0.3994,0.3996,
1.46,0.2519,0.05422,0.01328,0.007777,0.04081,0.02027,0.0169,0.006591,0.02435,0.01768,0.3991,0.399,
1.456,0.2431,0.05293,0.01325,0.007784,0.04075,0.02003,0.01701,0.006458,0.02443,0.01762,0.3992,0.4006,
1.452,0.2469,0.05079,0.01324,0.007773,0.04081,0.02007,0.01692,0.006581,0.02438,0.01755,0.3992,0.4026,
1.451,0.2499,0.05009,0.0133,0.007805,0.04088,0.02019,0.01671,0.006692,0.02446,0.01735,0.3993,0.4033,
1.45,0.2765,0.04971,0.01331,0.00782,0.04092,0.02008,0.01671,0.006745,0.0245,0.01726,0.3993,0.4036,
1.455,0.242,0.05218,0.0135,0.007832,0.04096,0.02,0.0166,0.006825,0.02448,0.01721,0.3994,0.401,
1.453,0.2393,0.0511,0.01343,0.007838,0.04101,0.01994,0.01657,0.006825,0.0246,0.0171,0.3994,0.4022,
1.458,0.2354,0.05399,0.01341,0.007841,0.04094,0.01985,0.01656,0.006744,0.02459,0.0173,0.3994,0.3994,
1.454,0.2384,0.0522,0.0135,0.007828,0.04111,0.0198,0.01654,0.006685,0.02464,0.01709,0.3995,0.4011,
1.454,0.2389,0.05244,0.01326,0.007857,0.04105,0.0198,0.01649,0.00675,0.02512,0.0166,0.3995,0.4011,
1.451,0.2709,0.05145,0.0133,0.007862,0.04108,0.01965,0.01651,0.006781,0.02558,0.01606,0.3996,0.4021,
1.456,0.2605,0.0533,0.01326,0.007867,0.04124,0.0197,0.01647,0.006731,0.02558,0.01623,0.3996,0.4,
1.453,0.2791,0.05234,0.01327,0.00788,0.0412,0.01965,0.01645,0.006731,0.02602,0.0158,0.3997,0.401,
1.455,0.2639,0.05284,0.01333,0.007878,0.0413,0.01957,0.01643,0.00673,0.02629,0.01575,0.3996,0.4003,
1.453,0.272,0.05184,0.01342,0.007906,0.04136,0.01952,0.01639,0.006732,0.02625,0.01571,0.3997,0.4012,
1.451,0.2628,0.05116,0.01345,0.00792,0.04122,0.01944,0.0164,0.006855,0.02628,0.01551,0.3998,0.402,
1.45,0.251,0.05079,0.0135,0.007939,0.04123,0.01939,0.01644,0.006832,0.02683,0.01492,0.3998,0.4023,
1.449,0.2572,0.05002,0.01356,0.00794,0.04127,0.01939,0.01647,0.006947,0.02672,0.01488,0.3998,0.403,
1.453,0.2504,0.05258,0.01355,0.007957,0.04127,0.01894,0.01645,0.006947,0.02707,0.01472,0.3998,0.4007,
1.452,0.2558,0.05196,0.01359,0.00796,0.04127,0.01897,0.01638,0.007028,0.02705,0.01457,0.3999,0.4013,
1.449,0.257,0.05055,0.0136,0.007965,0.04128,0.01896,0.01633,0.007069,0.02717,0.01441,0.3999,0.4027,
1.456,0.2445,0.0532,0.0135,0.007975,0.04124,0.01891,0.01632,0.007065,0.02716,0.01526,0.3997,0.3997,
1.454,0.2559,0.05249,0.01343,0.007986,0.04126,0.01866,0.01628,0.007318,0.02724,0.01493,0.3998,0.4006,
1.456,0.2562,0.05324,0.0134,0.007998,0.0413,0.01861,0.01628,0.007268,0.02742,0.0151,0.3997,0.3997,
1.453,0.2533,0.05231,0.01338,0.00798,0.04118,0.01841,0.01622,0.007358,0.02738,0.01504,0.3997,0.401,
1.455,0.247,0.05391,0.01344,0.007938,0.04108,0.01817,0.01617,0.007455,0.02724,0.01511,0.3997,0.3998,
1.457,0.2435,0.05409,0.01342,0.007932,0.04097,0.01819,0.01604,0.007451,0.02722,0.01583,0.3995,0.3994,
1.456,0.2498,0.05346,0.0134,0.007963,0.04087,0.01827,0.01597,0.00759,0.02735,0.01558,0.3996,0.4,
1.457,0.2352,0.05209,0.01336,0.007994,0.04071,0.01827,0.01601,0.01065,0.02451,0.0155,0.3996,0.4013,
1.456,0.2459,0.05292,0.01327,0.007992,0.04081,0.01822,0.0205,0.006144,0.02453,0.01584,0.3995,0.4003,
1.457,0.2465,0.05345,0.0133,0.007992,0.04066,0.01832,0.0203,0.006349,0.02443,0.01597,0.3995,0.3998,
1.456,0.2305,0.05286,0.01334,0.008,0.04086,0.01825,0.02029,0.006479,0.02426,0.01597,0.3995,0.4002,
1.457,0.2318,0.05275,0.01334,0.007998,0.04086,0.01825,0.02024,0.006579,0.02428,0.01607,0.3994,0.4002,
1.455,0.2384,0.05178,0.01334,0.008009,0.04095,0.01826,0.02014,0.00704,0.02395,0.01586,0.3995,0.4012,
1.458,0.2348,0.05283,0.01338,0.00801,0.04093,0.01823,0.02018,0.006997,0.02387,0.01621,0.3993,0.4,
1.461,0.2382,0.05309,0.01334,0.00803,0.04095,0.01826,0.02013,0.007032,0.0239,0.01694,0.399,0.3993,
1.458,0.2357,0.05199,0.01332,0.008044,0.04093,0.01817,0.02013,0.006994,0.02401,0.01685,0.3992,0.4004,
1.456,0.2288,0.05119,0.01325,0.008045,0.04077,0.01814,0.02012,0.006915,0.02402,0.01685,0.3993,0.4014,
1.454,0.2292,0.05046,0.01333,0.00805,0.04071,0.01818,0.02013,0.006872,0.02402,0.01686,0.3994,0.402,
1.451,0.2311,0.04928,0.01338,0.008062,0.04062,0.01827,0.02005,0.006823,0.02443,0.01636,0.3994,0.4033,
1.459,0.2268,0.05343,0.01328,0.008071,0.04045,0.01824,0.02001,0.006823,0.02467,0.01625,0.3995,0.3993,
1.459,0.228,0.05201,0.01317,0.008068,0.04043,0.01837,0.01987,0.006786,0.0248,0.01715,0.3992,0.4002,
1.457,0.2378,0.05044,0.01321,0.008084,0.04085,0.01842,0.01987,0.006768,0.02483,0.01708,0.3993,0.4011,
1.456,0.2349,0.04971,0.01341,0.008098,0.04084,0.01829,0.01988,0.006759,0.02487,0.01701,0.3994,0.4017,
1.457,0.2302,0.0502,0.01344,0.008095,0.04081,0.01848,0.01968,0.006758,0.02495,0.01711,0.3994,0.4011,
1.459,0.2302,0.05132,0.01343,0.008094,0.04089,0.01836,0.0196,0.00684,0.02556,0.01645,0.3994,0.4,
1.458,0.2324,0.05111,0.01347,0.008106,0.0408,0.01828,0.01956,0.006921,0.02549,0.01645,0.3995,0.4003,
1.461,0.2275,0.05149,0.01345,0.0081,0.04051,0.01843,0.01939,0.006958,0.0255,0.01715,0.3994,0.3997,
1.46,0.231,0.05096,0.01347,0.00812,0.04043,0.01851,0.01923,0.006958,0.02567,0.01726,0.3993,0.4001,
1.462,0.2343,0.05127,0.01363,0.008118,0.04046,0.01858,0.01914,0.007037,0.02576,0.01734,0.3993,0.3994,
1.458,0.2345,0.04972,0.01359,0.008131,0.04051,0.01857,0.01919,0.006887,0.02593,0.01718,0.3994,0.4009,
1.457,0.234,0.04923,0.01359,0.008125,0.04045,0.01862,0.01915,0.007008,0.02588,0.01701,0.3994,0.4015,
1.455,0.2447,0.04843,0.01353,0.008135,0.04053,0.02147,0.01636,0.006981,0.02583,0.01701,0.3995,0.4023,
1.463,0.2427,0.05106,0.01365,0.00813,0.04053,0.02182,0.01606,0.006945,0.02591,0.01756,0.3992,0.3991,
1.462,0.2445,0.0507,0.01371,0.008166,0.0405,0.02182,0.01594,0.007047,0.02591,0.01757,0.3993,0.3993,
1.459,0.2385,0.04948,0.01367,0.008145,0.04046,0.02187,0.01587,0.007056,0.02588,0.01757,0.3994,0.4006,
1.459,0.2389,0.04925,0.01368,0.008153,0.04052,0.02208,0.01562,0.007057,0.02588,0.01748,0.3995,0.4008,
1.455,0.2415,0.04817,0.01348,0.008178,0.0405,0.0222,0.0156,0.006966,0.0261,0.01727,0.3995,0.402,
1.461,0.2364,0.05093,0.01335,0.008192,0.04038,0.0222,0.01547,0.007167,0.02611,0.01728,0.3995,0.3994,
1.458,0.2369,0.04989,0.01328,0.008143,0.04038,0.02248,0.01522,0.007334,0.02588,0.01721,0.3997,0.4005,
1.455,0.2411,0.04896,0.01329,0.008093,0.04046,0.02264,0.01641,0.006173,0.02574,0.01717,0.3997,0.4013,
1.453,0.2426,0.04787,0.01324,0.008113,0.04057,0.0226,0.01637,0.006255,0.02592,0.01681,0.3998,0.4025,
1.459,0.2387,0.04951,0.01327,0.008118,0.04043,0.02266,0.01627,0.006512,0.02567,0.01757,0.3995,0.4004,
1.457,0.2469,0.04904,0.01326,0.008117,0.04052,0.02268,0.0162,0.006434,0.02578,0.01745,0.3996,0.4009,
1.46,0.2337,0.05017,0.01324,0.008129,0.04057,0.02272,0.01616,0.006554,0.02561,0.01751,0.3996,0.3998,
1.458,0.2404,0.04926,0.01337,0.00814,0.04081,0.02268,0.01604,0.006554,0.0257,0.01739,0.3996,0.4004,
1.458,0.2397,0.04906,0.01339,0.008141,0.04064,0.02292,0.01587,0.006481,0.02574,0.01761,0.3996,0.4005,
1.457,0.2367,0.0481,0.01358,0.008153,0.0409,0.02288,0.01589,0.00653,0.02567,0.01761,0.3996,0.4011,
1.456,0.2724,0.04752,0.01357,0.008167,0.04092,0.02295,0.01577,0.006539,0.02566,0.01746,0.3997,0.4017,
1.452,0.2362,0.04584,0.01359,0.008176,0.04103,0.0231,0.01563,0.006499,0.0258,0.01733,0.3998,0.4033,
1.46,0.2343,0.04929,0.01358,0.008115,0.04105,0.02333,0.01541,0.006465,0.02586,0.01764,0.3997,0.3996,
1.458,0.2368,0.04864,0.01356,0.008126,0.04107,0.02336,0.01528,0.006423,0.02603,0.01748,0.3997,0.4003,
1.454,0.2379,0.04682,0.01363,0.008133,0.04106,0.02336,0.01521,0.0064,0.02619,0.0172,0.3998,0.4022,
1.451,0.241,0.04544,0.01369,0.008139,0.04109,0.02332,0.01526,0.006394,0.02613,0.01703,0.3999,0.4036,
1.447,0.252,0.04411,0.01368,0.00815,0.04097,0.02342,0.01504,0.006396,0.0262,0.01697,0.4,0.405,
1.444,0.2522,0.04323,0.01372,0.008161,0.041,0.02343,0.01499,0.006399,0.02629,0.01664,0.4002,0.4059,
1.442,0.2525,0.04272,0.0137,0.008105,0.04106,0.02347,0.01501,0.006366,0.02635,0.01637,0.4003,0.4065,
1.454,0.248,0.04828,0.01368,0.00812,0.04114,0.02355,0.01493,0.006352,0.0264,0.01627,0.4004,0.4009,
1.452,0.2518,0.04719,0.01371,0.008125,0.04142,0.02359,0.01479,0.006367,0.02636,0.01627,0.4004,0.4018,
1.451,0.2519,0.04639,0.01365,0.008133,0.04153,0.02367,0.01474,0.006457,0.02653,0.0159,0.4004,0.4026,
1.448,0.2578,0.04558,0.01357,0.008166,0.0415,0.02366,0.01469,0.006546,0.02648,0.01584,0.4005,0.4035,
1.446,0.2584,0.04474,0.01354,0.008177,0.04152,0.02379,0.01465,0.006474,0.02649,0.01576,0.4006,0.4043,
1.457,0.2561,0.04804,0.01362,0.008175,0.04165,0.02384,0.01457,0.006401,0.02658,0.01668,0.4002,0.4002,
1.454,0.2604,0.04681,0.01366,0.008205,0.04166,0.02388,0.01446,0.006402,0.02659,0.01668,0.4003,0.4014,
1.45,0.2577,0.04531,0.01357,0.008225,0.04166,0.02388,0.01449,0.006402,0.02669,0.01636,0.4004,0.403,
1.449,0.2622,0.04488,0.01352,0.00819,0.0416,0.02395,0.01443,0.006626,0.02648,0.01629,0.4004,0.4036,
1.448,0.2613,0.04444,0.01361,0.008211,0.04182,0.024,0.01439,0.006628,0.02674,0.01593,0.4005,0.4037,
1.444,0.266,0.04307,0.01365,0.008108,0.04169,0.02401,0.01428,0.006588,0.02695,0.01573,0.4006,0.4053,
1.451,0.2586,0.04748,0.01364,0.008129,0.04186,0.02766,0.01065,0.006543,0.02712,0.01548,0.4008,0.4007,
1.45,0.2622,0.04719,0.01355,0.008158,0.04173,0.02762,0.01069,0.006544,0.02756,0.01502,0.4009,0.401,
1.453,0.2745,0.04709,0.01354,0.008141,0.04163,0.02746,0.01059,0.006615,0.02763,0.0163,0.4003,0.4007,
1.454,0.261,0.04743,0.01348,0.008164,0.04163,0.02741,0.0105,0.006603,0.02762,0.01676,0.4002,0.4002,
1.452,0.2583,0.04633,0.01358,0.008176,0.04167,0.02733,0.01048,0.006603,0.02762,0.01676,0.4002,0.4013,
1.456,0.2635,0.04776,0.01375,0.008174,0.04165,0.027,0.01037,0.006601,0.02768,0.01707,0.4001,0.3999,
1.451,0.2583,0.04595,0.01368,0.008191,0.04173,0.02674,0.01039,0.006569,0.02764,0.01708,0.4001,0.4019,
1.448,0.248,0.04492,0.01364,0.008185,0.04181,0.02665,0.01039,0.006523,0.02772,0.01692,0.4002,0.403,
1.445,0.2523,0.04364,0.01365,0.008192,0.04198,0.02643,0.0103,0.006645,0.02784,0.01669,0.4003,0.4044,
1.444,0.2519,0.04312,0.01361,0.008188,0.04223,0.02632,0.01028,0.006819,0.02781,0.01652,0.4003,0.4048,
1.453,0.2472,0.04769,0.01371,0.008136,0.04231,0.02634,0.01008,0.006851,0.02783,0.01642,0.4003,0.4003,
1.445,0.2543,0.0474,0.0138,0.008145,0.04235,0.02342,0.009999,0.006851,0.02782,0.01639,0.4004,0.4034,
1.441,0.2543,0.04629,0.01381,0.008146,0.04234,0.02325,0.009992,0.006893,0.02786,0.01624,0.4005,0.4047,
1.439,0.2566,0.04557,0.01371,0.008152,0.04221,0.02329,0.009886,0.006852,0.02804,0.01602,0.4006,0.4057,
1.435,0.2559,0.04447,0.01363,0.00814,0.04223,0.02299,0.009847,0.006975,0.02793,0.01586,0.4007,0.4072,
1.448,0.2471,0.05052,0.0136,0.008159,0.04226,0.02286,0.009889,0.006868,0.02837,0.01585,0.4006,0.401,
1.446,0.2521,0.04934,0.01369,0.008179,0.04235,0.02286,0.009965,0.006743,0.02863,0.01559,0.4006,0.402,
1.444,0.2497,0.04865,0.01375,0.008175,0.04233,0.02273,0.009964,0.006703,0.02872,0.01546,0.4006,0.4029,
1.443,0.2598,0.04834,0.01373,0.008202,0.04243,0.02272,0.01002,0.006605,0.02869,0.01531,0.4007,0.4032,
1.449,0.2401,0.05093,0.01373,0.00821,0.04236,0.02271,0.0116,0.005001,0.02876,0.01607,0.4004,0.4002,
1.447,0.2439,0.05049,0.01365,0.008211,0.04235,0.02259,0.01163,0.005062,0.02871,0.01586,0.4005,0.4009,
1.45,0.2398,0.05101,0.01357,0.008209,0.04252,0.02247,0.01154,0.005126,0.02863,0.0164,0.4003,0.4002,
1.451,0.2471,0.05079,0.01364,0.008212,0.04246,0.02247,0.01148,0.005113,0.02862,0.01708,0.4001,0.4,
1.452,0.2299,0.0511,0.01362,0.008221,0.04226,0.02239,0.0115,0.005039,0.02862,0.0174,0.4001,0.3998,
1.453,0.2347,0.05072,0.01371,0.008232,0.04228,0.02238,0.01139,0.005212,0.02843,0.01791,0.3999,0.3998,
1.453,0.2343,0.04999,0.01377,0.008249,0.04219,0.02236,0.01131,0.005389,0.02848,0.01831,0.3997,0.4002,
1.451,0.2366,0.04929,0.0139,0.008261,0.04213,0.02237,0.0114,0.005256,0.02888,0.0178,0.3999,0.4008,
1.448,0.2373,0.04732,0.01392,0.008287,0.04225,0.02247,0.01125,0.005297,0.02912,0.01753,0.3999,0.4026,
1.446,0.2398,0.04667,0.01393,0.008302,0.04243,0.02231,0.01122,0.00544,0.02909,0.0173,0.4,0.4033,
1.443,0.2449,0.04592,0.01381,0.008313,0.04245,0.02212,0.0112,0.005546,0.02905,0.01716,0.4,0.4044,
1.453,0.2384,0.0494,0.01383,0.008315,0.04238,0.02207,0.01113,0.005605,0.02897,0.01798,0.3997,0.4006,
1.451,0.2354,0.04852,0.01381,0.008325,0.04236,0.0222,0.01105,0.005557,0.02892,0.01798,0.3997,0.4015,
1.453,0.2491,0.04763,0.0138,0.008343,0.04241,0.02212,0.01115,0.009047,0.02542,0.01787,0.3998,0.4024,
1.458,0.2336,0.04946,0.01385,0.008331,0.04229,0.02216,0.01111,0.009126,0.0254,0.01802,0.3998,0.4005,
1.459,0.239,0.04949,0.01391,0.008336,0.04219,0.02215,0.0111,0.009284,0.0252,0.01846,0.3997,0.4002,
1.458,0.2379,0.04904,0.01385,0.008336,0.04223,0.02213,0.0111,0.009397,0.02501,0.01846,0.3997,0.4007,
1.461,0.2407,0.04933,0.01389,0.008348,0.04197,0.02215,0.01114,0.00934,0.02497,0.01942,0.3994,0.4,
1.46,0.2491,0.04888,0.01395,0.008362,0.04214,0.02223,0.01114,0.009261,0.02532,0.01896,0.3995,0.4002,
1.457,0.2368,0.04814,0.01391,0.008369,0.04182,0.02228,0.01099,0.009336,0.02538,0.01874,0.3997,0.4014,
1.453,0.2345,0.04643,0.01398,0.008377,0.04176,0.02235,0.011,0.009364,0.02546,0.01856,0.3997,0.403,
1.451,0.232,0.04553,0.01398,0.008371,0.04175,0.02231,0.01091,0.009359,0.02558,0.01843,0.3997,0.404,
1.462,0.2377,0.0497,0.01398,0.008386,0.0417,0.02258,0.01069,0.00928,0.02565,0.01909,0.3995,0.3995,
1.46,0.2383,0.04862,0.01393,0.008407,0.04166,0.0227,0.01061,0.009238,0.02565,0.01931,0.3994,0.4005,
1.458,0.2416,0.04791,0.0139,0.008459,0.04165,0.02287,0.01045,0.009281,0.02626,0.01849,0.3995,0.4012,
1.456,0.2357,0.04711,0.014,0.008478,0.04157,0.02294,0.01048,0.009284,0.02618,0.01831,0.3997,0.402,
1.454,0.2355,0.0462,0.01407,0.00848,0.04195,0.02286,0.01046,0.009286,0.02619,0.01819,0.3998,0.4025,
1.46,0.2351,0.04892,0.01404,0.008494,0.042,0.02278,0.01048,0.009299,0.02683,0.01772,0.3997,0.3997,
1.458,0.2396,0.0479,0.01416,0.008496,0.04204,0.02277,0.01048,0.009301,0.02698,0.01754,0.3998,0.4005,
1.459,0.2377,0.04865,0.01429,0.008504,0.04202,0.02561,0.007664,0.009298,0.02689,0.01791,0.3997,0.3995,
1.457,0.2427,0.04793,0.01421,0.008525,0.04211,0.02552,0.007623,0.009983,0.02636,0.01777,0.3998,0.4002,
1.455,0.2501,0.047,0.01431,0.008533,0.04208,0.02565,0.007635,0.00988,0.02674,0.01731,0.3998,0.401,
1.458,0.2476,0.04782,0.0143,0.008533,0.04203,0.02572,0.007679,0.009835,0.02672,0.01776,0.3997,0.3999,
1.457,0.2425,0.04719,0.01426,0.00854,0.04197,0.02562,0.00772,0.009836,0.02668,0.01776,0.3997,0.4007,
1.452,0.2484,0.04559,0.01419,0.008538,0.04209,0.02549,0.007549,0.009838,0.02683,0.01762,0.3998,0.4025,
1.45,0.2522,0.04477,0.01433,0.008552,0.04211,0.0254,0.00749,0.009839,0.0268,0.01752,0.3998,0.4034,
1.448,0.243,0.04431,0.01432,0.008557,0.04205,0.02515,0.007472,0.009802,0.02725,0.01708,0.3999,0.4041,
1.445,0.2429,0.0435,0.01422,0.008562,0.04208,0.02509,0.007447,0.009723,0.02726,0.01708,0.4,0.405,
1.431,0.2364,0.04245,0.01408,0.008575,0.042,0.02158,0.007421,0.009702,0.02722,0.01692,0.4002,0.4098,
1.429,0.2355,0.0414,0.01404,0.008572,0.04208,0.02152,0.00746,0.009622,0.02722,0.01692,0.4002,0.4109,
1.426,0.2386,0.04034,0.01403,0.008591,0.04209,0.02156,0.00741,0.009711,0.02722,0.01682,0.4003,0.4119,
1.424,0.2398,0.03971,0.01395,0.00861,0.0421,0.02167,0.007376,0.009668,0.02727,0.01666,0.4004,0.4126,
1.423,0.2538,0.03937,0.01394,0.008616,0.04213,0.02167,0.007415,0.009593,0.02753,0.01634,0.4005,0.4129,
1.45,0.2372,0.0517,0.01395,0.008625,0.04212,0.02162,0.007457,0.009708,0.02738,0.0164,0.4005,0.4005,
1.45,0.2372,0.05118,0.01391,0.008653,0.04236,0.02166,0.007552,0.009649,0.0274,0.01632,0.4006,0.4007,
1.448,0.2361,0.05103,0.01393,0.008597,0.04233,0.02165,0.007479,0.009642,0.02759,0.01594,0.4007,0.401,
1.451,0.2346,0.05093,0.01413,0.008598,0.04241,0.02147,0.007513,0.009634,0.02794,0.01634,0.4004,0.4006,
1.449,0.2361,0.05013,0.01417,0.008565,0.04235,0.02151,0.007514,0.009595,0.02833,0.01588,0.4005,0.4014,
1.448,0.2374,0.04967,0.01419,0.008571,0.04242,0.02147,0.007575,0.009565,0.02842,0.01576,0.4005,0.4018,
1.446,0.2302,0.04933,0.01422,0.008578,0.04222,0.02152,0.007578,0.009698,0.02829,0.01559,0.4006,0.4023,
1.451,0.2327,0.05072,0.01423,0.008591,0.04232,0.02148,0.007622,0.00976,0.02817,0.01596,0.4006,0.4005,
1.449,0.2271,0.05023,0.01426,0.008602,0.04238,0.02155,0.007592,0.009682,0.02818,0.01578,0.4007,0.401,
1.446,0.2294,0.04957,0.01427,0.00861,0.04218,0.02127,0.007617,0.009582,0.02839,0.01557,0.4008,0.4021,
1.445,0.2324,0.04928,0.01427,0.008627,0.04215,0.02124,0.00764,0.009633,0.02856,0.01519,0.4009,0.4025,
1.439,0.2355,0.04704,0.01426,0.008649,0.04199,0.02126,0.007595,0.009628,0.02871,0.0148,0.4011,0.4049,
1.437,0.2385,0.04631,0.01436,0.008644,0.04185,0.02126,0.007595,0.009711,0.0286,0.0148,0.4012,0.4056,
1.447,0.2339,0.05001,0.01425,0.008645,0.04184,0.02102,0.007589,0.009833,0.02859,0.01554,0.401,0.4017,
1.446,0.2398,0.04962,0.01423,0.008682,0.04171,0.0211,0.007583,0.009902,0.02853,0.01541,0.4011,0.4021,
1.443,0.2454,0.04849,0.0143,0.008698,0.04173,0.02088,0.007688,0.009912,0.02847,0.01515,0.4012,0.4035,
1.448,0.2411,0.0509,0.01421,0.008698,0.04164,0.02087,0.007708,0.00991,0.02843,0.01551,0.4011,0.401,
1.449,0.2423,0.05038,0.01421,0.008697,0.04159,0.02086,0.007703,0.01003,0.02843,0.01595,0.4009,0.4012,
1.452,0.2412,0.05045,0.01431,0.008725,0.0415,0.02096,0.007626,0.01018,0.02848,0.0165,0.4006,0.4006,
1.45,0.2433,0.04926,0.01429,0.008743,0.04175,0.02099,0.007642,0.01046,0.02843,0.01615,0.4008,0.4015,
1.447,0.2461,0.04856,0.01432,0.008701,0.04176,0.0212,0.007392,0.01067,0.02831,0.01588,0.4009,0.4023,
1.445,0.2475,0.04762,0.0143,0.008706,0.04178,0.02116,0.007413,0.01091,0.02799,0.01588,0.401,0.4033,
1.444,0.2521,0.04709,0.01429,0.008714,0.04184,0.02114,0.007411,0.01103,0.02778,0.01588,0.401,0.4039,
1.442,0.2556,0.04624,0.01416,0.008716,0.04181,0.02107,0.007474,0.01108,0.02786,0.0157,0.4011,0.4048,
1.44,0.2602,0.04544,0.01415,0.008729,0.04179,0.02104,0.007507,0.01119,0.02777,0.01564,0.4012,0.4056,
1.452,0.2545,0.04938,0.01417,0.008719,0.04174,0.02103,0.00749,0.01128,0.02772,0.01675,0.4007,0.401,
1.45,0.2526,0.04905,0.01418,0.008732,0.04169,0.02097,0.007373,0.01139,0.02764,0.01663,0.4008,0.4015,
1.45,0.254,0.04896,0.01416,0.008737,0.04159,0.02115,0.007132,0.01151,0.02761,0.0167,0.4009,0.4016,
1.453,0.2505,0.04931,0.01416,0.008753,0.04151,0.02113,0.007082,0.01165,0.0279,0.01712,0.4005,0.4009,
1.456,0.2474,0.04931,0.0142,0.00876,0.04159,0.02197,0.0062,0.01187,0.02766,0.01834,0.4001,0.4,
1.458,0.2472,0.04884,0.01431,0.008781,0.04159,0.022,0.006235,0.01192,0.02787,0.01875,0.3998,0.3999,
1.458,0.2494,0.0489,0.01422,0.008792,0.04163,0.022,0.006227,0.01203,0.02772,0.01889,0.3998,0.3997,
1.455,0.2482,0.04729,0.01414,0.008823,0.04162,0.02196,0.006218,0.01228,0.02754,0.01883,0.3999,0.4014,
1.453,0.2534,0.04655,0.0142,0.008839,0.04174,0.02196,0.006163,0.01234,0.02765,0.01863,0.4,0.402,
1.45,0.2548,0.0455,0.01414,0.008838,0.04192,0.02188,0.006221,0.0124,0.02754,0.01835,0.4001,0.4031,
1.45,0.2547,0.04535,0.0142,0.008845,0.04168,0.02188,0.0063,0.01236,0.02755,0.01828,0.4003,0.4033,
1.447,0.2576,0.04479,0.01421,0.008859,0.04161,0.02174,0.006261,0.01245,0.02762,0.01802,0.4004,0.4041,
1.447,0.2665,0.04419,0.01429,0.008862,0.04175,0.02164,0.006284,0.01464,0.02537,0.01775,0.4004,0.4048,
1.446,0.2932,0.04363,0.01427,0.008877,0.04177,0.02167,0.006397,0.01458,0.02536,0.01768,0.4004,0.4053,
1.441,0.2579,0.04191,0.01418,0.008901,0.04162,0.0216,0.006301,0.01465,0.02528,0.01768,0.4005,0.4074,
1.438,0.2565,0.04076,0.01406,0.00892,0.04168,0.02161,0.00648,0.01447,0.02529,0.01769,0.4006,0.4085,
1.457,0.247,0.04837,0.01408,0.008918,0.04176,0.02154,0.006621,0.01436,0.02572,0.01783,0.4003,0.4005,
1.457,0.2481,0.04787,0.0142,0.00892,0.04203,0.0214,0.006661,0.0144,0.02583,0.01764,0.4004,0.4007,
1.46,0.2461,0.04808,0.01416,0.008918,0.04191,0.02138,0.006679,0.0143,0.0259,0.01894,0.3999,0.3998,
1.456,0.2655,0.04605,0.01417,0.008917,0.04188,0.02127,0.006726,0.01446,0.02596,0.01864,0.3999,0.402,
1.453,0.2615,0.04518,0.01408,0.008861,0.04188,0.02124,0.006807,0.01433,0.02596,0.01864,0.4,0.403,
1.458,0.2518,0.04764,0.01408,0.008869,0.04181,0.02124,0.006806,0.01433,0.02638,0.01831,0.4,0.4005,
1.455,0.2639,0.04644,0.01422,0.008831,0.04151,0.021,0.006839,0.01438,0.02639,0.01823,0.4001,0.402,
1.453,0.2554,0.04575,0.01416,0.008864,0.04141,0.02096,0.006912,0.01435,0.02641,0.01818,0.4002,0.4028,
1.452,0.2594,0.04556,0.01413,0.008871,0.0413,0.02103,0.006922,0.01445,0.02673,0.01769,0.4003,0.403,
1.451,0.2661,0.04485,0.01414,0.008893,0.04139,0.02108,0.006955,0.01454,0.02662,0.01765,0.4003,0.4035,
1.458,0.2485,0.0474,0.01402,0.00888,0.04135,0.02105,0.006982,0.01453,0.02685,0.01814,0.4001,0.4007,
1.46,0.2507,0.04739,0.01406,0.008875,0.04124,0.02103,0.007023,0.01452,0.02676,0.01888,0.3999,0.4003,
1.457,0.2535,0.04574,0.01415,0.008888,0.04132,0.02106,0.006991,0.0147,0.02683,0.01851,0.4,0.4018,
1.457,0.2608,0.04551,0.01422,0.008901,0.04143,0.02102,0.007134,0.01462,0.02675,0.01851,0.4,0.4019,
1.46,0.25,0.04731,0.01416,0.008882,0.04147,0.02089,0.007351,0.01437,0.0269,0.01821,0.4001,0.4003,
1.458,0.2514,0.04684,0.01422,0.008882,0.04141,0.02075,0.00726,0.01445,0.02698,0.01821,0.4002,0.4008,
1.457,0.2523,0.04655,0.01424,0.008903,0.04122,0.02063,0.007342,0.01442,0.02698,0.01814,0.4003,0.4012,
1.461,0.249,0.04737,0.01426,0.008894,0.04119,0.02061,0.007458,0.01445,0.02681,0.01894,0.4,0.4,
1.461,0.2484,0.04706,0.01424,0.008913,0.04109,0.02062,0.007459,0.01448,0.02699,0.01874,0.4001,0.4003,
1.46,0.2561,0.04631,0.01429,0.008931,0.04123,0.02066,0.007461,0.01468,0.02697,0.01852,0.4002,0.4007,
1.456,0.2766,0.04509,0.01425,0.008863,0.04125,0.02052,0.007535,0.01476,0.02704,0.01822,0.4003,0.4022,
1.461,0.2542,0.04687,0.01426,0.008861,0.04115,0.02026,0.007552,0.01476,0.02724,0.01865,0.4001,0.4003,
1.457,0.2582,0.04546,0.01423,0.00886,0.04112,0.02015,0.007554,0.01482,0.02778,0.01802,0.4001,0.4019,
1.455,0.2588,0.04474,0.01426,0.008874,0.04105,0.0203,0.007467,0.01492,0.02769,0.01795,0.4002,0.4026,
1.453,0.2562,0.04347,0.01404,0.008792,0.04086,0.02031,0.007502,0.0212,0.02154,0.01767,0.4003,0.4043,
1.451,0.2575,0.04278,0.01403,0.008801,0.04083,0.02036,0.007484,0.0213,0.02133,0.01767,0.4004,0.405,
1.459,0.2554,0.04631,0.01399,0.008803,0.04097,0.02027,0.007545,0.0213,0.02158,0.01758,0.4004,0.4013,
1.46,0.2538,0.04679,0.01392,0.008783,0.04097,0.02022,0.007601,0.02118,0.02154,0.01784,0.4003,0.4008,
1.46,0.2558,0.04636,0.01388,0.008794,0.04092,0.02026,0.007672,0.0211,0.0215,0.01816,0.4003,0.4011,
1.46,0.2676,0.04647,0.01384,0.008791,0.04091,0.02024,0.007676,0.02622,0.01642,0.01828,0.4002,0.4009,
1.457,0.2682,0.04537,0.01384,0.008803,0.04094,0.02028,0.007684,0.02611,0.0165,0.01808,0.4003,0.4021,
1.459,0.275,0.04598,0.0139,0.008814,0.04088,0.0202,0.007766,0.02926,0.01326,0.01905,0.3999,0.401,
1.458,0.2694,0.04548,0.01392,0.008817,0.04108,0.0202,0.007846,0.02921,0.01338,0.01885,0.3999,0.4013,
1.462,0.2669,0.04666,0.014,0.008822,0.041,0.02019,0.00799,0.02906,0.01353,0.01901,0.3999,0.3998,
1.461,0.2667,0.04596,0.01409,0.00883,0.04098,0.0202,0.008112,0.02899,0.01349,0.01884,0.4,0.4006,
1.459,0.2535,0.0447,0.01418,0.008841,0.04134,0.0202,0.008153,0.02903,0.0135,0.01864,0.4,0.4014,
1.463,0.2508,0.04601,0.0142,0.008848,0.04125,0.0202,0.00833,0.02883,0.01345,0.01915,0.3999,0.3999,
1.465,0.2535,0.04574,0.01417,0.00888,0.0417,0.02016,0.008366,0.0288,0.01382,0.01931,0.3997,0.3993,
1.463,0.2589,0.04465,0.01419,0.008776,0.0418,0.02019,0.008559,0.02862,0.014,0.01909,0.3998,0.4004,
1.463,0.2595,0.04491,0.0142,0.008786,0.04159,0.01993,0.008488,0.02864,0.01422,0.01925,0.3997,0.4003,
1.459,0.2498,0.04324,0.01435,0.008818,0.04155,0.02149,0.006923,0.02868,0.01431,0.01912,0.3998,0.4017,
1.456,0.2509,0.0423,0.01424,0.008831,0.04151,0.02153,0.007116,0.02856,0.01437,0.01874,0.3999,0.4029,
1.455,0.2498,0.04167,0.01431,0.008846,0.04143,0.02158,0.007098,0.02854,0.01462,0.01846,0.4,0.4034,
1.463,0.2436,0.04466,0.01429,0.008765,0.04133,0.02146,0.007271,0.02829,0.01508,0.01885,0.3997,0.4003,
1.46,0.2459,0.0437,0.01438,0.008777,0.0412,0.02143,0.007247,0.0283,0.01525,0.01856,0.3998,0.4013,
1.459,0.2578,0.04314,0.01437,0.008781,0.04114,0.02141,0.007216,0.02827,0.01526,0.01848,0.3999,0.402,
1.457,0.2618,0.04224,0.01447,0.008798,0.041,0.02142,0.007299,0.02824,0.01531,0.0184,0.4001,0.4027,
1.456,0.2569,0.04205,0.01452,0.008798,0.0411,0.02127,0.007259,0.02824,0.01542,0.01829,0.4001,0.4029,
1.454,0.2617,0.04124,0.01456,0.008812,0.04107,0.02118,0.007436,0.02813,0.01568,0.01774,0.4002,0.4039,
1.452,0.2491,0.04081,0.01452,0.00883,0.04118,0.02099,0.007558,0.02804,0.01565,0.01759,0.4003,0.4045,
1.463,0.2396,0.04499,0.01457,0.008829,0.04107,0.02096,0.007675,0.02794,0.0157,0.01811,0.4001,0.4,
1.464,0.2526,0.04421,0.01455,0.008836,0.04114,0.02094,0.01046,0.02551,0.0155,0.01772,0.4002,0.4009,
1.468,0.2535,0.04504,0.01459,0.008833,0.04121,0.02073,0.01048,0.02544,0.01562,0.01856,0.3998,0.3997,
1.467,0.2622,0.0441,0.01461,0.008834,0.04124,0.02188,0.009337,0.02531,0.01561,0.01912,0.3996,0.4003,
1.465,0.259,0.04374,0.01461,0.008861,0.04124,0.02169,0.009426,0.02523,0.01565,0.01904,0.3997,0.4008,
1.464,0.2582,0.04314,0.01464,0.008879,0.04138,0.02149,0.009631,0.02495,0.01565,0.01904,0.3997,0.4015,
1.47,0.2636,0.04546,0.01467,0.008912,0.04136,0.02119,0.00989,0.02471,0.01574,0.01933,0.3995,0.3992,
1.471,0.2552,0.04535,0.01463,0.008952,0.0413,0.0211,0.00991,0.02467,0.01582,0.01988,0.3993,0.3991,
1.467,0.257,0.04452,0.01461,0.008948,0.04103,0.02047,0.009956,0.0247,0.01617,0.01946,0.3994,0.4007,
1.466,0.2517,0.04452,0.01427,0.008901,0.04069,0.02012,0.01013,0.02454,0.01619,0.02024,0.3992,0.4012,
1.47,0.2538,0.04647,0.01428,0.008933,0.04066,0.01955,0.01019,0.02441,0.01616,0.02076,0.399,0.3996,
1.465,0.2484,0.04514,0.01424,0.008941,0.04048,0.01941,0.01037,0.02592,0.01457,0.02046,0.3992,0.4013,
1.463,0.2544,0.04423,0.01431,0.00895,0.04054,0.01927,0.0105,0.02575,0.01483,0.02016,0.3992,0.4022,
1.461,0.2411,0.04313,0.0144,0.008947,0.04064,0.01932,0.01066,0.02563,0.01494,0.01985,0.3993,0.4032,
1.459,0.2428,0.04264,0.01435,0.008939,0.04075,0.01923,0.01074,0.02559,0.01512,0.01948,0.3994,0.4038,
1.458,0.2489,0.04214,0.0144,0.008953,0.04072,0.01901,0.01098,0.02545,0.0151,0.01938,0.3994,0.4045,
1.47,0.2446,0.04709,0.01439,0.008807,0.04098,0.01896,0.01116,0.02529,0.01547,0.01932,0.3993,0.3992,
1.469,0.2379,0.04679,0.01436,0.008829,0.04099,0.01892,0.01113,0.02533,0.01582,0.01884,0.3994,0.3996,
1.47,0.2303,0.04728,0.01436,0.008799,0.04098,0.01872,0.01109,0.02528,0.01586,0.01936,0.3992,0.3991,
1.468,0.2343,0.04589,0.01436,0.008826,0.04114,0.01869,0.01101,0.02533,0.01638,0.0188,0.3993,0.4003,
1.465,0.2362,0.0445,0.01432,0.008825,0.04137,0.01854,0.01113,0.02521,0.01646,0.01872,0.3993,0.4016,
1.464,0.2385,0.04407,0.0144,0.008835,0.04141,0.0185,0.01133,0.02497,0.01653,0.01857,0.3994,0.402,
1.472,0.2341,0.04721,0.01438,0.008837,0.04136,0.01835,0.01147,0.02482,0.01661,0.01897,0.3992,0.3988,
1.467,0.2364,0.04592,0.01426,0.00884,0.04116,0.0182,0.0116,0.02462,0.01682,0.01878,0.3993,0.4005,
1.464,0.2786,0.04505,0.01409,0.008838,0.04108,0.01815,0.01165,0.02459,0.01678,0.01869,0.3994,0.4017,
1.47,0.2387,0.047,0.01398,0.008842,0.04106,0.01814,0.01179,0.0245,0.01699,0.01888,0.3992,0.3996,
1.473,0.2437,0.04728,0.01401,0.008848,0.04103,0.01816,0.01182,0.02436,0.01693,0.01982,0.399,0.3988,
1.47,0.2475,0.04623,0.01396,0.008743,0.04101,0.0181,0.01191,0.02428,0.01704,0.01968,0.399,0.4,
1.474,0.2505,0.04609,0.01401,0.008747,0.041,0.01808,0.01768,0.01847,0.01699,0.02067,0.3987,0.3996,
1.472,0.2369,0.04523,0.014,0.008753,0.04103,0.01809,0.01776,0.01835,0.017,0.02058,0.3988,0.4004,
1.469,0.2363,0.04391,0.01404,0.008759,0.04095,0.01823,0.0178,0.01825,0.01695,0.02036,0.3989,0.4018,
1.468,0.2349,0.0436,0.01401,0.008792,0.04094,0.01838,0.0179,0.01805,0.01712,0.02016,0.399,0.4021,
1.463,0.2337,0.04176,0.01398,0.008704,0.04086,0.01838,0.01806,0.01799,0.01702,0.02008,0.399,0.4041,
1.474,0.2336,0.04659,0.01396,0.008719,0.0408,0.01848,0.01808,0.01788,0.01736,0.01976,0.3991,0.3993,
1.472,0.2437,0.04584,0.01395,0.008728,0.04087,0.01859,0.018,0.01789,0.01744,0.01964,0.3992,0.3999,
1.476,0.2305,0.04663,0.01394,0.008736,0.04077,0.01854,0.01806,0.01779,0.01789,0.01992,0.3989,0.3988,
1.472,0.2318,0.0451,0.01386,0.008737,0.04084,0.01858,0.01814,0.01767,0.01797,0.01984,0.3989,0.4003,
1.469,0.2258,0.04364,0.01391,0.008741,0.04089,0.01874,0.0181,0.01755,0.01856,0.01925,0.3989,0.4017,
1.478,0.2375,0.04626,0.0139,0.008751,0.04095,0.02201,0.01483,0.01757,0.01862,0.02027,0.3985,0.3984,
1.476,0.2274,0.04541,0.0139,0.008762,0.04099,0.02201,0.01478,0.01761,0.01858,0.02027,0.3985,0.3992,
1.475,0.2377,0.04492,0.01384,0.008769,0.04112,0.02203,0.01477,0.01767,0.01858,0.02016,0.3985,0.3996,
1.474,0.2281,0.04457,0.01385,0.008781,0.04104,0.022,0.0148,0.0177,0.01863,0.01992,0.3987,0.4,
1.473,0.2309,0.04413,0.01397,0.0088,0.04104,0.02187,0.01485,0.01776,0.01881,0.01959,0.3987,0.4005,
1.471,0.234,0.0435,0.01389,0.008814,0.04102,0.02186,0.01479,0.0178,0.01877,0.01956,0.3987,0.4013,
1.468,0.2427,0.04221,0.0139,0.008828,0.04104,0.02179,0.01475,0.01788,0.0193,0.01893,0.3988,0.4026,
