entropy,entropyInd,RabA,RabB,RabC,RabD,RabE,RabF,RabG,RabH,RabI,xER,xPM,
0.8684,0.4196,0.0113,0.008895,0.009409,0.01005,0.007531,0.004842,0.003547,0.005856,0.008246,0.1865,0.7438,
0.8678,0.4243,0.01126,0.008893,0.009406,0.01005,0.007432,0.004842,0.003547,0.005857,0.008246,0.1865,0.744,
0.866,0.421,0.01091,0.008879,0.009405,0.01005,0.007388,0.004842,0.003547,0.005857,0.008246,0.1865,0.7444,
0.8654,0.397,0.01077,0.008879,0.009405,0.01005,0.007388,0.004842,0.003547,0.005857,0.008246,0.1865,0.7445,
0.8644,0.3893,0.01048,0.008855,0.009401,0.01003,0.007385,0.00484,0.003546,0.005854,0.008243,0.1868,0.7445,
0.8616,0.3897,0.009973,0.008811,0.009396,0.009999,0.007316,0.00484,0.003546,0.005854,0.008243,0.1868,0.7452,
0.8597,0.3802,0.009646,0.008776,0.009396,0.009959,0.0073,0.004835,0.003541,0.005854,0.008243,0.1868,0.7456,
0.8623,0.3796,0.00973,0.008771,0.009391,0.009953,0.007277,0.004828,0.003539,0.00585,0.008821,0.1867,0.7451,
0.8609,0.3803,0.009451,0.008771,0.009387,0.009928,0.007277,0.004828,0.003538,0.00585,0.008821,0.1867,0.7454,
0.8609,0.3932,0.009462,0.008756,0.009382,0.009906,0.00719,0.004828,0.003538,0.005851,0.008967,0.1866,0.7455,
0.8602,0.3861,0.009425,0.008754,0.009372,0.009873,0.007129,0.004828,0.003538,0.005851,0.008967,0.1866,0.7457,
0.8597,0.3901,0.009302,0.008746,0.009371,0.009872,0.007105,0.004827,0.003538,0.00585,0.008966,0.1867,0.7457,
0.8577,0.3887,0.009063,0.00874,0.009369,0.009844,0.006938,0.004828,0.003538,0.00585,0.008966,0.1867,0.7461,
0.8582,0.3783,0.008973,0.008721,0.009365,0.009809,0.006873,0.004827,0.003538,0.00585,0.009456,0.1863,0.7463,
0.8576,0.3773,0.008902,0.008721,0.009319,0.009757,0.006702,0.004827,0.003538,0.00585,0.009762,0.186,0.7467,
0.8564,0.3763,0.0087,0.008664,0.009304,0.009738,0.006567,0.00482,0.00353,0.005846,0.009745,0.1866,0.7465,
0.8549,0.3767,0.008393,0.008653,0.009288,0.009723,0.006567,0.00482,0.00353,0.005846,0.009745,0.1866,0.7468,
0.8538,0.3735,0.008218,0.00865,0.009288,0.0097,0.006531,0.00482,0.00353,0.005846,0.009745,0.1866,0.7471,
0.854,0.3702,0.00828,0.008642,0.009285,0.0097,0.006452,0.004816,0.003525,0.005846,0.009861,0.1865,0.7471,
0.855,0.3777,0.008338,0.008643,0.009285,0.009671,0.006434,0.004811,0.003525,0.005846,0.0102,0.1862,0.7471,
0.8548,0.3644,0.008226,0.008619,0.00928,0.009617,0.006379,0.004808,0.003523,0.005842,0.0103,0.1865,0.7469,
0.8545,0.3697,0.008223,0.008613,0.00928,0.009597,0.006343,0.004809,0.003523,0.005842,0.0103,0.1865,0.7469,
0.8542,0.3587,0.008095,0.008612,0.00928,0.009583,0.006309,0.0048,0.003519,0.005842,0.01052,0.1863,0.7471,
0.8535,0.3582,0.008022,0.008612,0.009222,0.009583,0.006278,0.004793,0.003519,0.005842,0.01052,0.1863,0.7473,
0.8539,0.3573,0.00814,0.0086,0.009216,0.009523,0.006209,0.004789,0.003513,0.005841,0.01072,0.1861,0.7473,
0.8532,0.3514,0.008012,0.008596,0.009212,0.009506,0.006139,0.004774,0.003506,0.005838,0.01072,0.1865,0.7472,
0.8529,0.3582,0.008,0.008585,0.009205,0.009506,0.00612,0.004769,0.003506,0.005838,0.01072,0.1865,0.7473,
0.8519,0.3558,0.007931,0.008571,0.009205,0.009485,0.005999,0.004764,0.003506,0.005838,0.01072,0.1865,0.7475,
0.8516,0.3628,0.007953,0.008507,0.009194,0.009464,0.005969,0.004764,0.003506,0.005838,0.01078,0.1864,0.7476,
0.8522,0.3523,0.008024,0.008501,0.009188,0.009463,0.005911,0.00476,0.003506,0.005838,0.011,0.1862,0.7476,
0.8531,0.3429,0.008017,0.008466,0.009184,0.009459,0.005909,0.004757,0.003504,0.005835,0.01121,0.1864,0.7472,
0.8549,0.3446,0.008335,0.008457,0.009148,0.009459,0.005957,0.004729,0.003486,0.006014,0.01119,0.1863,0.747,
0.854,0.352,0.008178,0.008448,0.009122,0.009445,0.005988,0.004697,0.003518,0.00624,0.0109,0.1863,0.7472,
0.8538,0.3567,0.008094,0.008424,0.009135,0.009508,0.005957,0.00469,0.003561,0.006495,0.01054,0.1865,0.7471,
0.853,0.3581,0.007988,0.008409,0.009101,0.009509,0.005918,0.00469,0.003561,0.006727,0.01031,0.1865,0.7473,
0.8512,0.3772,0.007887,0.008396,0.009114,0.009552,0.005919,0.006631,0.001645,0.006702,0.01031,0.1865,0.7474,
0.8532,0.377,0.007951,0.008396,0.009124,0.009525,0.005915,0.006677,0.001677,0.007079,0.01023,0.1864,0.747,
0.8523,0.3797,0.007795,0.008405,0.009131,0.009555,0.005838,0.006696,0.001677,0.007125,0.01017,0.1864,0.7472,
0.8515,0.3706,0.007559,0.0084,0.009141,0.009585,0.005838,0.006696,0.001696,0.007296,0.00998,0.1864,0.7474,
0.851,0.3627,0.007544,0.008384,0.009151,0.009577,0.005737,0.006696,0.001733,0.007361,0.009878,0.1864,0.7475,
0.852,0.365,0.007576,0.008397,0.009132,0.009577,0.005737,0.006727,0.001734,0.007446,0.01008,0.1861,0.7475,
0.852,0.3752,0.007484,0.008385,0.009106,0.009602,0.005775,0.00669,0.001734,0.00764,0.01002,0.1859,0.7476,
0.8526,0.3786,0.007548,0.008378,0.009119,0.009588,0.00576,0.006686,0.001729,0.00799,0.009782,0.1858,0.7476,
0.8535,0.373,0.007648,0.008377,0.009128,0.009518,0.005729,0.006636,0.001727,0.008144,0.01001,0.1855,0.7476,
0.8537,0.3838,0.007625,0.00837,0.009133,0.00943,0.005653,0.00663,0.001725,0.008377,0.009759,0.1863,0.747,
0.8526,0.3692,0.007485,0.008339,0.009064,0.00943,0.005671,0.006611,0.001725,0.008427,0.00971,0.1863,0.7473,
0.8523,0.3689,0.007437,0.008345,0.009068,0.00943,0.005648,0.006596,0.001725,0.008649,0.009487,0.1863,0.7474,
0.8518,0.377,0.007303,0.008348,0.009076,0.009447,0.005667,0.006577,0.001725,0.008702,0.009434,0.1863,0.7475,
0.8505,0.3763,0.00728,0.008362,0.009083,0.00942,0.005438,0.006572,0.001725,0.00902,0.009116,0.1863,0.7477,
0.8505,0.3913,0.007311,0.008354,0.009022,0.009411,0.007338,0.004658,0.001721,0.009169,0.009111,0.1861,0.7478,
0.8504,0.3922,0.007309,0.008341,0.009033,0.00941,0.007365,0.004629,0.001783,0.01054,0.007675,0.1862,0.7477,
0.8494,0.3859,0.0073,0.008322,0.009005,0.009368,0.007321,0.004618,0.001771,0.01068,0.007474,0.1863,0.7479,
0.8483,0.376,0.007294,0.008301,0.008979,0.009338,0.007164,0.004618,0.001771,0.01068,0.007474,0.1863,0.7481,
0.8485,0.3792,0.007417,0.008302,0.008974,0.009288,0.008271,0.003427,0.00177,0.01091,0.00749,0.1862,0.7479,
0.8482,0.3758,0.00738,0.008297,0.008985,0.009305,0.008228,0.003427,0.00177,0.01093,0.007471,0.1862,0.748,
0.8474,0.3749,0.007234,0.008295,0.008994,0.009372,0.008132,0.003423,0.00177,0.01098,0.00742,0.1862,0.7481,
0.847,0.381,0.00713,0.008287,0.009009,0.009399,0.008132,0.003463,0.001748,0.01107,0.007317,0.1862,0.7482,
0.844,0.3767,0.007139,0.008286,0.008968,0.00944,0.007316,0.003438,0.001729,0.0111,0.007586,0.1859,0.7491,
0.8427,0.3811,0.007134,0.008271,0.008973,0.009427,0.007051,0.003437,0.001748,0.01108,0.007586,0.1859,0.7493,
0.8391,0.3806,0.007079,0.008246,0.008993,0.009427,0.006314,0.003446,0.001723,0.01117,0.007597,0.1858,0.7502,
0.8386,0.3814,0.007066,0.008238,0.008958,0.009411,0.006191,0.003463,0.001703,0.01116,0.007593,0.1862,0.75,
0.8389,0.3851,0.007074,0.008226,0.008971,0.009522,0.006082,0.003482,0.00171,0.01145,0.007416,0.186,0.75,
0.8403,0.3769,0.007128,0.008227,0.008973,0.009513,0.006075,0.003466,0.00171,0.01156,0.00772,0.1856,0.75,
0.8393,0.3785,0.006979,0.008208,0.008973,0.009484,0.005906,0.003494,0.001761,0.01147,0.007715,0.1861,0.7499,
0.8391,0.3836,0.006947,0.008216,0.008983,0.009484,0.005905,0.003506,0.001791,0.01167,0.007448,0.1861,0.75,
0.8396,0.3854,0.007104,0.008218,0.008944,0.009474,0.005738,0.003506,0.001828,0.01181,0.00754,0.1858,0.75,
0.839,0.3871,0.007097,0.008212,0.00895,0.009466,0.005652,0.003508,0.001833,0.01198,0.007338,0.1858,0.7501,
0.8385,0.4131,0.007003,0.008204,0.008952,0.009488,0.005602,0.003487,0.001863,0.01199,0.00725,0.1861,0.75,
0.8406,0.3984,0.007168,0.008197,0.008958,0.009478,0.00562,0.003468,0.001882,0.01227,0.007413,0.1857,0.7499,
0.8399,0.3952,0.007086,0.008205,0.008966,0.009469,0.005556,0.003473,0.0019,0.01227,0.007379,0.1857,0.75,
0.8386,0.3946,0.00698,0.008202,0.008968,0.009465,0.00531,0.003466,0.0019,0.01238,0.007295,0.1859,0.7501,
0.8375,0.3976,0.006949,0.008214,0.008955,0.009409,0.0052,0.003462,0.001903,0.0125,0.007158,0.186,0.7503,
0.8399,0.3889,0.007202,0.008195,0.008974,0.009373,0.005215,0.003447,0.001902,0.0125,0.007562,0.1856,0.75,
0.8398,0.3909,0.007189,0.008201,0.008981,0.009373,0.005215,0.003447,0.001902,0.01266,0.007399,0.1856,0.75,
0.8393,0.4026,0.007109,0.008192,0.008984,0.00943,0.005215,0.003466,0.001883,0.0129,0.007096,0.1857,0.7501,
0.8408,0.4018,0.00719,0.008179,0.008996,0.009412,0.005212,0.003464,0.001923,0.01306,0.007105,0.1859,0.7496,
0.8429,0.3972,0.007339,0.008182,0.009003,0.009385,0.005211,0.003463,0.001979,0.01313,0.007424,0.1855,0.7494,
0.8417,0.4052,0.007234,0.008188,0.009003,0.009374,0.005099,0.003447,0.001976,0.01318,0.007367,0.1855,0.7496,
0.8431,0.3963,0.007226,0.008171,0.009014,0.009418,0.005073,0.003463,0.001986,0.01317,0.007559,0.1858,0.7491,
0.8425,0.3992,0.00711,0.008166,0.00902,0.009431,0.005091,0.003445,0.001986,0.01336,0.007371,0.1858,0.7492,
0.8416,0.4085,0.006871,0.008157,0.009028,0.009518,0.005082,0.003442,0.001983,0.01342,0.007305,0.1858,0.7494,
0.8421,0.4002,0.006994,0.008136,0.009037,0.009474,0.005158,0.003282,0.002001,0.01348,0.007415,0.1856,0.7494,
0.8418,0.4011,0.006976,0.008137,0.009041,0.009473,0.005149,0.003267,0.002016,0.01347,0.007373,0.1857,0.7494,
0.8419,0.4036,0.006948,0.008129,0.009054,0.009497,0.005149,0.003267,0.002082,0.0134,0.007373,0.1857,0.7494,
0.8418,0.4042,0.006946,0.008114,0.009067,0.009451,0.005149,0.003267,0.002082,0.01352,0.007252,0.1858,0.7494,
0.8418,0.4058,0.006918,0.008108,0.009074,0.009465,0.005149,0.003285,0.002118,0.01346,0.007252,0.1858,0.7494,
0.841,0.4082,0.006765,0.008095,0.00908,0.009465,0.005149,0.003262,0.002118,0.01349,0.007223,0.1858,0.7495,
0.8414,0.4073,0.006804,0.0081,0.00909,0.009448,0.005149,0.003292,0.002123,0.01346,0.00728,0.1858,0.7495,
0.8421,0.4043,0.006793,0.008099,0.009093,0.009487,0.005149,0.003292,0.00215,0.0135,0.00736,0.1857,0.7494,
0.8408,0.4078,0.006581,0.008086,0.009096,0.009465,0.005126,0.003292,0.00215,0.0135,0.00736,0.1857,0.7497,
0.8418,0.3962,0.006683,0.00809,0.009099,0.009484,0.005165,0.003252,0.00215,0.0136,0.007414,0.1855,0.7496,
0.8417,0.4009,0.006675,0.00808,0.009103,0.009467,0.00518,0.003238,0.002176,0.01359,0.007395,0.1855,0.7496,
0.8416,0.3945,0.006668,0.008062,0.009114,0.009442,0.005602,0.002866,0.002147,0.01365,0.00731,0.1858,0.7494,
0.8432,0.3953,0.006902,0.008056,0.009121,0.009396,0.005621,0.002863,0.002147,0.0137,0.007452,0.1856,0.7491,
0.8434,0.3928,0.006844,0.00805,0.00913,0.009393,0.005638,0.002855,0.002135,0.01382,0.007412,0.1857,0.749,
0.8477,0.3807,0.007053,0.008042,0.009062,0.009349,0.005643,0.002856,0.002128,0.01386,0.008285,0.1856,0.7482,
0.8468,0.3853,0.006923,0.00804,0.009062,0.00934,0.005662,0.002845,0.002098,0.01402,0.008129,0.1856,0.7483,
0.8468,0.3826,0.006913,0.008043,0.009068,0.009326,0.005694,0.002813,0.002113,0.01403,0.008106,0.1856,0.7483,
0.8476,0.3847,0.006987,0.008037,0.009074,0.009312,0.005694,0.002813,0.002187,0.01407,0.008139,0.1854,0.7483,
0.8469,0.3966,0.006981,0.008035,0.009082,0.009298,0.005694,0.002827,0.002191,0.01429,0.007713,0.1856,0.7483,
0.8464,0.4136,0.006956,0.008005,0.009069,0.009265,0.005675,0.002844,0.002304,0.01436,0.007519,0.1856,0.7484,
0.8467,0.4107,0.006979,0.007998,0.009029,0.009249,0.00569,0.002866,0.002285,0.01437,0.007591,0.1856,0.7484,
0.8469,0.3908,0.007009,0.007983,0.009038,0.009291,0.005704,0.003479,0.001657,0.0144,0.007623,0.1856,0.7482,
0.8462,0.3846,0.007002,0.00797,0.009042,0.009262,0.005619,0.003515,0.001621,0.01445,0.007558,0.1856,0.7484,
0.8448,0.3891,0.007094,0.007973,0.009046,0.009228,0.006929,0.002094,0.001655,0.01453,0.007467,0.1855,0.7485,
0.8455,0.3915,0.007199,0.007973,0.008975,0.009205,0.006929,0.002094,0.001678,0.01455,0.007589,0.1854,0.7484,
0.8452,0.3862,0.00728,0.007977,0.008983,0.009218,0.006705,0.00207,0.001696,0.01487,0.007462,0.1852,0.7486,
0.8451,0.3862,0.007219,0.007971,0.008987,0.009227,0.006636,0.002084,0.001704,0.01484,0.007459,0.1855,0.7484,
0.8445,0.3937,0.007087,0.007969,0.008993,0.009202,0.006636,0.002084,0.001743,0.01491,0.007343,0.1855,0.7485,
0.8434,0.3799,0.006963,0.00795,0.008997,0.009192,0.006602,0.002061,0.001737,0.01498,0.007272,0.1855,0.7487,
0.8415,0.3767,0.007012,0.007947,0.009004,0.009191,0.00614,0.002049,0.00181,0.01494,0.007254,0.1855,0.7491,
0.8399,0.3811,0.006862,0.007956,0.009008,0.009184,0.005995,0.002049,0.001849,0.01501,0.007088,0.1855,0.7495,
0.8392,0.3726,0.006799,0.007956,0.009013,0.00914,0.005957,0.002045,0.001878,0.01497,0.007048,0.1856,0.7496,
0.8378,0.3798,0.006534,0.007949,0.009016,0.009117,0.005958,0.002057,0.001891,0.01504,0.006963,0.1856,0.7499,
0.8374,0.3611,0.006529,0.007949,0.008964,0.009092,0.005934,0.002057,0.001946,0.01498,0.006963,0.1856,0.75,
0.8376,0.3653,0.006563,0.007925,0.008978,0.009077,0.005911,0.002057,0.001946,0.01515,0.006893,0.1855,0.75,
0.8373,0.3762,0.006539,0.007918,0.008977,0.009019,0.00593,0.002053,0.002011,0.01516,0.006803,0.1856,0.75,
0.8365,0.3719,0.006513,0.007923,0.008984,0.008974,0.005829,0.002043,0.002011,0.01521,0.006762,0.1856,0.7502,
0.8374,0.363,0.006546,0.007927,0.00899,0.00895,0.005708,0.002043,0.002056,0.0152,0.007134,0.1852,0.7503,
0.8388,0.3629,0.006628,0.007915,0.008998,0.008985,0.00568,0.002022,0.002049,0.01523,0.007257,0.1855,0.7498,
0.8392,0.3716,0.006598,0.007903,0.009005,0.008986,0.00568,0.002034,0.002056,0.01529,0.007365,0.1853,0.7498,
0.8377,0.3715,0.006423,0.007891,0.009011,0.008933,0.005664,0.002034,0.002049,0.01558,0.00705,0.1853,0.7501,
0.8372,0.3846,0.006331,0.007885,0.009013,0.008986,0.005597,0.002061,0.002083,0.01556,0.007,0.1853,0.7502,
0.8363,0.3749,0.006293,0.007886,0.009022,0.008984,0.00545,0.00208,0.002194,0.0156,0.006788,0.1854,0.7503,
0.8345,0.3677,0.00628,0.007887,0.009032,0.008968,0.006292,0.001146,0.00219,0.01571,0.006628,0.1855,0.7503,
0.8342,0.3596,0.006274,0.007883,0.009042,0.008968,0.006257,0.001195,0.00217,0.0158,0.006502,0.1855,0.7504,
0.8329,0.3739,0.006218,0.007886,0.009054,0.008959,0.006125,0.001214,0.002183,0.01606,0.006167,0.1855,0.7506,
0.8385,0.3657,0.006565,0.007861,0.009048,0.008959,0.006125,0.001234,0.002201,0.01616,0.007265,0.1843,0.7503,
0.8386,0.3658,0.006419,0.007851,0.009038,0.00893,0.006078,0.001266,0.00224,0.01627,0.007039,0.1853,0.7496,
0.8414,0.3618,0.006715,0.007839,0.009023,0.008955,0.006078,0.001266,0.002258,0.01643,0.007333,0.1848,0.7493,
0.8414,0.3694,0.006685,0.007824,0.00898,0.008935,0.00607,0.001265,0.002331,0.01646,0.007219,0.1852,0.749,
0.8406,0.3715,0.006657,0.007818,0.008961,0.00888,0.006005,0.001281,0.002353,0.0165,0.007125,0.1852,0.7492,
0.8403,0.3834,0.006677,0.007821,0.008969,0.008867,0.005953,0.001271,0.002352,0.01668,0.00698,0.1852,0.7492,
0.8392,0.367,0.006664,0.007821,0.00898,0.008866,0.005715,0.001261,0.002407,0.01666,0.006948,0.1852,0.7495,
0.838,0.3702,0.006506,0.007828,0.008961,0.008853,0.005634,0.001261,0.002435,0.01665,0.00693,0.1852,0.7497,
0.8368,0.3744,0.006319,0.007822,0.008969,0.008807,0.005634,0.001302,0.002392,0.0168,0.006775,0.1852,0.75,
0.836,0.3766,0.006295,0.00783,0.008963,0.008798,0.005499,0.001302,0.00241,0.01681,0.006746,0.1852,0.7501,
0.8358,0.3788,0.006274,0.007838,0.008911,0.008781,0.005499,0.001321,0.002488,0.01672,0.006746,0.1852,0.7502,
0.8369,0.3786,0.006293,0.007837,0.008915,0.008862,0.005499,0.00131,0.002476,0.01672,0.006964,0.185,0.7501,
0.8362,0.3769,0.006156,0.007839,0.008918,0.008875,0.005441,0.001305,0.002515,0.01676,0.00688,0.1852,0.7501,
0.8354,0.3787,0.006151,0.00784,0.008923,0.008875,0.00533,0.001319,0.002473,0.01687,0.006758,0.1852,0.7503,
0.8341,0.3904,0.006128,0.007847,0.00893,0.008869,0.005075,0.00134,0.002519,0.01691,0.006657,0.1852,0.7505,
0.8332,0.4109,0.006108,0.007843,0.008931,0.008867,0.005074,0.001352,0.002507,0.01715,0.006261,0.1854,0.7505,
0.837,0.3744,0.006412,0.007845,0.008933,0.008883,0.005001,0.001366,0.002492,0.01722,0.006974,0.1846,0.7503,
0.8367,0.3719,0.006391,0.007836,0.008946,0.00887,0.005001,0.001397,0.002461,0.01737,0.006832,0.1846,0.7503,
0.8364,0.374,0.006381,0.007823,0.008926,0.008858,0.004963,0.001426,0.00247,0.01736,0.006797,0.1846,0.7504,
0.837,0.3702,0.006442,0.007819,0.008937,0.008861,0.004963,0.001426,0.002471,0.01742,0.006841,0.1845,0.7503,
0.8362,0.379,0.006384,0.007828,0.008944,0.008829,0.004933,0.001419,0.002547,0.0175,0.006622,0.1846,0.7504,
0.836,0.3715,0.006308,0.007823,0.008959,0.008866,0.004931,0.00147,0.002494,0.01755,0.006547,0.1846,0.7505,
0.835,0.397,0.006298,0.007821,0.008967,0.008854,0.004849,0.001466,0.00255,0.01771,0.006242,0.1847,0.7506,
0.8342,0.3921,0.006206,0.00782,0.008903,0.008942,0.004745,0.001516,0.002556,0.01766,0.006206,0.1847,0.7508,
0.8345,0.3884,0.006188,0.007825,0.008902,0.008897,0.00476,0.001534,0.002534,0.01765,0.006184,0.1852,0.7504,
0.834,0.3704,0.006178,0.007797,0.00891,0.008883,0.004712,0.001556,0.002531,0.01772,0.006096,0.1852,0.7505,
0.8419,0.3804,0.006193,0.007786,0.008883,0.0089,0.004712,0.001624,0.01194,0.008235,0.006596,0.1847,0.7505,
0.8419,0.3812,0.006123,0.007772,0.008896,0.008896,0.004724,0.001608,0.01204,0.008256,0.006469,0.1851,0.7501,
0.842,0.3944,0.006117,0.007764,0.00891,0.008896,0.00474,0.001644,0.01202,0.008318,0.006371,0.1851,0.7501,
0.8432,0.3949,0.006127,0.00774,0.008926,0.008844,0.0047,0.001658,0.012,0.008315,0.006734,0.185,0.7499,
0.8427,0.3906,0.006117,0.007742,0.008909,0.008809,0.004695,0.001645,0.01209,0.00843,0.006517,0.185,0.75,
0.8414,0.391,0.005859,0.007742,0.008865,0.008783,0.004711,0.001647,0.01207,0.008479,0.006543,0.185,0.7503,
0.8409,0.3786,0.005799,0.007734,0.008876,0.008709,0.004711,0.001678,0.01206,0.008589,0.006418,0.1851,0.7504,
0.8411,0.3726,0.00591,0.007735,0.008815,0.008648,0.004711,0.001726,0.01203,0.008629,0.006391,0.185,0.7504,
0.8425,0.3457,0.00599,0.007728,0.008826,0.008619,0.00463,0.001726,0.01204,0.008623,0.006826,0.1846,0.7504,
0.8415,0.3489,0.005885,0.00772,0.008833,0.008608,0.004647,0.001728,0.01207,0.00892,0.006393,0.1847,0.7505,
0.8436,0.3551,0.006007,0.007712,0.008844,0.008593,0.004647,0.001728,0.01207,0.009036,0.006748,0.1843,0.7504,
0.8445,0.3506,0.006058,0.007712,0.008843,0.008573,0.004628,0.001752,0.01209,0.009033,0.00696,0.184,0.7504,
0.8443,0.3524,0.006018,0.007706,0.008849,0.008566,0.004646,0.001775,0.01211,0.009004,0.006929,0.184,0.7504,
0.8441,0.3536,0.005848,0.007693,0.008848,0.008706,0.004665,0.001756,0.01213,0.008998,0.006911,0.184,0.7504,
0.8439,0.3627,0.005803,0.007678,0.008867,0.008748,0.004626,0.001789,0.0121,0.009153,0.006756,0.184,0.7505,
0.8435,0.3715,0.005792,0.007676,0.00888,0.008748,0.004602,0.00176,0.01215,0.009268,0.00659,0.184,0.7505,
0.8438,0.3653,0.005823,0.007679,0.00883,0.008823,0.004621,0.001769,0.01212,0.009308,0.00655,0.184,0.7505,
0.8446,0.3716,0.005815,0.007663,0.00883,0.008798,0.004667,0.001734,0.01209,0.009298,0.006543,0.1849,0.7497,
0.8447,0.3659,0.005807,0.007663,0.008838,0.008798,0.004667,0.00177,0.01209,0.009314,0.006494,0.1849,0.7497,
0.8447,0.3644,0.005805,0.007661,0.008843,0.008783,0.004686,0.001807,0.01205,0.0093,0.006494,0.1849,0.7497,
0.8455,0.3589,0.00586,0.007659,0.008852,0.008783,0.004704,0.001846,0.01202,0.009366,0.006546,0.1847,0.7496,
0.845,0.3673,0.005688,0.007656,0.008862,0.008811,0.004745,0.001846,0.01198,0.00946,0.00645,0.1849,0.7496,
0.8439,0.3636,0.005517,0.007661,0.008858,0.008773,0.004727,0.001859,0.01196,0.00946,0.00645,0.1849,0.7499,
0.8437,0.3642,0.005497,0.007633,0.008849,0.008743,0.004725,0.001956,0.01186,0.009492,0.00642,0.1849,0.7499,
0.8432,0.3733,0.005493,0.007631,0.0088,0.008743,0.00479,0.00194,0.01185,0.01006,0.005816,0.1849,0.75,
0.8431,0.3889,0.00549,0.007622,0.008805,0.008737,0.004826,0.001937,0.01185,0.0101,0.005747,0.1849,0.75,
0.8427,0.3722,0.005484,0.007605,0.008796,0.00868,0.004826,0.001937,0.01186,0.01015,0.005684,0.1849,0.7501,
0.8425,0.3737,0.005477,0.007603,0.008806,0.008622,0.004849,0.001928,0.01188,0.01012,0.005684,0.1849,0.7501,
0.842,0.3844,0.005374,0.007593,0.008814,0.008606,0.004882,0.001965,0.01183,0.01012,0.005666,0.1849,0.7502,
0.8415,0.3785,0.005365,0.007596,0.008802,0.008579,0.004866,0.001934,0.01183,0.01012,0.005666,0.1849,0.7503,
0.8415,0.3823,0.005314,0.007587,0.008812,0.008614,0.004902,0.001967,0.01181,0.01013,0.005601,0.1849,0.7503,
0.8431,0.3732,0.005405,0.007585,0.008822,0.008586,0.004889,0.001997,0.01183,0.01027,0.005821,0.1845,0.7503,
0.8429,0.3591,0.005398,0.007583,0.008827,0.008575,0.004889,0.00202,0.0118,0.01037,0.005682,0.1846,0.7503,
0.8426,0.3625,0.005396,0.00756,0.008843,0.008572,0.004826,0.002046,0.01173,0.01047,0.005549,0.1849,0.7501,
0.8427,0.3576,0.005325,0.007557,0.008855,0.008633,0.004856,0.002114,0.01177,0.01034,0.005549,0.1849,0.7501,
0.8422,0.362,0.005236,0.007559,0.008856,0.008621,0.004857,0.002214,0.01168,0.01032,0.00551,0.1849,0.7503,
0.8415,0.3708,0.005231,0.007539,0.008866,0.008592,0.004792,0.002251,0.01167,0.01057,0.005237,0.1849,0.7504,
0.8412,0.3728,0.005183,0.007542,0.008871,0.008602,0.004792,0.00227,0.01168,0.01059,0.005143,0.1849,0.7504,
0.8418,0.372,0.005222,0.007537,0.008885,0.008579,0.004826,0.002236,0.01173,0.01063,0.005211,0.1848,0.7504,
0.8446,0.3702,0.005401,0.007531,0.008885,0.008575,0.004833,0.002244,0.01174,0.01069,0.005532,0.1848,0.7498,
0.8446,0.3758,0.005309,0.00754,0.00889,0.008653,0.004848,0.002302,0.01168,0.01079,0.005411,0.1848,0.7498,
0.8478,0.3933,0.005401,0.007525,0.0089,0.008612,0.004847,0.003442,0.01062,0.01095,0.005517,0.1848,0.7494,
0.846,0.4283,0.005261,0.007529,0.008901,0.008589,0.004816,0.003434,0.01503,0.006561,0.005741,0.1845,0.7496,
0.8471,0.4272,0.005341,0.007523,0.00891,0.008588,0.004827,0.003454,0.01502,0.006635,0.00578,0.1845,0.7494,
0.8464,0.4304,0.005174,0.007519,0.008904,0.008558,0.004841,0.003504,0.01495,0.006803,0.00561,0.1847,0.7494,
0.8461,0.4385,0.005173,0.007511,0.008901,0.008526,0.004855,0.003538,0.01505,0.006885,0.005388,0.1847,0.7495,
0.8494,0.4491,0.005344,0.007516,0.008905,0.008522,0.004854,0.005124,0.01345,0.006848,0.005588,0.1845,0.7493,
0.8517,0.4568,0.00545,0.007512,0.008913,0.008508,0.004872,0.005206,0.01346,0.00686,0.005985,0.184,0.7492,
0.8514,0.4708,0.005397,0.007509,0.008871,0.008543,0.004872,0.005281,0.01342,0.006898,0.005917,0.184,0.7493,
0.8514,0.4112,0.005394,0.007506,0.008877,0.008543,0.004887,0.005285,0.01346,0.006877,0.005876,0.184,0.7493,
0.851,0.4143,0.005382,0.007499,0.008883,0.008482,0.004887,0.005316,0.01358,0.006798,0.005813,0.184,0.7494,
0.8544,0.4233,0.005514,0.007492,0.008883,0.008457,0.004884,0.007024,0.01185,0.006794,0.006073,0.1843,0.7487,
0.8543,0.4473,0.005479,0.007498,0.00889,0.008456,0.004854,0.007023,0.01188,0.006864,0.005952,0.1846,0.7485,
0.854,0.4083,0.005382,0.00749,0.008888,0.00851,0.004849,0.00709,0.01184,0.006907,0.00589,0.1846,0.7486,
0.856,0.419,0.005413,0.007492,0.008813,0.008454,0.004862,0.01006,0.008929,0.007043,0.006231,0.184,0.7487,
0.857,0.3947,0.005336,0.007492,0.008818,0.008409,0.004942,0.01004,0.008902,0.007222,0.006297,0.1842,0.7483,
0.857,0.4003,0.005328,0.007484,0.008821,0.008339,0.005018,0.009981,0.0089,0.007201,0.006295,0.1845,0.7482,
0.8555,0.414,0.005033,0.007476,0.008832,0.008324,0.005064,0.009957,0.00893,0.00715,0.006295,0.1845,0.7485,
0.8565,0.3851,0.005214,0.007478,0.008839,0.008295,0.005045,0.009972,0.008937,0.007098,0.006422,0.1843,0.7484,
0.8556,0.3865,0.005122,0.00746,0.008792,0.008262,0.005024,0.009966,0.008973,0.007091,0.00639,0.1845,0.7485,
0.8534,0.407,0.004813,0.007456,0.00879,0.008249,0.005033,0.009954,0.01046,0.005675,0.006315,0.1845,0.7488,
0.857,0.3918,0.005019,0.007437,0.008793,0.008259,0.005104,0.009903,0.01043,0.005671,0.006915,0.1844,0.7481,
0.857,0.3887,0.005012,0.007432,0.008806,0.008245,0.00513,0.009914,0.01039,0.005741,0.006845,0.1844,0.7481,
0.8578,0.387,0.005104,0.007424,0.008821,0.008245,0.005127,0.009949,0.01037,0.005709,0.006977,0.1842,0.7481,
0.8566,0.4181,0.005103,0.007415,0.008759,0.008234,0.005189,0.01312,0.007134,0.005727,0.006959,0.1842,0.7481,
0.8566,0.3928,0.005098,0.007409,0.008759,0.008214,0.005204,0.01318,0.007057,0.005744,0.00694,0.1843,0.7481,
0.86,0.3871,0.005254,0.007394,0.008769,0.008222,0.00523,0.01319,0.007048,0.00575,0.007726,0.1835,0.7479,
0.8607,0.3905,0.005128,0.007388,0.008779,0.008199,0.0054,0.01332,0.006768,0.005766,0.008166,0.1831,0.748,
0.8608,0.3885,0.005127,0.007383,0.008785,0.008183,0.005435,0.01329,0.006756,0.005988,0.007944,0.1831,0.748,
0.8607,0.3968,0.005125,0.007378,0.008793,0.008183,0.005465,0.01326,0.006805,0.006284,0.00755,0.1831,0.748,
0.8613,0.3685,0.005117,0.007363,0.008727,0.008174,0.005523,0.01323,0.006773,0.006286,0.007469,0.1841,0.7472,
0.8612,0.3626,0.005107,0.007358,0.008734,0.008158,0.005545,0.01324,0.006778,0.006287,0.007423,0.1841,0.7472,
0.8614,0.3814,0.005165,0.007352,0.008679,0.008132,0.005564,0.01326,0.006797,0.006292,0.007457,0.1841,0.7473,
0.8625,0.3696,0.005221,0.007344,0.008684,0.00813,0.005595,0.01322,0.006776,0.00629,0.00765,0.1841,0.747,
0.8657,0.3504,0.005477,0.007339,0.008689,0.008113,0.005592,0.01321,0.00676,0.00644,0.008076,0.1838,0.7466,
0.8651,0.3547,0.005406,0.007319,0.00866,0.008163,0.005539,0.01323,0.00673,0.006794,0.007723,0.1838,0.7467,
0.8648,0.3581,0.005244,0.00731,0.008657,0.008209,0.005562,0.01322,0.006764,0.006737,0.00772,0.184,0.7466,
0.865,0.3923,0.005275,0.007303,0.008665,0.008204,0.00555,0.0132,0.006764,0.006723,0.00782,0.1839,0.7466,
0.8657,0.3857,0.005403,0.007296,0.00864,0.008152,0.005563,0.0132,0.006744,0.006766,0.007842,0.184,0.7464,
0.8656,0.4073,0.005374,0.007289,0.008649,0.008152,0.005564,0.01322,0.006745,0.00707,0.007521,0.184,0.7464,
0.8649,0.3915,0.005258,0.007278,0.008645,0.008167,0.005549,0.01323,0.006722,0.00707,0.007521,0.184,0.7466,
0.8652,0.3818,0.005177,0.007262,0.008653,0.008322,0.005459,0.01324,0.006728,0.007184,0.007558,0.1838,0.7466,
0.8652,0.3788,0.005175,0.007248,0.008665,0.00832,0.005442,0.01325,0.006697,0.007221,0.007519,0.1839,0.7465,
0.8652,0.3775,0.005169,0.007246,0.008674,0.00832,0.00546,0.01323,0.006697,0.007299,0.007441,0.1839,0.7465,
0.8657,0.3864,0.005122,0.007243,0.008683,0.008334,0.005451,0.01327,0.006701,0.007343,0.007597,0.1837,0.7466,
0.8655,0.3926,0.005119,0.007237,0.008686,0.008319,0.005394,0.01326,0.006739,0.007361,0.007512,0.1839,0.7465,
0.866,0.3819,0.005185,0.007228,0.008696,0.008288,0.00538,0.01325,0.006753,0.007401,0.007538,0.1839,0.7464,
0.8669,0.3792,0.005339,0.007223,0.008664,0.008288,0.005291,0.01325,0.006741,0.00757,0.00765,0.1836,0.7464,
0.8668,0.3801,0.005336,0.007214,0.008677,0.008274,0.005284,0.01324,0.006727,0.00757,0.00765,0.1836,0.7464,
0.8664,0.376,0.005332,0.007176,0.008654,0.008247,0.005257,0.01325,0.006721,0.007546,0.007648,0.1839,0.7463,
0.8685,0.3777,0.005408,0.00717,0.008657,0.008266,0.005278,0.01331,0.006637,0.007578,0.008171,0.1833,0.7462,
0.8681,0.371,0.005401,0.007159,0.008617,0.008252,0.005299,0.01332,0.00661,0.007734,0.007994,0.1833,0.7463,
0.8676,0.366,0.005357,0.007151,0.008621,0.008242,0.0053,0.01325,0.006641,0.007784,0.007914,0.1833,0.7465,
0.868,0.3737,0.005338,0.007136,0.008627,0.008226,0.005333,0.01321,0.006638,0.007837,0.007851,0.1838,0.746,
0.8691,0.3449,0.005414,0.007127,0.008594,0.008212,0.005359,0.0132,0.006594,0.007921,0.008097,0.1834,0.746,
0.8712,0.3397,0.005395,0.00712,0.008559,0.00821,0.005461,0.01311,0.006591,0.007881,0.008789,0.183,0.7459,
0.8712,0.3444,0.005387,0.00711,0.008561,0.008176,0.005393,0.01307,0.006586,0.00831,0.008349,0.1836,0.7455,
0.8707,0.3439,0.005285,0.007114,0.008569,0.008185,0.005385,0.01305,0.006585,0.008473,0.008184,0.1836,0.7456,
0.8729,0.333,0.005476,0.007114,0.008575,0.008222,0.005385,0.01305,0.006604,0.008565,0.008408,0.1833,0.7453,
0.8733,0.333,0.005564,0.007116,0.008579,0.008196,0.00535,0.01302,0.006568,0.00867,0.008477,0.1831,0.7454,
0.8735,0.34,0.00556,0.007084,0.008588,0.008192,0.005375,0.01296,0.006565,0.009027,0.008111,0.1835,0.745,
0.8731,0.3319,0.00556,0.00708,0.008592,0.008178,0.005338,0.01294,0.006533,0.009118,0.00802,0.1835,0.7451,
0.8726,0.3576,0.005556,0.007074,0.008594,0.008142,0.005301,0.01296,0.006543,0.009085,0.00802,0.1835,0.7452,
0.8719,0.327,0.005283,0.007052,0.008616,0.008171,0.005259,0.01295,0.006543,0.009137,0.008179,0.1833,0.7455,
0.8701,0.3966,0.005171,0.007061,0.008616,0.008169,0.01428,0.003947,0.006557,0.009255,0.008028,0.1835,0.7454,
0.8726,0.4058,0.005262,0.007055,0.008625,0.008169,0.01428,0.003925,0.006571,0.009322,0.008638,0.1828,0.7454,
0.8719,0.3722,0.005253,0.007055,0.008626,0.008162,0.01416,0.003903,0.0066,0.009298,0.008618,0.1828,0.7455,
0.8715,0.3268,0.005237,0.007039,0.00859,0.008151,0.01418,0.003938,0.006547,0.009332,0.008584,0.1828,0.7456,
0.8707,0.3268,0.005076,0.007027,0.008602,0.008157,0.01417,0.003935,0.006594,0.009311,0.008553,0.1828,0.7458,
0.8718,0.3279,0.005065,0.007009,0.0086,0.008137,0.01416,0.00391,0.006585,0.009586,0.008554,0.1831,0.7453,
0.8747,0.3294,0.0053,0.007001,0.008603,0.008148,0.01414,0.003936,0.00655,0.009582,0.008979,0.183,0.7448,
0.8743,0.3319,0.005268,0.006981,0.008542,0.008131,0.01389,0.003962,0.006521,0.009838,0.00903,0.1829,0.7449,
0.8757,0.3287,0.005353,0.006986,0.008544,0.008204,0.01372,0.003939,0.006521,0.009958,0.009371,0.1825,0.7449,
0.858,0.3427,0.005462,0.00698,0.008553,0.008177,0.009302,0.00396,0.006486,0.009928,0.009544,0.1823,0.7493,
0.856,0.3496,0.005612,0.00697,0.008557,0.008156,0.008771,0.003923,0.006499,0.009975,0.009468,0.1823,0.7498,
0.8541,0.3521,0.005423,0.006971,0.008563,0.008131,0.008605,0.003951,0.006445,0.009975,0.009468,0.1823,0.7501,
0.8526,0.3528,0.00518,0.006957,0.008563,0.008124,0.008366,0.003944,0.006419,0.01009,0.009338,0.1831,0.7499,
0.8516,0.361,0.005178,0.006955,0.008561,0.008117,0.008203,0.003948,0.006398,0.01014,0.009242,0.1831,0.7501,
0.8505,0.3592,0.005034,0.006937,0.008566,0.008108,0.008147,0.003966,0.00638,0.01021,0.009177,0.1831,0.7504,
0.8471,0.361,0.004653,0.00692,0.008572,0.008084,0.007851,0.003977,0.006442,0.01038,0.008933,0.1831,0.7511,
0.8459,0.3587,0.00461,0.006913,0.008542,0.008124,0.007664,0.003977,0.006442,0.01044,0.00882,0.1832,0.7513,
0.8446,0.3464,0.004554,0.006892,0.008525,0.008078,0.007457,0.003956,0.006485,0.01041,0.008947,0.1831,0.7516,
0.8457,0.3467,0.004699,0.006878,0.008533,0.00806,0.007323,0.003953,0.006518,0.01052,0.009031,0.1831,0.7514,
0.8441,0.3497,0.004467,0.006873,0.00854,0.008078,0.007217,0.003952,0.006536,0.0105,0.00903,0.1831,0.7517,
0.8435,0.3529,0.004463,0.00687,0.008545,0.008059,0.007135,0.003939,0.006582,0.0106,0.008885,0.1831,0.7518,
0.8433,0.3531,0.00446,0.006865,0.008553,0.00805,0.007117,0.003935,0.006577,0.01078,0.008705,0.1831,0.7519,
0.8444,0.3587,0.004629,0.006855,0.008566,0.008039,0.007026,0.003929,0.006564,0.01129,0.008405,0.1831,0.7516,
0.8442,0.3592,0.004623,0.006846,0.008576,0.008,0.007041,0.003986,0.006522,0.0114,0.008263,0.1831,0.7517,
0.8445,0.3595,0.004699,0.00684,0.008583,0.008012,0.006991,0.003968,0.006581,0.01137,0.008302,0.183,0.7517,
0.8447,0.3706,0.004694,0.006832,0.008553,0.007999,0.007014,0.003944,0.007433,0.01073,0.008089,0.1831,0.7516,
0.8443,0.3745,0.004685,0.006828,0.008565,0.007985,0.006937,0.003944,0.007466,0.01072,0.008071,0.1831,0.7517,
0.8444,0.3852,0.004681,0.006826,0.008571,0.007985,0.006933,0.003925,0.008568,0.009742,0.007944,0.1831,0.7518,
0.8479,0.378,0.004888,0.006803,0.008584,0.007968,0.006943,0.003868,0.008605,0.009736,0.008575,0.1829,0.7511,
0.8474,0.3818,0.004886,0.00679,0.008525,0.00796,0.006961,0.003849,0.008697,0.009947,0.008272,0.183,0.7512,
0.8468,0.3848,0.004797,0.006782,0.008535,0.00796,0.006947,0.003852,0.008689,0.01013,0.008076,0.183,0.7513,
0.8493,0.4182,0.004925,0.006772,0.008539,0.007955,0.00688,0.003854,0.008685,0.01024,0.008503,0.1828,0.7508,
0.8488,0.3831,0.004922,0.006764,0.008549,0.007926,0.006799,0.003854,0.008703,0.01049,0.008236,0.1829,0.7509,
0.8479,0.3896,0.004739,0.006767,0.008554,0.007926,0.006835,0.003854,0.008721,0.01046,0.008206,0.1829,0.7511,
0.8494,0.379,0.004791,0.00676,0.008554,0.007882,0.006896,0.003807,0.008775,0.01071,0.008266,0.1828,0.7508,
0.8487,0.3546,0.004836,0.006759,0.00856,0.007916,0.008574,0.002102,0.008797,0.01088,0.008313,0.1825,0.7507,
0.8502,0.3407,0.004929,0.006756,0.008565,0.007953,0.008591,0.002065,0.008778,0.01097,0.008572,0.1822,0.7506,
0.8505,0.3407,0.004921,0.006751,0.008566,0.007933,0.008592,0.002086,0.008745,0.01123,0.008275,0.1827,0.7502,
0.8503,0.3703,0.004914,0.00675,0.008571,0.00792,0.008592,0.002104,0.00884,0.01123,0.008127,0.1827,0.7502,
0.8493,0.3643,0.004768,0.006748,0.008577,0.007893,0.008592,0.00214,0.008806,0.01124,0.008076,0.1827,0.7505,
0.8492,0.3627,0.004959,0.006742,0.008578,0.007877,0.008606,0.002106,0.01443,0.005806,0.008116,0.1827,0.7501,
0.8489,0.3845,0.004866,0.006729,0.008593,0.007863,0.008661,0.002084,0.0144,0.005837,0.008152,0.1826,0.7502,
0.8502,0.3595,0.005005,0.006722,0.008598,0.007862,0.008676,0.002082,0.01443,0.006085,0.007972,0.1826,0.7499,
0.8483,0.3633,0.004718,0.006677,0.008586,0.007862,0.008654,0.002082,0.01448,0.006144,0.007841,0.1826,0.7503,
0.8475,0.3664,0.004625,0.006672,0.008558,0.007862,0.008626,0.002089,0.0145,0.006181,0.007768,0.1826,0.7505,
0.8471,0.3634,0.004621,0.006673,0.008562,0.007862,0.008556,0.002068,0.01449,0.006251,0.007698,0.1826,0.7506,
0.8478,0.3835,0.004778,0.006669,0.008567,0.007866,0.008471,0.002111,0.01444,0.006379,0.007656,0.1825,0.7505,
0.8502,0.3667,0.004938,0.006665,0.008575,0.007862,0.008429,0.002134,0.01438,0.006377,0.008091,0.1824,0.7501,
0.8498,0.3625,0.004918,0.006663,0.008576,0.00788,0.00832,0.002134,0.01438,0.006428,0.008039,0.1825,0.7501,
0.8488,0.3601,0.00463,0.006658,0.008583,0.007931,0.008369,0.002104,0.01436,0.006446,0.008093,0.1825,0.7504,
0.8495,0.367,0.00477,0.006658,0.008589,0.007931,0.008271,0.002099,0.01438,0.006489,0.008164,0.1823,0.7503,
0.8501,0.3577,0.004771,0.006665,0.008594,0.007931,0.008246,0.002121,0.01434,0.006524,0.008362,0.1821,0.7503,
0.8517,0.3572,0.00478,0.006653,0.008602,0.007941,0.008175,0.002107,0.01441,0.006611,0.008825,0.1815,0.7504,
0.8521,0.3795,0.004589,0.006656,0.008599,0.007934,0.008582,0.003064,0.01297,0.006597,0.008825,0.1815,0.7507,
0.854,0.3714,0.004709,0.006641,0.00858,0.007864,0.008492,0.003061,0.01296,0.006663,0.009084,0.182,0.7499,
0.8523,0.3841,0.004601,0.006639,0.008584,0.00781,0.008333,0.003057,0.01294,0.006775,0.008904,0.1821,0.7502,
0.8547,0.3671,0.004821,0.006631,0.008557,0.007803,0.008341,0.00306,0.01294,0.006741,0.009423,0.1816,0.7501,
0.8542,0.3895,0.004796,0.006639,0.008559,0.007777,0.008288,0.003075,0.01294,0.006719,0.009421,0.1816,0.7502,
0.8542,0.3789,0.004791,0.00663,0.008558,0.007758,0.008252,0.003076,0.01288,0.006822,0.009227,0.1823,0.7497,
0.8522,0.3787,0.004445,0.006625,0.008551,0.007736,0.008214,0.003135,0.01285,0.006947,0.009075,0.1823,0.7501,
0.8512,0.3675,0.004441,0.006611,0.008568,0.007736,0.008034,0.003117,0.01285,0.006981,0.008993,0.1823,0.7503,
0.8534,0.3569,0.00462,0.00661,0.008576,0.007708,0.008035,0.003117,0.01287,0.00703,0.009392,0.1819,0.7502,
0.8533,0.343,0.004616,0.006599,0.008582,0.007704,0.007909,0.003152,0.01286,0.007132,0.009254,0.1822,0.75,
0.8534,0.3678,0.004682,0.006594,0.008588,0.007704,0.007792,0.003204,0.0128,0.007194,0.00927,0.1821,0.75,
0.8553,0.3603,0.004719,0.006589,0.008588,0.007722,0.007749,0.003186,0.0128,0.00734,0.009573,0.1821,0.7496,
0.8548,0.369,0.00481,0.006587,0.008596,0.007722,0.00899,0.001941,0.01278,0.007609,0.009496,0.1819,0.7495,
0.8571,0.3867,0.004803,0.006584,0.008601,0.007721,0.00893,0.003564,0.01115,0.007611,0.009476,0.1821,0.7495,
0.8581,0.3732,0.004771,0.006576,0.008613,0.007691,0.008892,0.003612,0.0111,0.007709,0.009869,0.1816,0.7496,
0.8581,0.3717,0.004765,0.006562,0.008614,0.007653,0.00882,0.00361,0.01115,0.007785,0.009733,0.182,0.7493,
0.8573,0.3712,0.004764,0.00655,0.008604,0.007639,0.008682,0.003656,0.01108,0.007883,0.009635,0.182,0.7495,
0.8578,0.3828,0.004895,0.006542,0.008613,0.007664,0.008616,0.003667,0.01106,0.008102,0.009418,0.182,0.7494,
0.8571,0.365,0.004803,0.006542,0.008619,0.007606,0.008678,0.003606,0.01113,0.008119,0.009333,0.182,0.7495,
0.856,0.3784,0.004796,0.00652,0.008602,0.007592,0.008634,0.003562,0.01121,0.008322,0.008963,0.1821,0.7497,
0.8507,0.3739,0.004701,0.006509,0.008603,0.00758,0.008658,0.003557,0.01637,0.003141,0.008963,0.1821,0.7499,
0.8471,0.3303,0.004515,0.006519,0.00861,0.007575,0.008047,0.003598,0.01633,0.00319,0.00888,0.1821,0.7507,
0.8483,0.3646,0.004513,0.006506,0.008626,0.007547,0.007955,0.005095,0.01485,0.003275,0.008714,0.1821,0.7508,
0.8478,0.3739,0.004404,0.006504,0.00863,0.007547,0.00797,0.005099,0.01488,0.003522,0.00838,0.1821,0.7509,
0.8475,0.3615,0.004363,0.00649,0.008572,0.007612,0.007876,0.005081,0.01488,0.003781,0.008198,0.1821,0.7511,
0.8485,0.3521,0.0044,0.006492,0.008575,0.007612,0.007816,0.005071,0.01488,0.003804,0.008542,0.1817,0.7511,
0.8493,0.3382,0.004406,0.006488,0.008581,0.007581,0.00786,0.005027,0.01488,0.003833,0.008802,0.1814,0.7511,
0.8488,0.3387,0.004342,0.006489,0.008546,0.007581,0.00783,0.005037,0.01489,0.004005,0.008593,0.1814,0.7513,
0.8497,0.3352,0.004431,0.006484,0.008554,0.007581,0.007805,0.004988,0.01489,0.004116,0.008728,0.1811,0.7513,
0.8499,0.3388,0.004431,0.006479,0.008559,0.007581,0.007838,0.004992,0.01487,0.004282,0.008544,0.1811,0.7513,
0.8522,0.3664,0.004499,0.006483,0.008563,0.007581,0.007885,0.007522,0.01232,0.004295,0.008512,0.1811,0.7512,
0.8548,0.3631,0.004761,0.006467,0.008562,0.007562,0.007812,0.007492,0.01229,0.00473,0.008294,0.1817,0.7504,
0.8558,0.3741,0.004795,0.006465,0.008564,0.007531,0.007789,0.007495,0.01231,0.004788,0.00846,0.1816,0.7502,
0.8585,0.3672,0.005032,0.006442,0.008514,0.007508,0.007807,0.007483,0.01232,0.004754,0.009135,0.1809,0.7501,
0.8574,0.3697,0.004751,0.006435,0.008453,0.007487,0.007746,0.00748,0.01232,0.004978,0.008871,0.1817,0.7498,
0.8577,0.3655,0.004788,0.00643,0.008462,0.007486,0.007658,0.007498,0.01231,0.005086,0.00884,0.1817,0.7497,
0.8563,0.3688,0.004629,0.006429,0.00843,0.007486,0.0077,0.007446,0.01226,0.005158,0.008695,0.1818,0.75,
0.8559,0.3357,0.004624,0.006426,0.008437,0.007486,0.007597,0.007464,0.01227,0.005312,0.008508,0.1818,0.7501,
0.8559,0.3682,0.004658,0.006415,0.008439,0.007501,0.007495,0.007476,0.01228,0.005463,0.008406,0.1817,0.7502,
0.8574,0.3604,0.004692,0.006415,0.008448,0.007501,0.007528,0.007444,0.01228,0.005526,0.008773,0.1813,0.7501,
0.8576,0.3363,0.004636,0.006413,0.008453,0.007498,0.007539,0.007444,0.01226,0.005524,0.008769,0.1816,0.7498,
0.8571,0.3285,0.004627,0.006409,0.00846,0.007489,0.007486,0.007425,0.01225,0.005582,0.008712,0.1816,0.7499,
0.8565,0.3265,0.004627,0.006394,0.008475,0.007445,0.008361,0.006456,0.01229,0.005762,0.008487,0.1816,0.7501,
0.8557,0.3328,0.004616,0.006398,0.008445,0.007432,0.008322,0.00642,0.01232,0.005877,0.008295,0.1817,0.7502,
0.858,0.3287,0.004763,0.006397,0.008446,0.007429,0.008314,0.006421,0.01229,0.006276,0.008279,0.1816,0.7498,
0.8584,0.324,0.00486,0.006395,0.008413,0.007429,0.008347,0.006407,0.01227,0.006309,0.008244,0.1816,0.7497,
0.8593,0.3313,0.004923,0.006405,0.008414,0.007402,0.008347,0.006406,0.01227,0.006309,0.008472,0.1814,0.7497,
0.8607,0.3289,0.005084,0.006394,0.008414,0.0074,0.008381,0.006463,0.01215,0.006399,0.008486,0.1815,0.7493,
0.8584,0.3344,0.005118,0.006371,0.00842,0.007383,0.007837,0.00646,0.01213,0.006793,0.008132,0.1815,0.7499,
0.858,0.3296,0.005108,0.006378,0.00838,0.007383,0.007866,0.006452,0.01213,0.006888,0.007976,0.1815,0.75,
0.8594,0.3274,0.00518,0.006363,0.008391,0.007377,0.007832,0.006522,0.01208,0.006923,0.008314,0.1811,0.7499,
0.8587,0.319,0.005048,0.00636,0.008401,0.007377,0.007828,0.006504,0.01208,0.00699,0.008246,0.1811,0.7501,
0.8578,0.3177,0.005001,0.006342,0.008397,0.007403,0.00777,0.006447,0.01206,0.007021,0.008179,0.1811,0.7503,
0.8599,0.3169,0.005183,0.006347,0.008403,0.007403,0.007675,0.006502,0.01201,0.007178,0.008524,0.1806,0.7502,
0.8609,0.3202,0.005306,0.006342,0.00841,0.007403,0.007675,0.006553,0.01198,0.007324,0.008456,0.1805,0.75,
0.8594,0.3232,0.005162,0.006338,0.008378,0.007441,0.007511,0.006584,0.01195,0.007747,0.008032,0.1805,0.7503,
0.8584,0.3338,0.004979,0.006326,0.008388,0.007434,0.007489,0.006621,0.01191,0.007933,0.007847,0.1805,0.7506,
0.8578,0.3544,0.005015,0.006322,0.008391,0.007433,0.007421,0.006611,0.01223,0.007782,0.007623,0.1805,0.7507,
0.8554,0.3909,0.005098,0.006307,0.008391,0.007411,0.007426,0.006616,0.0165,0.003544,0.00767,0.1812,0.7498,
0.856,0.3156,0.005143,0.006299,0.008399,0.007434,0.007412,0.006625,0.01651,0.003606,0.007682,0.1811,0.7498,
0.8565,0.3432,0.005048,0.006302,0.008345,0.007434,0.007336,0.007818,0.01528,0.003709,0.007796,0.1809,0.7501,
