entropy,entropyInd,RabA,RabB,RabC,RabD,RabE,RabF,RabG,RabH,RabI,xER,xPM,
0.8923,0.3774,0.01033,0.009296,0.006561,0.01344,0.0152,0.007128,0.007695,0.004022,0.005507,0.1748,0.746,
0.8893,0.3789,0.01047,0.009278,0.006543,0.0134,0.01439,0.007123,0.007688,0.004014,0.005506,0.1748,0.7467,
0.8885,0.379,0.01063,0.009264,0.006537,0.01336,0.01387,0.007098,0.007674,0.004011,0.0055,0.1756,0.7465,
0.8864,0.3706,0.01066,0.009228,0.006516,0.01335,0.01332,0.007095,0.007669,0.004003,0.005605,0.1755,0.7471,
0.8847,0.3687,0.01074,0.009226,0.006515,0.01332,0.01267,0.007089,0.007668,0.004002,0.005789,0.1754,0.7476,
0.883,0.3698,0.01074,0.009226,0.006515,0.01329,0.01228,0.007085,0.007668,0.004002,0.005789,0.1754,0.748,
0.8834,0.3723,0.0108,0.009224,0.006467,0.01324,0.0122,0.007079,0.007661,0.004001,0.005955,0.1755,0.7478,
0.874,0.3824,0.01079,0.009224,0.006447,0.01323,0.01005,0.007069,0.00765,0.00399,0.005951,0.1755,0.7501,
0.873,0.381,0.01083,0.009224,0.006447,0.01323,0.009734,0.007069,0.00765,0.00399,0.006,0.1755,0.7503,
0.8728,0.3796,0.01083,0.009216,0.006446,0.01323,0.009698,0.007068,0.007649,0.00399,0.006,0.1755,0.7504,
0.8717,0.3796,0.01088,0.009216,0.006446,0.01323,0.00933,0.007065,0.007645,0.00399,0.006092,0.1754,0.7507,
0.8692,0.3723,0.01088,0.009212,0.006432,0.01323,0.008816,0.007043,0.007645,0.003982,0.006081,0.1754,0.7512,
0.8685,0.374,0.01088,0.009211,0.006433,0.01321,0.008692,0.007043,0.007645,0.003982,0.006081,0.1754,0.7514,
0.8679,0.3737,0.01088,0.00921,0.006433,0.01319,0.00858,0.007034,0.007645,0.003982,0.006081,0.1754,0.7515,
0.8679,0.375,0.01103,0.009196,0.006432,0.01319,0.008323,0.007031,0.007641,0.003982,0.006248,0.1753,0.7516,
0.8657,0.382,0.01103,0.009193,0.00643,0.01317,0.007831,0.00701,0.007626,0.00398,0.006246,0.1755,0.752,
0.8642,0.3782,0.01101,0.009189,0.006368,0.01311,0.007649,0.007008,0.007623,0.003976,0.006246,0.1755,0.7523,
0.8654,0.3814,0.01106,0.009183,0.006368,0.01311,0.007567,0.007008,0.007623,0.003976,0.00669,0.1751,0.7524,
0.8684,0.3723,0.01125,0.009183,0.006368,0.0131,0.007501,0.007008,0.007623,0.003976,0.007486,0.1743,0.7522,
0.8683,0.3768,0.01135,0.009176,0.006345,0.01305,0.007451,0.007005,0.007619,0.003976,0.007487,0.1743,0.7523,
0.869,0.3655,0.01134,0.009165,0.006338,0.01301,0.007386,0.006992,0.00761,0.003971,0.007478,0.1753,0.7514,
0.868,0.3654,0.01134,0.009165,0.006338,0.01295,0.007233,0.006987,0.00761,0.00397,0.007478,0.1753,0.7516,
0.8695,0.3614,0.01141,0.009165,0.006286,0.01293,0.007219,0.006984,0.007606,0.003971,0.007983,0.1748,0.7516,
0.8691,0.3617,0.0114,0.00915,0.006274,0.01293,0.007053,0.00698,0.007602,0.003968,0.007978,0.1752,0.7514,
0.8689,0.3621,0.01145,0.009149,0.006274,0.01293,0.00692,0.006976,0.007602,0.003968,0.008068,0.1751,0.7515,
0.8688,0.359,0.01144,0.009148,0.006274,0.01291,0.006905,0.006972,0.007596,0.003967,0.008067,0.1752,0.7515,
0.8677,0.3535,0.01143,0.009137,0.006273,0.01289,0.006718,0.006968,0.007591,0.003967,0.008067,0.1752,0.7517,
0.8668,0.3565,0.01142,0.009121,0.006273,0.01285,0.006589,0.00696,0.007587,0.003967,0.008067,0.1752,0.7519,
0.8661,0.3485,0.0114,0.009121,0.006273,0.01283,0.006489,0.006953,0.007583,0.003963,0.008067,0.1753,0.7521,
0.8654,0.349,0.01142,0.009099,0.006255,0.01282,0.006315,0.00695,0.007579,0.003963,0.008167,0.1752,0.7523,
0.865,0.3488,0.01141,0.009099,0.006254,0.01282,0.006205,0.006949,0.007579,0.003962,0.008166,0.1752,0.7523,
0.8648,0.355,0.01135,0.009096,0.006272,0.01286,0.00621,0.006941,0.007565,0.004071,0.008026,0.1752,0.7524,
0.8646,0.3663,0.01134,0.009087,0.00629,0.01284,0.006185,0.007062,0.007436,0.004163,0.00792,0.1752,0.7524,
0.8668,0.3737,0.01147,0.009082,0.006312,0.01285,0.006185,0.007079,0.007447,0.004166,0.008397,0.1747,0.7523,
0.8678,0.3536,0.01143,0.009048,0.006312,0.01283,0.006178,0.007071,0.007408,0.004242,0.008622,0.1749,0.752,
0.8677,0.3454,0.01134,0.009042,0.006316,0.0129,0.006158,0.007042,0.007392,0.004317,0.008524,0.1751,0.7518,
0.8676,0.3483,0.01132,0.009024,0.006327,0.01288,0.006176,0.007042,0.007375,0.004421,0.008421,0.1751,0.7519,
0.8673,0.3523,0.01123,0.009031,0.006336,0.01295,0.006188,0.007109,0.007244,0.004559,0.008265,0.1751,0.7519,
0.8669,0.3537,0.01121,0.009032,0.006331,0.01295,0.006192,0.007058,0.007244,0.004711,0.008036,0.1752,0.752,
0.8645,0.39,0.01115,0.009033,0.006346,0.01297,0.01001,0.003173,0.007226,0.004989,0.007712,0.1753,0.7521,
0.8639,0.3963,0.0111,0.009018,0.006361,0.01297,0.00996,0.003155,0.007227,0.005235,0.007413,0.1753,0.7522,
0.8637,0.3861,0.01102,0.009022,0.006374,0.013,0.01,0.00313,0.007252,0.005188,0.007409,0.1753,0.7523,
0.8645,0.3636,0.01103,0.009032,0.006384,0.01308,0.01,0.003158,0.007201,0.005191,0.007539,0.1752,0.7522,
0.864,0.3569,0.01099,0.009011,0.006402,0.01309,0.009974,0.003171,0.007184,0.005361,0.007299,0.1752,0.7523,
0.8633,0.3597,0.01096,0.009006,0.006351,0.01307,0.009912,0.003204,0.0072,0.00553,0.007059,0.1753,0.7524,
0.8625,0.3798,0.01084,0.009008,0.006301,0.01318,0.009828,0.003257,0.007147,0.005558,0.006983,0.1753,0.7526,
0.8632,0.3757,0.01076,0.008996,0.006316,0.0133,0.009769,0.003225,0.007165,0.005575,0.007232,0.175,0.7526,
0.8626,0.3708,0.01075,0.008991,0.006324,0.0133,0.009675,0.003187,0.007157,0.005579,0.007199,0.1752,0.7527,
0.864,0.3698,0.01076,0.008997,0.006338,0.01337,0.009623,0.003187,0.007157,0.0058,0.007335,0.1748,0.7526,
0.8637,0.3738,0.01073,0.008999,0.006299,0.01337,0.009548,0.003221,0.007116,0.006004,0.007113,0.1751,0.7525,
0.8626,0.3704,0.0105,0.009002,0.006307,0.01355,0.009362,0.003199,0.007116,0.006004,0.007113,0.1751,0.7527,
0.8631,0.3753,0.01054,0.009006,0.006265,0.01355,0.009237,0.003198,0.007087,0.00623,0.00727,0.1747,0.7529,
0.8627,0.382,0.01047,0.008995,0.00627,0.01355,0.009155,0.003188,0.007063,0.006266,0.007215,0.1751,0.7528,
0.8619,0.3803,0.01045,0.009004,0.006282,0.01348,0.009066,0.003195,0.007029,0.006313,0.007168,0.1751,0.7529,
0.8628,0.3745,0.01049,0.009001,0.006286,0.01348,0.009067,0.003212,0.007012,0.006371,0.007303,0.1749,0.7529,
0.8615,0.3832,0.01044,0.009007,0.006296,0.01347,0.008808,0.003244,0.007042,0.006322,0.007285,0.1749,0.7532,
0.8608,0.3715,0.01037,0.008973,0.0063,0.01345,0.008827,0.003227,0.007042,0.006423,0.007139,0.175,0.7533,
0.8606,0.3627,0.01035,0.00897,0.006312,0.01339,0.008859,0.003196,0.007043,0.006518,0.007043,0.175,0.7533,
0.8588,0.3723,0.01032,0.008993,0.006318,0.01325,0.008505,0.00392,0.006287,0.006621,0.006942,0.175,0.7538,
0.8574,0.3761,0.0103,0.009011,0.006324,0.01318,0.008264,0.003934,0.006273,0.00685,0.0067,0.175,0.7541,
0.8576,0.3684,0.01045,0.00901,0.006334,0.01314,0.008025,0.003898,0.006343,0.006837,0.006947,0.1747,0.7543,
0.8564,0.3692,0.01042,0.00902,0.006336,0.01309,0.007828,0.003884,0.006373,0.006911,0.006844,0.1747,0.7546,
0.8508,0.3764,0.0104,0.009024,0.006336,0.01303,0.006647,0.003874,0.00639,0.006846,0.006828,0.1751,0.7555,
0.8511,0.3735,0.01046,0.009023,0.006342,0.01302,0.006635,0.003846,0.006456,0.006902,0.006779,0.175,0.7555,
0.8544,0.3675,0.01069,0.009025,0.006355,0.01299,0.006511,0.003861,0.00642,0.007009,0.007639,0.1741,0.7554,
0.8546,0.3833,0.01049,0.009025,0.006323,0.01313,0.00643,0.003854,0.006426,0.007203,0.007379,0.1749,0.7548,
0.8546,0.3833,0.01048,0.009017,0.006336,0.01317,0.006296,0.003845,0.006447,0.00722,0.00751,0.1748,0.7549,
0.8545,0.4176,0.01044,0.009024,0.006344,0.01319,0.006296,0.003872,0.006399,0.007554,0.007176,0.1748,0.7549,
0.8552,0.4122,0.01049,0.009018,0.00635,0.01327,0.006346,0.00382,0.006417,0.007565,0.007231,0.1747,0.7548,
0.8548,0.3856,0.01048,0.009013,0.006355,0.01326,0.006264,0.0038,0.006388,0.007715,0.007079,0.1749,0.7547,
0.8556,0.3853,0.01052,0.009023,0.00636,0.01333,0.006158,0.003826,0.006356,0.007713,0.007261,0.1749,0.7546,
0.8551,0.3742,0.01044,0.009038,0.006374,0.01333,0.006124,0.003826,0.006356,0.007852,0.00708,0.1749,0.7546,
0.8547,0.3773,0.01044,0.009029,0.006382,0.01342,0.005943,0.003812,0.006356,0.007881,0.007118,0.1748,0.7548,
0.8546,0.3669,0.0105,0.009008,0.006395,0.01337,0.005879,0.003787,0.006396,0.007928,0.007128,0.1747,0.7549,
0.8537,0.3822,0.01047,0.009028,0.006405,0.01333,0.005766,0.003771,0.006385,0.007986,0.00707,0.1748,0.755,
0.8549,0.3747,0.01065,0.009018,0.006412,0.01331,0.005717,0.003743,0.006385,0.008072,0.00724,0.1745,0.7549,
0.8547,0.3503,0.01055,0.009018,0.006419,0.01332,0.005685,0.003721,0.006371,0.008187,0.007119,0.1749,0.7547,
0.8542,0.3673,0.01061,0.009023,0.006423,0.01327,0.005598,0.003707,0.006372,0.00835,0.006948,0.1748,0.7548,
0.8538,0.3429,0.01058,0.009034,0.006432,0.01323,0.005592,0.00367,0.00641,0.008342,0.006917,0.1749,0.7549,
0.8576,0.3414,0.0109,0.009035,0.006406,0.01321,0.00557,0.003686,0.006372,0.008387,0.0076,0.1745,0.7543,
0.8576,0.3391,0.01083,0.009043,0.006408,0.01318,0.005597,0.003675,0.006353,0.008384,0.007598,0.1748,0.7541,
0.8573,0.3477,0.01078,0.00906,0.006412,0.01322,0.005531,0.003686,0.006342,0.008471,0.007511,0.1748,0.7542,
0.8569,0.3511,0.01073,0.009068,0.006422,0.01324,0.005463,0.003697,0.006359,0.008444,0.007511,0.1748,0.7543,
0.8577,0.3544,0.01076,0.009067,0.006434,0.01327,0.005462,0.00368,0.006342,0.008535,0.007622,0.1746,0.7542,
0.8591,0.3686,0.01084,0.009079,0.006439,0.01326,0.005476,0.005307,0.004714,0.008651,0.007722,0.1744,0.7542,
0.8595,0.3619,0.01088,0.009069,0.006422,0.01332,0.005443,0.005346,0.004686,0.008742,0.00769,0.1743,0.7541,
0.8602,0.3741,0.01096,0.009076,0.006433,0.0133,0.005474,0.005331,0.004703,0.008728,0.007807,0.1742,0.754,
0.862,0.354,0.01109,0.009067,0.006431,0.01323,0.005417,0.005325,0.004733,0.00903,0.007738,0.1747,0.7533,
0.8614,0.3504,0.01106,0.009081,0.00645,0.01316,0.00533,0.005342,0.004789,0.00904,0.007655,0.1747,0.7534,
0.8617,0.3504,0.01105,0.009063,0.006459,0.01316,0.00516,0.005311,0.004847,0.009107,0.007854,0.1746,0.7534,
0.8609,0.3521,0.01104,0.009053,0.006476,0.0131,0.00511,0.005316,0.004811,0.00916,0.007731,0.1747,0.7535,
0.8604,0.3463,0.01093,0.009055,0.006491,0.01316,0.005049,0.005352,0.004777,0.009203,0.00769,0.1747,0.7536,
0.8603,0.3471,0.01089,0.009069,0.006502,0.01315,0.00506,0.00534,0.004826,0.009187,0.007658,0.1747,0.7537,
0.8603,0.3504,0.01085,0.009069,0.006511,0.01318,0.005039,0.005315,0.004839,0.009304,0.007609,0.1746,0.7537,
0.8604,0.377,0.01084,0.009063,0.006528,0.01315,0.005033,0.00715,0.004291,0.008262,0.007348,0.1747,0.7537,
0.8598,0.3781,0.01076,0.009079,0.006535,0.01319,0.005014,0.007145,0.004288,0.008307,0.007163,0.1748,0.7537,
0.8591,0.3829,0.01074,0.009082,0.006552,0.01318,0.004988,0.007124,0.004266,0.00843,0.006953,0.1749,0.7538,
0.859,0.3823,0.01077,0.009101,0.006562,0.01317,0.004934,0.007137,0.004309,0.00837,0.006935,0.1749,0.7538,
0.8584,0.3788,0.01073,0.009129,0.006571,0.01317,0.004928,0.007109,0.004304,0.008528,0.006758,0.1747,0.7541,
0.8583,0.3771,0.01074,0.009115,0.006585,0.01313,0.004987,0.007067,0.00431,0.00861,0.006653,0.1747,0.7541,
0.8582,0.3864,0.01069,0.009116,0.006593,0.01317,0.004987,0.00707,0.004303,0.008624,0.006622,0.1747,0.7541,
0.8586,0.3796,0.01067,0.009136,0.0066,0.01319,0.004951,0.007087,0.004348,0.008562,0.006735,0.1746,0.7541,
0.8581,0.3574,0.01062,0.009172,0.006615,0.01317,0.004981,0.007555,0.003828,0.00863,0.006668,0.1746,0.7542,
0.8592,0.3538,0.0107,0.009175,0.006627,0.01316,0.004997,0.007588,0.003775,0.008757,0.006691,0.1747,0.7539,
0.8586,0.3533,0.01061,0.009182,0.006632,0.01322,0.004947,0.007553,0.003798,0.008817,0.006572,0.1747,0.7539,
0.8585,0.3604,0.01048,0.009184,0.00664,0.01334,0.004961,0.007562,0.003802,0.008875,0.006488,0.1747,0.754,
0.8601,0.3595,0.01059,0.009196,0.006647,0.01337,0.004996,0.00755,0.003778,0.008971,0.006656,0.1745,0.7538,
0.8626,0.3533,0.01065,0.00921,0.006655,0.01343,0.00499,0.007562,0.003777,0.008968,0.007272,0.1738,0.7536,
0.8623,0.3527,0.01062,0.009223,0.006659,0.01341,0.004985,0.007534,0.003777,0.009042,0.0072,0.1738,0.7537,
0.8658,0.3543,0.01078,0.009213,0.006664,0.01339,0.004979,0.007542,0.003755,0.009161,0.00754,0.1745,0.7525,
0.865,0.3544,0.01075,0.009204,0.006667,0.01341,0.004862,0.007507,0.003768,0.009189,0.007494,0.1745,0.7527,
0.8657,0.3506,0.01081,0.009187,0.006627,0.01338,0.004862,0.007531,0.003742,0.009309,0.007566,0.1744,0.7525,
0.8652,0.3502,0.01076,0.009202,0.006634,0.01341,0.004893,0.007549,0.003708,0.009387,0.00738,0.1745,0.7526,
0.8645,0.3565,0.01064,0.009202,0.006603,0.01349,0.004866,0.007549,0.003708,0.00937,0.007316,0.1745,0.7527,
0.8639,0.3524,0.01061,0.009202,0.006614,0.0135,0.004793,0.007561,0.003682,0.00951,0.007171,0.1745,0.7528,
0.8646,0.3589,0.01063,0.009204,0.006627,0.01351,0.004819,0.007534,0.003682,0.009625,0.007174,0.1745,0.7527,
0.8641,0.3556,0.01062,0.009215,0.006634,0.01344,0.004855,0.007497,0.003712,0.009596,0.007105,0.1745,0.7529,
0.8642,0.356,0.01054,0.009231,0.006646,0.01349,0.004893,0.007486,0.003722,0.009729,0.006973,0.1745,0.7528,
0.8652,0.3516,0.01063,0.009238,0.006657,0.01347,0.004939,0.007458,0.00374,0.009695,0.007158,0.1743,0.7527,
0.8653,0.3573,0.0106,0.00924,0.006675,0.01345,0.006132,0.00626,0.003737,0.00978,0.007009,0.1745,0.7526,
0.8657,0.3592,0.01063,0.009239,0.006639,0.01344,0.006122,0.00626,0.003702,0.009781,0.007237,0.1743,0.7527,
0.8662,0.352,0.01069,0.009244,0.006647,0.01343,0.006142,0.006269,0.003674,0.009812,0.007281,0.1742,0.7526,
0.8662,0.3528,0.01066,0.009235,0.006656,0.01345,0.006179,0.006264,0.003659,0.009795,0.007281,0.1742,0.7526,
0.8663,0.3594,0.01064,0.009236,0.006657,0.01344,0.006192,0.00628,0.003657,0.009997,0.007043,0.1744,0.7524,
0.8666,0.355,0.01061,0.009244,0.006666,0.01351,0.006223,0.00629,0.00363,0.01015,0.006924,0.1744,0.7524,
0.8663,0.3573,0.01056,0.009232,0.006674,0.01353,0.006207,0.006305,0.003583,0.01016,0.006906,0.1744,0.7524,
0.8662,0.3582,0.01052,0.009216,0.006694,0.01356,0.006221,0.006326,0.003602,0.01021,0.006807,0.1744,0.7524,
0.8664,0.3672,0.01052,0.009225,0.006666,0.01356,0.0062,0.006291,0.003632,0.01024,0.006899,0.1743,0.7525,
0.8661,0.3725,0.0105,0.009233,0.006676,0.01356,0.006176,0.006264,0.003668,0.01032,0.00678,0.1743,0.7525,
0.8669,0.3846,0.01063,0.009231,0.006676,0.01359,0.007645,0.004854,0.003609,0.01035,0.006889,0.1741,0.7524,
0.8662,0.3749,0.01061,0.00924,0.006682,0.01358,0.007573,0.004888,0.003557,0.01055,0.006656,0.1742,0.7525,
0.8675,0.3731,0.0106,0.009222,0.006693,0.01368,0.007542,0.004859,0.00359,0.01067,0.006907,0.1738,0.7525,
0.8674,0.378,0.01071,0.00922,0.006699,0.01364,0.007514,0.006205,0.002203,0.01067,0.007159,0.1735,0.7525,
0.8684,0.4017,0.01061,0.009215,0.006701,0.01375,0.007507,0.00621,0.00219,0.0107,0.007114,0.1743,0.7517,
0.8682,0.3806,0.01071,0.009189,0.006639,0.01373,0.007432,0.006199,0.002156,0.0107,0.00725,0.1742,0.7518,
0.8646,0.3849,0.01083,0.009206,0.006648,0.01371,0.00634,0.00618,0.002144,0.01074,0.007446,0.1742,0.7525,
0.865,0.38,0.01091,0.009206,0.006658,0.01371,0.00626,0.006167,0.002153,0.01078,0.007548,0.1741,0.7525,
0.866,0.3608,0.01092,0.009196,0.006666,0.01371,0.006172,0.006158,0.002141,0.0108,0.007834,0.1742,0.7523,
0.8664,0.3582,0.01095,0.009202,0.006675,0.01368,0.006158,0.006182,0.002091,0.01098,0.007866,0.174,0.7523,
0.8672,0.3599,0.01085,0.009188,0.006694,0.0138,0.006204,0.006139,0.00206,0.01104,0.007955,0.1741,0.752,
0.8681,0.3427,0.01089,0.009183,0.006708,0.01381,0.006222,0.006121,0.002122,0.01101,0.008072,0.174,0.7519,
0.8683,0.3605,0.01097,0.009168,0.006717,0.01381,0.006184,0.006107,0.002136,0.011,0.008071,0.1741,0.7518,
0.869,0.3401,0.01104,0.009163,0.006691,0.01381,0.006111,0.006107,0.002099,0.01099,0.008346,0.174,0.7516,
0.8723,0.3369,0.01118,0.00916,0.006705,0.01389,0.006125,0.006107,0.002113,0.01096,0.009094,0.1733,0.7514,
0.8729,0.3365,0.01118,0.009158,0.006686,0.01391,0.006158,0.006075,0.002113,0.01101,0.009271,0.1731,0.7514,
0.8723,0.3439,0.01117,0.009152,0.006702,0.01391,0.00606,0.006071,0.002165,0.01112,0.009049,0.1731,0.7515,
0.8719,0.3433,0.01112,0.009164,0.006712,0.01393,0.006066,0.006043,0.002182,0.0113,0.00875,0.1732,0.7515,
0.8721,0.3413,0.01105,0.009177,0.00671,0.01394,0.006009,0.006031,0.002155,0.01142,0.008612,0.1739,0.751,
0.8727,0.3459,0.01105,0.00919,0.006714,0.01393,0.006055,0.005984,0.002155,0.01152,0.008643,0.1739,0.7508,
0.8719,0.3432,0.011,0.009188,0.006715,0.01392,0.006006,0.005987,0.002111,0.0115,0.008644,0.1739,0.751,
0.8711,0.3456,0.01099,0.00919,0.006658,0.01389,0.005982,0.005961,0.002169,0.01161,0.008448,0.1739,0.7512,
0.8707,0.3492,0.01095,0.009178,0.006676,0.01388,0.005964,0.006263,0.00198,0.0116,0.008336,0.1739,0.7512,
0.8703,0.3524,0.0108,0.009187,0.006684,0.014,0.005942,0.006248,0.001962,0.01166,0.008284,0.1739,0.7513,
0.87,0.3541,0.01078,0.00918,0.006698,0.01397,0.005951,0.006221,0.002016,0.01188,0.008007,0.1739,0.7514,
0.8703,0.3658,0.01079,0.009173,0.006715,0.014,0.005965,0.006214,0.001988,0.01193,0.008051,0.1738,0.7514,
0.8685,0.3631,0.01077,0.009175,0.006727,0.014,0.008795,0.003286,0.001999,0.01192,0.008008,0.1739,0.7514,
0.868,0.365,0.01075,0.009181,0.006742,0.014,0.008695,0.003295,0.001996,0.01202,0.007897,0.1739,0.7515,
0.869,0.3685,0.01071,0.00919,0.006755,0.01406,0.008713,0.003255,0.002019,0.01204,0.008159,0.1736,0.7515,
0.8686,0.3625,0.0107,0.00919,0.006767,0.01404,0.008766,0.003189,0.002059,0.01206,0.008024,0.1736,0.7516,
0.8681,0.3497,0.01067,0.00918,0.006768,0.01399,0.008824,0.00313,0.002056,0.01209,0.007975,0.1737,0.7516,
0.8648,0.3521,0.01063,0.009161,0.006775,0.014,0.008119,0.003169,0.002029,0.01207,0.007924,0.1739,0.7522,
0.864,0.3511,0.01059,0.009151,0.006797,0.01396,0.008065,0.00313,0.002024,0.01224,0.007759,0.1739,0.7524,
0.8657,0.3539,0.01049,0.009168,0.006814,0.01407,0.008082,0.003113,0.002057,0.01228,0.008169,0.1734,0.7523,
0.8688,0.4162,0.01048,0.009161,0.006786,0.01405,0.008096,0.003094,0.009778,0.004777,0.007875,0.1739,0.752,
0.8691,0.3643,0.01052,0.00916,0.006799,0.01403,0.008,0.003085,0.009832,0.004817,0.007947,0.1737,0.7521,
0.8704,0.3645,0.0107,0.009161,0.006811,0.01403,0.008036,0.003059,0.00987,0.004748,0.00818,0.1735,0.7519,
0.8701,0.3646,0.01069,0.009166,0.006817,0.01402,0.008008,0.003026,0.00987,0.004872,0.008056,0.1735,0.752,
0.87,0.3834,0.01066,0.00917,0.006825,0.01402,0.007982,0.003022,0.009856,0.005011,0.007917,0.1735,0.752,
0.8697,0.3751,0.01059,0.009172,0.006833,0.01407,0.007968,0.003018,0.009852,0.005028,0.007863,0.1735,0.7521,
0.871,0.3753,0.01067,0.009174,0.006841,0.01404,0.007916,0.002998,0.009907,0.00519,0.008062,0.1731,0.7521,
0.8696,0.379,0.01065,0.009179,0.006848,0.01404,0.007622,0.003009,0.009878,0.00528,0.007971,0.1731,0.7524,
0.87,0.3801,0.01061,0.009182,0.00679,0.01405,0.00766,0.002964,0.009919,0.005537,0.007657,0.1737,0.7519,
0.8692,0.3826,0.01059,0.00919,0.006747,0.01405,0.00758,0.00294,0.009943,0.005574,0.007592,0.1737,0.7521,
0.8685,0.3881,0.01054,0.009209,0.006759,0.01404,0.007466,0.002914,0.009961,0.00574,0.007408,0.1737,0.7522,
0.8676,0.394,0.01052,0.009216,0.006763,0.01394,0.007382,0.002915,0.009966,0.005914,0.007207,0.1737,0.7524,
0.8689,0.4166,0.01063,0.009197,0.006742,0.01393,0.007323,0.002901,0.009966,0.005958,0.007596,0.1733,0.7524,
0.8684,0.39,0.01067,0.009178,0.006712,0.01393,0.007188,0.002883,0.01,0.005964,0.007641,0.1732,0.7526,
0.869,0.3786,0.01062,0.009193,0.006725,0.01399,0.007124,0.002896,0.01004,0.006021,0.007772,0.173,0.7526,
0.8685,0.3722,0.01062,0.009189,0.006735,0.01397,0.007024,0.002884,0.01003,0.006354,0.007439,0.173,0.7528,
0.8681,0.3726,0.0106,0.009196,0.006744,0.01397,0.006934,0.002925,0.009995,0.006551,0.007228,0.173,0.7529,
0.8678,0.3702,0.01054,0.009222,0.006748,0.01398,0.006896,0.002942,0.01004,0.006542,0.007175,0.173,0.7529,
0.8682,0.3641,0.01046,0.009254,0.006707,0.01408,0.006844,0.002935,0.01,0.006697,0.007255,0.1728,0.753,
0.8688,0.3701,0.01038,0.009267,0.006709,0.0141,0.006806,0.002941,0.01002,0.006657,0.00723,0.1736,0.7523,
0.8705,0.3682,0.01049,0.00927,0.006672,0.01409,0.006898,0.002849,0.01007,0.006647,0.007683,0.1731,0.7522,
0.8729,0.3962,0.01046,0.009279,0.006627,0.01417,0.006832,0.006698,0.00623,0.006664,0.007666,0.1735,0.7519,
0.8718,0.4297,0.01043,0.00926,0.006638,0.01414,0.006684,0.006701,0.006233,0.006719,0.007554,0.1735,0.7521,
0.8724,0.4149,0.01043,0.009252,0.006646,0.0142,0.00664,0.006718,0.006269,0.006665,0.007751,0.1733,0.7521,
0.8733,0.4135,0.01051,0.009251,0.006659,0.0142,0.006667,0.006692,0.006251,0.006793,0.00781,0.1731,0.752,
0.873,0.3846,0.01044,0.009257,0.006667,0.01421,0.006667,0.006692,0.006269,0.006802,0.007738,0.1732,0.7521,
0.8727,0.3923,0.01037,0.009251,0.006689,0.01422,0.006653,0.006689,0.006313,0.006903,0.007553,0.1732,0.7521,
0.8725,0.3851,0.01035,0.009245,0.006693,0.0142,0.006671,0.00671,0.006275,0.006996,0.007461,0.1732,0.7522,
0.8724,0.3825,0.01034,0.009253,0.0067,0.01416,0.006689,0.006732,0.006237,0.007207,0.007251,0.1732,0.7522,
0.8729,0.3594,0.01038,0.009266,0.006701,0.01415,0.007726,0.005631,0.006299,0.007156,0.007321,0.1735,0.7519,
0.872,0.3575,0.01036,0.009264,0.006651,0.01415,0.007718,0.00562,0.006275,0.00737,0.007008,0.1736,0.752,
0.8718,0.3683,0.01043,0.009259,0.006633,0.01415,0.00759,0.005599,0.006272,0.007597,0.006879,0.1735,0.7521,
0.873,0.3603,0.01048,0.009244,0.006636,0.01415,0.007531,0.00562,0.006285,0.007669,0.007172,0.1731,0.7521,
0.8732,0.3526,0.01045,0.009255,0.006653,0.01414,0.007483,0.005618,0.006283,0.007731,0.007104,0.1734,0.7519,
0.873,0.3499,0.01037,0.009255,0.006663,0.01418,0.007483,0.005618,0.006283,0.007812,0.007024,0.1734,0.7519,
0.8726,0.3341,0.01017,0.009267,0.00667,0.01435,0.007437,0.005626,0.006271,0.007798,0.007024,0.1734,0.752,
0.874,0.3328,0.01036,0.009264,0.006675,0.01435,0.00746,0.005603,0.00627,0.007798,0.007142,0.1734,0.7517,
0.8733,0.3348,0.01029,0.00925,0.006693,0.0144,0.007348,0.005592,0.00627,0.007879,0.007061,0.1734,0.7518,
0.874,0.348,0.01024,0.009241,0.006707,0.01454,0.007276,0.005603,0.00627,0.008052,0.007087,0.1732,0.7518,
0.8739,0.3496,0.01023,0.009246,0.006713,0.01454,0.007276,0.005553,0.006278,0.008044,0.007054,0.1734,0.7517,
0.8758,0.3482,0.01041,0.009255,0.006723,0.0146,0.007219,0.005571,0.006264,0.008024,0.007406,0.173,0.7515,
0.8753,0.3464,0.01034,0.009241,0.006733,0.01461,0.007099,0.005569,0.006276,0.008107,0.007304,0.1733,0.7514,
0.8746,0.3329,0.01032,0.00925,0.006741,0.01458,0.006975,0.005604,0.00627,0.008116,0.007268,0.1733,0.7516,
0.8739,0.3348,0.01018,0.009258,0.006748,0.01465,0.006888,0.005624,0.006265,0.008191,0.007163,0.1733,0.7517,
0.8728,0.3262,0.01015,0.009254,0.006757,0.01454,0.00679,0.005602,0.006283,0.008205,0.007134,0.1734,0.7519,
0.8723,0.3315,0.01012,0.009248,0.006771,0.01452,0.006708,0.005642,0.006269,0.008347,0.006967,0.1734,0.752,
0.8722,0.3317,0.0101,0.00925,0.006784,0.01451,0.006703,0.005653,0.006309,0.00831,0.006935,0.1734,0.7521,
0.8707,0.3316,0.01002,0.009248,0.006799,0.01456,0.006428,0.005654,0.006309,0.00837,0.006876,0.1734,0.7524,
0.8714,0.3326,0.01006,0.00925,0.006808,0.01458,0.006332,0.005654,0.006335,0.008446,0.007002,0.1731,0.7524,
0.8714,0.336,0.01006,0.009271,0.006818,0.01467,0.006229,0.005671,0.006349,0.008445,0.007002,0.1731,0.7524,
0.871,0.3344,0.01005,0.009273,0.006831,0.01465,0.006213,0.005652,0.006321,0.008518,0.006929,0.1731,0.7525,
0.8709,0.3431,0.009896,0.009268,0.006845,0.01478,0.006239,0.00566,0.006313,0.008618,0.006802,0.1731,0.7525,
0.8728,0.3497,0.01006,0.009268,0.006856,0.01484,0.006144,0.005643,0.006313,0.008798,0.007092,0.1726,0.7524,
0.8705,0.4111,0.01004,0.009275,0.006869,0.01481,0.006112,0.005685,0.01161,0.003553,0.006997,0.1726,0.7524,
0.8714,0.3418,0.01011,0.009269,0.006874,0.01474,0.006024,0.005681,0.0116,0.003617,0.007048,0.1731,0.7519,
0.8707,0.3329,0.01003,0.009266,0.006888,0.01472,0.005957,0.005684,0.01164,0.003689,0.006917,0.1732,0.752,
0.8695,0.3384,0.01002,0.009273,0.006894,0.01467,0.005753,0.005733,0.01161,0.003743,0.006789,0.1733,0.7522,
0.869,0.3625,0.009902,0.009282,0.00685,0.01472,0.005731,0.005768,0.01158,0.003875,0.006657,0.1733,0.7524,
0.8679,0.359,0.009881,0.009278,0.006843,0.0147,0.005652,0.005697,0.0116,0.003975,0.006493,0.1733,0.7526,
0.8689,0.3551,0.009874,0.009292,0.006849,0.01475,0.005661,0.005724,0.01156,0.004024,0.006637,0.1731,0.7525,
0.8686,0.3559,0.009788,0.009295,0.006862,0.01479,0.005642,0.005684,0.01155,0.004121,0.006525,0.1733,0.7525,
0.8681,0.3541,0.009773,0.009293,0.006866,0.01473,0.005601,0.005667,0.01155,0.004206,0.00644,0.1733,0.7526,
0.868,0.355,0.009685,0.009275,0.00689,0.0148,0.005618,0.005667,0.01159,0.004148,0.006441,0.1733,0.7526,
0.8682,0.3481,0.0097,0.009279,0.006837,0.0148,0.005613,0.005655,0.01158,0.004214,0.006542,0.1731,0.7527,
0.8676,0.3481,0.009601,0.009276,0.006854,0.01483,0.005599,0.00567,0.01153,0.004251,0.00644,0.1732,0.7527,
0.8672,0.3552,0.009577,0.009275,0.006868,0.01479,0.005544,0.005735,0.01147,0.00432,0.00637,0.1732,0.7528,
0.8679,0.355,0.009553,0.009261,0.006869,0.01481,0.005526,0.006126,0.01108,0.004405,0.00647,0.173,0.7529,
0.8676,0.3538,0.009521,0.009276,0.006884,0.01469,0.005526,0.006189,0.01101,0.004569,0.006306,0.173,0.753,
0.8676,0.4045,0.009494,0.009285,0.006902,0.01466,0.005475,0.0104,0.006804,0.004601,0.006273,0.173,0.7531,
0.8674,0.3965,0.009435,0.009304,0.006907,0.01468,0.005501,0.01041,0.006746,0.004601,0.006274,0.173,0.7531,
0.8674,0.3927,0.009413,0.009313,0.006913,0.01464,0.005527,0.01036,0.006858,0.004513,0.006243,0.1733,0.7529,
0.8681,0.3909,0.009417,0.00932,0.006924,0.01463,0.005586,0.01033,0.006846,0.00449,0.006421,0.1731,0.7529,
0.8696,0.3847,0.009642,0.009321,0.006929,0.01462,0.005511,0.01036,0.006836,0.004572,0.006504,0.1731,0.7526,
0.8725,0.3478,0.009492,0.009327,0.006943,0.01486,0.005487,0.01035,0.006836,0.004847,0.007054,0.1723,0.7525,
0.8718,0.3637,0.009492,0.009315,0.006956,0.01486,0.005473,0.01147,0.005712,0.005027,0.006847,0.1723,0.7526,
0.8732,0.3714,0.009487,0.00932,0.006954,0.0149,0.005426,0.01149,0.00567,0.005144,0.006836,0.173,0.7518,
0.8738,0.3766,0.00947,0.009333,0.006962,0.01497,0.005444,0.01151,0.005663,0.005116,0.006936,0.1729,0.7517,
0.8733,0.3631,0.009448,0.009328,0.00697,0.01493,0.005361,0.01149,0.005662,0.00516,0.006889,0.1731,0.7517,
0.8749,0.3639,0.009405,0.00933,0.006977,0.01499,0.005373,0.01149,0.005642,0.005206,0.007188,0.173,0.7514,
0.8742,0.3642,0.009265,0.009332,0.006987,0.01509,0.005294,0.0115,0.005625,0.0053,0.007053,0.1731,0.7515,
0.8749,0.379,0.009343,0.00933,0.006964,0.01509,0.005291,0.01148,0.005608,0.0053,0.007241,0.1729,0.7515,
0.8746,0.3875,0.009243,0.009357,0.006974,0.01513,0.005268,0.01146,0.005668,0.005312,0.007169,0.1729,0.7515,
0.8743,0.3746,0.009227,0.009363,0.006931,0.01513,0.005245,0.01144,0.005667,0.00538,0.007099,0.173,0.7515,
0.8743,0.3777,0.009209,0.009369,0.006941,0.01511,0.005276,0.01141,0.00569,0.005538,0.006919,0.173,0.7515,
0.8742,0.3828,0.009174,0.00938,0.006951,0.01511,0.005308,0.01145,0.005622,0.005911,0.00651,0.1731,0.7515,
0.8742,0.3815,0.009158,0.00938,0.006968,0.0151,0.005308,0.01145,0.005622,0.006083,0.006338,0.1731,0.7515,
0.874,0.3791,0.009154,0.009377,0.006976,0.01507,0.005311,0.01143,0.005642,0.006088,0.006309,0.173,0.7516,
0.8748,0.3825,0.009192,0.009371,0.006985,0.01507,0.00531,0.01146,0.005585,0.006251,0.006382,0.1728,0.7516,
0.8746,0.3665,0.009096,0.009399,0.006994,0.01511,0.005327,0.01148,0.005551,0.006251,0.006382,0.1728,0.7516,
0.8754,0.3768,0.009173,0.009397,0.00696,0.01511,0.005231,0.01148,0.005563,0.006234,0.006547,0.173,0.7513,
0.8769,0.3684,0.009274,0.009389,0.006977,0.01513,0.005154,0.01148,0.005619,0.006224,0.006902,0.1726,0.7513,
0.8769,0.3681,0.009264,0.009392,0.006984,0.01513,0.005154,0.01148,0.005619,0.006313,0.006813,0.1726,0.7513,
0.877,0.3698,0.009244,0.009383,0.00699,0.01509,0.005162,0.01149,0.005568,0.006412,0.006709,0.1729,0.751,
0.877,0.389,0.009226,0.009389,0.007003,0.01509,0.00519,0.01148,0.005579,0.006831,0.006266,0.1729,0.751,
0.8778,0.3836,0.009205,0.009386,0.007015,0.01511,0.006687,0.009998,0.005562,0.006865,0.006231,0.1729,0.751,
0.8813,0.3543,0.009558,0.009382,0.007024,0.01504,0.006741,0.009977,0.005518,0.006862,0.006721,0.1729,0.7503,
0.8809,0.3294,0.009542,0.009389,0.007033,0.01503,0.006688,0.01003,0.005634,0.006729,0.006631,0.1729,0.7504,
0.8815,0.3583,0.009498,0.009408,0.007043,0.01509,0.007222,0.009495,0.005641,0.006792,0.006656,0.1728,0.7504,
0.8817,0.3281,0.009561,0.00942,0.007046,0.01509,0.007129,0.009458,0.005668,0.006799,0.006726,0.1727,0.7504,
0.8814,0.3283,0.009543,0.009431,0.007052,0.01508,0.007103,0.009431,0.005694,0.006791,0.006709,0.1727,0.7504,
0.8802,0.3336,0.009538,0.009422,0.007066,0.01503,0.006909,0.009453,0.005657,0.006808,0.006692,0.1727,0.7507,
0.8789,0.328,0.009512,0.009405,0.007094,0.015,0.006701,0.009444,0.005712,0.006736,0.006655,0.1728,0.7509,
0.8785,0.3328,0.009484,0.009392,0.007116,0.01497,0.006664,0.009443,0.005722,0.00676,0.006602,0.1729,0.751,
0.8786,0.3339,0.00956,0.009394,0.007132,0.01497,0.00658,0.00939,0.005722,0.007012,0.006455,0.1728,0.751,
0.8782,0.3398,0.009464,0.009407,0.00714,0.01501,0.00657,0.009384,0.005734,0.006972,0.006456,0.1728,0.7511,
0.8778,0.3551,0.009448,0.009406,0.007157,0.01501,0.006527,0.009348,0.005786,0.007052,0.006302,0.1728,0.7512,
0.8775,0.3474,0.009418,0.009423,0.007163,0.01497,0.006487,0.00937,0.005758,0.007069,0.006284,0.1729,0.7512,
0.8774,0.3705,0.009368,0.009413,0.007178,0.01501,0.006395,0.009346,0.005802,0.007126,0.00636,0.1726,0.7514,
0.8783,0.3611,0.009442,0.0094,0.007195,0.015,0.006346,0.009343,0.005814,0.00711,0.006483,0.1728,0.7511,
0.8772,0.3485,0.009303,0.009387,0.007207,0.01512,0.006167,0.009313,0.005843,0.007156,0.006409,0.1728,0.7513,
0.8767,0.3428,0.00928,0.009396,0.007221,0.01509,0.006105,0.009295,0.00586,0.00721,0.006338,0.1728,0.7514,
0.8764,0.3588,0.009189,0.009403,0.007225,0.01516,0.005832,0.009269,0.005884,0.007269,0.006631,0.1724,0.7517,
0.8762,0.3517,0.009255,0.0094,0.00723,0.01511,0.005734,0.009248,0.00588,0.007456,0.006526,0.1724,0.7518,
0.8769,0.3473,0.00945,0.009401,0.007244,0.01509,0.00566,0.009287,0.005807,0.007474,0.006637,0.1722,0.7517,
0.878,0.3319,0.009512,0.009404,0.007263,0.01508,0.005614,0.009256,0.00583,0.007451,0.006975,0.1719,0.7517,
0.8771,0.3611,0.009669,0.009397,0.007276,0.01506,0.00556,0.009256,0.009838,0.003755,0.006663,0.1719,0.7516,
0.8768,0.3607,0.009636,0.009406,0.007278,0.01505,0.005376,0.009263,0.009896,0.003959,0.006307,0.1727,0.7511,
0.8762,0.3634,0.009508,0.009402,0.007271,0.01522,0.005174,0.009276,0.009976,0.004056,0.006197,0.1726,0.7513,
0.8785,0.3656,0.009626,0.009395,0.007288,0.01518,0.005201,0.009319,0.009925,0.004117,0.00669,0.172,0.7512,
0.8787,0.3831,0.009633,0.009389,0.007297,0.01517,0.009531,0.004947,0.009908,0.004155,0.006857,0.1718,0.7513,
0.8787,0.3478,0.009673,0.009387,0.007306,0.01515,0.009492,0.004947,0.009908,0.004201,0.006811,0.1718,0.7513,
0.8795,0.3523,0.009624,0.009391,0.007313,0.01514,0.009515,0.004912,0.009913,0.004288,0.0067,0.1726,0.7506,
0.8793,0.3534,0.009601,0.009396,0.007332,0.01514,0.009542,0.004865,0.009901,0.004335,0.006619,0.1726,0.7507,
0.8793,0.356,0.009592,0.009394,0.007343,0.01514,0.009608,0.0048,0.009918,0.004517,0.00642,0.1726,0.7507,
0.8792,0.3744,0.009542,0.009408,0.007363,0.01515,0.009643,0.004783,0.009902,0.004517,0.006421,0.1726,0.7507,
0.8789,0.3715,0.009467,0.009403,0.007365,0.01516,0.00964,0.004802,0.009888,0.00471,0.006203,0.1726,0.7508,
0.8786,0.3287,0.009428,0.00941,0.007374,0.01514,0.00964,0.004798,0.009911,0.004807,0.006066,0.1726,0.7508,
0.8786,0.3412,0.009373,0.009426,0.007379,0.01517,0.009651,0.004805,0.009911,0.004807,0.006049,0.1726,0.7508,
0.8785,0.348,0.009305,0.009433,0.007389,0.01523,0.009652,0.004822,0.009894,0.004965,0.005855,0.1726,0.7509,
0.8783,0.341,0.009303,0.009428,0.007393,0.01518,0.009666,0.004824,0.009876,0.005013,0.005807,0.1726,0.7509,
0.8791,0.3535,0.009334,0.009433,0.0074,0.01518,0.009607,0.006181,0.008514,0.005013,0.005872,0.1725,0.7509,
0.879,0.3803,0.009324,0.009424,0.007384,0.01518,0.009655,0.00615,0.008533,0.005237,0.00561,0.1726,0.7509,
0.8787,0.3497,0.009354,0.009431,0.007395,0.01514,0.009533,0.006166,0.008481,0.005447,0.005494,0.1725,0.751,
0.8786,0.3276,0.009306,0.00944,0.007405,0.01517,0.009568,0.006152,0.008457,0.00543,0.005494,0.1725,0.7511,
0.8801,0.3206,0.009342,0.009442,0.007421,0.01517,0.009585,0.00618,0.008411,0.005517,0.005763,0.1722,0.751,
0.8799,0.3222,0.009223,0.009453,0.007428,0.01527,0.009582,0.006197,0.008427,0.0055,0.00573,0.1722,0.751,
0.8823,0.3179,0.009319,0.00946,0.007435,0.01525,0.009596,0.006195,0.008393,0.0055,0.006329,0.1716,0.751,
0.882,0.3218,0.009245,0.009469,0.007445,0.0153,0.00956,0.006195,0.008448,0.005445,0.006329,0.1716,0.751,
0.8826,0.3228,0.009363,0.009473,0.00746,0.0153,0.009593,0.006179,0.008444,0.005486,0.006274,0.1716,0.7509,
0.8823,0.3268,0.00941,0.009458,0.007473,0.01525,0.009611,0.006179,0.008441,0.005583,0.006066,0.1717,0.7509,
0.8817,0.3376,0.009351,0.009462,0.007478,0.01527,0.009505,0.006225,0.008389,0.005622,0.00601,0.1717,0.751,
0.8816,0.3351,0.009331,0.009456,0.007479,0.01523,0.009322,0.006236,0.008375,0.005776,0.00582,0.1725,0.7505,
0.8809,0.333,0.009313,0.009455,0.007489,0.01521,0.00926,0.006229,0.008382,0.005792,0.005721,0.1725,0.7506,
0.8805,0.3289,0.009212,0.00943,0.007505,0.01528,0.009263,0.006198,0.008391,0.005813,0.005676,0.1725,0.7507,
0.8753,0.3382,0.009179,0.009417,0.007512,0.01529,0.008158,0.00619,0.008374,0.005865,0.005624,0.1725,0.7518,
0.8763,0.3394,0.009259,0.009427,0.007528,0.01528,0.008025,0.00619,0.008382,0.006089,0.005733,0.1722,0.7519,
0.8757,0.3508,0.009204,0.009434,0.007542,0.01529,0.007987,0.006203,0.008316,0.00616,0.005661,0.1722,0.752,
0.876,0.354,0.009265,0.009435,0.007558,0.01532,0.00801,0.006239,0.008173,0.006395,0.005485,0.1721,0.752,
0.8811,0.3333,0.009629,0.009442,0.00757,0.0153,0.007973,0.006178,0.008165,0.006475,0.00646,0.1714,0.7514,
0.8804,0.3337,0.009579,0.009439,0.00758,0.01531,0.007895,0.006182,0.00813,0.006488,0.00643,0.1714,0.7516,
0.881,0.3387,0.009569,0.009437,0.007584,0.01531,0.007799,0.006226,0.008065,0.006477,0.006419,0.1723,0.7508,
0.8808,0.3374,0.009501,0.009446,0.007598,0.01536,0.007801,0.006219,0.008031,0.006642,0.006255,0.1723,0.7509,
0.8793,0.3433,0.009475,0.009459,0.007609,0.0154,0.007308,0.00618,0.008161,0.006552,0.006447,0.172,0.7514,
0.8819,0.3369,0.00982,0.009451,0.007627,0.0154,0.007198,0.006187,0.008153,0.006541,0.006948,0.1715,0.7511,
0.884,0.3332,0.009922,0.009458,0.007627,0.01537,0.007141,0.006164,0.008161,0.006601,0.007165,0.1721,0.7503,
0.8832,0.3498,0.009917,0.009445,0.007646,0.01537,0.007029,0.006119,0.008172,0.006648,0.007083,0.1721,0.7505,
0.8816,0.3471,0.009891,0.009446,0.007649,0.01535,0.0089,0.004152,0.008155,0.006666,0.007049,0.1721,0.7506,
0.8806,0.3421,0.009791,0.009457,0.007654,0.01539,0.008743,0.00416,0.008163,0.00667,0.00702,0.1721,0.7508,
0.8784,0.3761,0.00979,0.009425,0.00764,0.01536,0.009352,0.006314,0.004957,0.006672,0.007003,0.1721,0.7514,
0.8781,0.355,0.009774,0.009433,0.007648,0.01532,0.009327,0.006349,0.004906,0.006772,0.006904,0.1721,0.7514,
0.8772,0.3494,0.009757,0.009429,0.007619,0.0153,0.009236,0.006371,0.004849,0.006772,0.006904,0.1721,0.7516,
0.8761,0.3527,0.009719,0.009421,0.007635,0.01529,0.009043,0.006391,0.004812,0.006827,0.00685,0.1721,0.7519,
0.8741,0.3649,0.009627,0.009413,0.007644,0.01534,0.008657,0.006425,0.004815,0.006803,0.006801,0.1722,0.7523,
0.8743,0.3568,0.009742,0.009409,0.007661,0.01533,0.008398,0.006431,0.004842,0.00677,0.006991,0.1721,0.7523,
0.8737,0.3769,0.00966,0.009401,0.007671,0.01535,0.008321,0.006457,0.005669,0.005929,0.006952,0.1721,0.7525,
0.8726,0.3771,0.009631,0.009403,0.007683,0.01533,0.008121,0.006468,0.005644,0.006103,0.006778,0.1721,0.7527,
0.8689,0.3884,0.009605,0.009407,0.007687,0.01533,0.007388,0.006433,0.005678,0.006123,0.006703,0.1721,0.7535,
0.8697,0.3848,0.009673,0.009407,0.007697,0.01533,0.007402,0.006453,0.00574,0.006091,0.00675,0.172,0.7534,
0.8687,0.3801,0.009662,0.009409,0.007707,0.01533,0.007194,0.006453,0.005783,0.006049,0.00675,0.172,0.7536,
0.8671,0.3625,0.009735,0.009395,0.00772,0.01533,0.006793,0.006431,0.005766,0.006049,0.006807,0.172,0.754,
0.8673,0.3639,0.00968,0.009387,0.007735,0.01544,0.006804,0.006439,0.005756,0.006059,0.006778,0.172,0.754,
0.8667,0.3604,0.009677,0.009376,0.007703,0.01541,0.006782,0.006411,0.005778,0.006052,0.006701,0.1721,0.754,
0.8684,0.3575,0.01003,0.009381,0.007711,0.01536,0.006645,0.006409,0.005774,0.006108,0.006962,0.1718,0.7538,
0.8694,0.3561,0.01012,0.009377,0.00772,0.01526,0.006543,0.006381,0.005737,0.006153,0.007214,0.172,0.7535,
0.8689,0.3523,0.01009,0.009375,0.007736,0.01525,0.006491,0.006375,0.00582,0.006083,0.007184,0.172,0.7536,
0.8686,0.3499,0.01007,0.009384,0.007707,0.01523,0.006488,0.006392,0.005785,0.006145,0.007122,0.172,0.7536,
0.8683,0.3564,0.01002,0.009385,0.007711,0.01526,0.006511,0.006348,0.005763,0.006217,0.007051,0.172,0.7537,
0.8689,0.3539,0.01012,0.009375,0.007718,0.01526,0.006521,0.006296,0.005722,0.006247,0.007175,0.1719,0.7537,
0.8688,0.3533,0.01013,0.009371,0.007722,0.01527,0.006345,0.006328,0.005709,0.006295,0.007323,0.1717,0.7538,
0.8689,0.3578,0.01012,0.009364,0.007733,0.01526,0.006321,0.006287,0.005803,0.006251,0.007266,0.172,0.7536,
0.8687,0.3608,0.01003,0.009375,0.007743,0.01533,0.006311,0.00628,0.005794,0.006636,0.006864,0.172,0.7536,
0.8677,0.3694,0.01,0.009377,0.007753,0.01533,0.006203,0.006921,0.005099,0.006719,0.006782,0.172,0.7538,
0.867,0.3666,0.009985,0.009388,0.007762,0.01531,0.006093,0.006892,0.005097,0.006817,0.006684,0.172,0.754,
0.8663,0.3757,0.009949,0.009387,0.007771,0.01527,0.006066,0.006923,0.005092,0.006962,0.006456,0.172,0.7541,
0.867,0.375,0.00998,0.009352,0.00778,0.01526,0.00608,0.006864,0.005125,0.006988,0.006604,0.172,0.754,
0.8669,0.3661,0.009972,0.009322,0.007789,0.01526,0.006103,0.006859,0.005122,0.007024,0.006554,0.172,0.754,
0.8674,0.3712,0.009959,0.009304,0.0078,0.01541,0.006098,0.006855,0.005177,0.007121,0.006442,0.1719,0.7539,
0.8668,0.3851,0.009793,0.009301,0.007756,0.01553,0.006129,0.006837,0.005309,0.007325,0.006035,0.1719,0.754,
0.8662,0.3753,0.009766,0.009317,0.007766,0.01552,0.006134,0.006799,0.005335,0.007663,0.005605,0.172,0.7541,
0.866,0.4033,0.009864,0.009319,0.007787,0.01551,0.009713,0.003155,0.005305,0.00768,0.00603,0.1715,0.7541,
0.8651,0.3935,0.009782,0.009302,0.007805,0.01558,0.009546,0.003134,0.005322,0.007704,0.005989,0.1715,0.7543,
0.866,0.3713,0.009847,0.009307,0.007777,0.01555,0.00951,0.003164,0.005322,0.007721,0.006239,0.1713,0.7543,
0.8658,0.3619,0.009874,0.009315,0.007782,0.01554,0.009404,0.003174,0.005284,0.007985,0.006081,0.1711,0.7544,
0.8654,0.3747,0.009861,0.009313,0.007798,0.01548,0.00937,0.003193,0.00527,0.008038,0.006015,0.1712,0.7545,
0.8679,0.3652,0.009965,0.009312,0.007802,0.01544,0.00936,0.003189,0.005281,0.008012,0.006297,0.1718,0.7535,
0.8697,0.3564,0.01006,0.009304,0.007816,0.01535,0.009383,0.00322,0.005229,0.008282,0.006555,0.1713,0.7535,
0.8694,0.3539,0.01003,0.009311,0.007825,0.01534,0.00934,0.003258,0.005176,0.008354,0.006483,0.1713,0.7536,
0.8695,0.3571,0.01005,0.009291,0.0078,0.0153,0.009319,0.003218,0.005228,0.008319,0.006484,0.1717,0.7533,
0.871,0.3599,0.01008,0.009286,0.007813,0.01529,0.009313,0.00321,0.005178,0.008348,0.006981,0.1712,0.7533,
0.8703,0.3522,0.01002,0.009299,0.007789,0.0153,0.00923,0.003213,0.005161,0.008366,0.006964,0.1712,0.7534,
0.8711,0.3511,0.01011,0.009307,0.007798,0.01527,0.009161,0.003241,0.005126,0.0084,0.007148,0.171,0.7534,
0.871,0.3508,0.01009,0.009317,0.007808,0.01527,0.009236,0.003176,0.005183,0.008394,0.007085,0.171,0.7534,
0.8736,0.3494,0.01013,0.009305,0.007818,0.01534,0.00923,0.003166,0.005236,0.008454,0.007399,0.1712,0.7527,
0.8745,0.3467,0.01016,0.009296,0.007824,0.01535,0.009225,0.003091,0.00525,0.008522,0.007543,0.1713,0.7524,
0.8737,0.3421,0.01013,0.009297,0.007833,0.01534,0.0092,0.00305,0.005252,0.008569,0.007377,0.1714,0.7526,
0.8732,0.3476,0.01007,0.009291,0.007837,0.01539,0.009225,0.003011,0.005271,0.008782,0.007074,0.1714,0.7526,
0.8747,0.3522,0.01011,0.009296,0.007837,0.01537,0.009265,0.002983,0.005281,0.00883,0.007378,0.1712,0.7525,
0.8746,0.3481,0.009995,0.009294,0.007839,0.01544,0.009215,0.002979,0.005289,0.008863,0.007325,0.1715,0.7523,
0.8744,0.3495,0.009964,0.009304,0.007847,0.01542,0.009258,0.002936,0.005314,0.008893,0.007271,0.1715,0.7523,
0.8747,0.3459,0.01011,0.009308,0.007856,0.01538,0.009145,0.002936,0.005331,0.008964,0.007243,0.1715,0.7522,
0.8739,0.349,0.009987,0.0093,0.00783,0.01544,0.009184,0.002877,0.005373,0.009062,0.00704,0.1716,0.7523,
