entropy,entropyInd,RabA,RabB,RabC,RabD,RabE,RabF,RabG,RabH,RabI,xER,xPM,
0.6395,0.3355,0.003954,0.003384,0.002555,0.004654,0.002033,0.001469,0.001142,0.001271,0.001306,0.1956,0.7826,
0.6393,0.3393,0.003945,0.003378,0.002554,0.004639,0.002033,0.001469,0.001142,0.001271,0.001306,0.1957,0.7826,
0.6416,0.3379,0.00394,0.003374,0.002551,0.004633,0.00203,0.001467,0.001141,0.001269,0.001526,0.1964,0.7817,
0.6416,0.3358,0.00394,0.003374,0.002551,0.004633,0.00203,0.001467,0.001141,0.001269,0.001526,0.1964,0.7817,
0.6416,0.3333,0.00394,0.003374,0.002551,0.004633,0.00203,0.001467,0.001141,0.001269,0.001526,0.1964,0.7817,
0.6416,0.3333,0.00394,0.003374,0.002551,0.004633,0.00203,0.001467,0.001141,0.001269,0.001526,0.1964,0.7817,
0.6416,0.3333,0.00394,0.003374,0.002551,0.004633,0.00203,0.001467,0.001141,0.001269,0.001526,0.1964,0.7817,
0.6416,0.3333,0.00394,0.003374,0.002551,0.004633,0.00203,0.001467,0.001141,0.001269,0.001526,0.1964,0.7817,
0.6416,0.3333,0.00394,0.003374,0.002551,0.004633,0.00203,0.001467,0.001141,0.001269,0.001526,0.1964,0.7817,
0.6416,0.3333,0.00394,0.003374,0.002551,0.004633,0.00203,0.001467,0.001141,0.001269,0.001526,0.1964,0.7817,
0.6413,0.3342,0.003882,0.003374,0.002551,0.004633,0.00203,0.001467,0.001141,0.001269,0.001526,0.1964,0.7817,
0.6411,0.3355,0.003882,0.003374,0.002551,0.004633,0.002006,0.001467,0.001141,0.001269,0.001526,0.1964,0.7818,
0.6411,0.3331,0.003882,0.003374,0.002551,0.004633,0.002006,0.001467,0.001141,0.001269,0.001526,0.1964,0.7818,
0.6411,0.3329,0.003882,0.003374,0.002551,0.004633,0.002006,0.001467,0.001141,0.001269,0.001526,0.1964,0.7818,
0.6411,0.3329,0.003882,0.003374,0.002551,0.004633,0.002006,0.001467,0.001141,0.001269,0.001526,0.1964,0.7818,
0.6411,0.3325,0.003882,0.003374,0.002551,0.004633,0.002006,0.001467,0.001141,0.001269,0.001526,0.1964,0.7818,
0.6424,0.3289,0.004028,0.003374,0.002551,0.004633,0.002006,0.001467,0.001141,0.001269,0.001623,0.1963,0.7816,
0.6431,0.3264,0.004028,0.003374,0.002551,0.004633,0.002006,0.001467,0.001141,0.001269,0.001784,0.1961,0.7816,
0.6431,0.3262,0.004028,0.003374,0.002551,0.004633,0.002006,0.001467,0.001141,0.001269,0.001784,0.1961,0.7816,
0.6435,0.3249,0.004028,0.003374,0.002551,0.004633,0.002006,0.001467,0.001141,0.001269,0.001867,0.1961,0.7816,
0.645,0.3217,0.004026,0.003372,0.002549,0.004616,0.002004,0.001466,0.00114,0.001268,0.002085,0.1963,0.7812,
0.6449,0.3219,0.004025,0.003372,0.002549,0.0046,0.002004,0.001466,0.00114,0.001268,0.002085,0.1963,0.7812,
0.6449,0.3219,0.004025,0.003372,0.002549,0.0046,0.002004,0.001466,0.00114,0.001268,0.002085,0.1963,0.7812,
0.6449,0.3219,0.004025,0.003372,0.002549,0.0046,0.002004,0.001466,0.00114,0.001268,0.002085,0.1963,0.7812,
0.6473,0.3153,0.003999,0.003371,0.002549,0.004599,0.002004,0.001466,0.00114,0.001268,0.002585,0.196,0.781,
0.6475,0.3153,0.003998,0.00337,0.002548,0.004598,0.002003,0.001466,0.001139,0.001268,0.002585,0.1962,0.7808,
0.6475,0.3153,0.003998,0.00337,0.002548,0.004598,0.002003,0.001466,0.001139,0.001268,0.002585,0.1962,0.7808,
0.6478,0.3144,0.003998,0.00337,0.002548,0.004598,0.002003,0.001466,0.001139,0.001268,0.002644,0.1961,0.7808,
0.6474,0.3151,0.003997,0.00337,0.002548,0.004583,0.001953,0.001466,0.001139,0.001268,0.002644,0.1961,0.7809,
0.6485,0.3121,0.00407,0.00337,0.002548,0.004583,0.001928,0.001466,0.001139,0.001268,0.002837,0.1959,0.7808,
0.6493,0.3095,0.00407,0.003368,0.00255,0.004583,0.001878,0.001466,0.001139,0.001268,0.003111,0.1957,0.7809,
0.6512,0.3083,0.004141,0.003358,0.002554,0.004568,0.001877,0.001465,0.001174,0.001264,0.003275,0.1961,0.7803,
0.6512,0.3103,0.00413,0.003363,0.002559,0.004568,0.001877,0.001477,0.001161,0.001307,0.003232,0.1961,0.7803,
0.6509,0.3138,0.004108,0.003377,0.002568,0.004568,0.001819,0.00149,0.001149,0.001307,0.003232,0.1961,0.7803,
0.6509,0.3191,0.004097,0.003384,0.002572,0.004568,0.001819,0.00149,0.001268,0.001188,0.003232,0.1961,0.7803,
0.6505,0.3367,0.004093,0.003383,0.002578,0.004568,0.001853,0.002049,6.749E-4,0.001188,0.003232,0.1961,0.7803,
0.6506,0.34,0.00409,0.003377,0.002586,0.004568,0.001873,0.002029,6.749E-4,0.001234,0.003186,0.1961,0.7803,
0.6512,0.3411,0.004045,0.003378,0.00259,0.004608,0.001892,0.00201,6.749E-4,0.001234,0.003333,0.1959,0.7803,
0.6512,0.3536,0.004024,0.003391,0.002597,0.004608,0.001892,0.00201,6.749E-4,0.001234,0.003333,0.1959,0.7803,
0.6512,0.3545,0.004024,0.003382,0.002606,0.004608,0.001914,0.001988,6.906E-4,0.001218,0.003333,0.1959,0.7803,
0.6523,0.3525,0.004012,0.003392,0.002608,0.004608,0.001914,0.001988,6.906E-4,0.001384,0.003391,0.1957,0.7803,
0.6535,0.3495,0.004007,0.003396,0.002609,0.004608,0.001914,0.001988,6.906E-4,0.001423,0.003658,0.1954,0.7803,
0.6545,0.3492,0.003934,0.003406,0.002611,0.004669,0.001914,0.002012,6.66E-4,0.001423,0.003904,0.1951,0.7803,
0.656,0.3169,0.003932,0.003404,0.002616,0.004669,0.001914,0.002012,6.856E-4,0.001403,0.004306,0.1947,0.7803,
0.6561,0.3185,0.003931,0.003404,0.002617,0.004669,0.001914,0.002012,7.222E-4,0.001386,0.004286,0.1947,0.7803,
0.6586,0.3169,0.003921,0.003401,0.002616,0.004663,0.001922,0.002,7.213E-4,0.001384,0.0046,0.1955,0.7793,
0.6594,0.3166,0.00392,0.003398,0.002621,0.004663,0.001932,0.00199,7.213E-4,0.001556,0.004603,0.1953,0.7793,
0.6599,0.3173,0.00391,0.003398,0.002626,0.004661,0.001931,0.001989,7.209E-4,0.001556,0.0046,0.1957,0.7789,
0.6603,0.321,0.003894,0.003408,0.002631,0.004661,0.001931,0.002021,7.189E-4,0.001564,0.004654,0.1956,0.7789,
0.66,0.3219,0.003891,0.003409,0.002633,0.004661,0.001886,0.002021,7.189E-4,0.001564,0.004654,0.1956,0.779,
0.6598,0.2746,0.003879,0.003411,0.002643,0.00466,0.001812,0.002021,7.189E-4,0.001641,0.004576,0.1957,0.779,
0.6597,0.2767,0.003752,0.003406,0.002651,0.004769,0.001812,0.002021,7.187E-4,0.001641,0.004576,0.1957,0.779,
0.6599,0.2865,0.003737,0.003412,0.00266,0.004769,0.001812,0.002021,7.187E-4,0.001935,0.004258,0.1957,0.779,
0.6631,0.2699,0.003952,0.003408,0.002597,0.004769,0.001772,0.002042,7.285E-4,0.001904,0.005003,0.1949,0.7789,
0.665,0.2682,0.00411,0.0034,0.002602,0.004717,0.00177,0.002041,7.278E-4,0.001902,0.005103,0.1955,0.7781,
0.6645,0.2758,0.004102,0.003395,0.002615,0.004701,0.001684,0.002072,6.966E-4,0.002073,0.004932,0.1955,0.7782,
0.6674,0.2685,0.004101,0.003391,0.002618,0.0047,0.001684,0.002071,6.964E-4,0.002073,0.005685,0.1949,0.778,
0.6674,0.2698,0.004101,0.003385,0.002624,0.0047,0.001684,0.002071,6.964E-4,0.00211,0.005649,0.1949,0.778,
0.6682,0.2689,0.004101,0.003375,0.002634,0.0047,0.001694,0.002061,6.964E-4,0.002162,0.005796,0.1947,0.778,
0.6682,0.269,0.004043,0.003371,0.002643,0.004754,0.001694,0.002074,6.839E-4,0.002162,0.005796,0.1947,0.778,
0.6685,0.2699,0.004123,0.003371,0.002652,0.004754,0.001603,0.002074,7.204E-4,0.002125,0.00591,0.1946,0.778,
0.6686,0.277,0.004104,0.003387,0.002656,0.004754,0.001642,0.002035,7.856E-4,0.002164,0.005766,0.1947,0.778,
0.6686,0.2776,0.004101,0.003383,0.002662,0.004754,0.001642,0.002035,7.856E-4,0.002164,0.005766,0.1947,0.778,
0.6685,0.3038,0.004094,0.003388,0.002665,0.004754,0.002983,7.095E-4,8.043E-4,0.002205,0.005836,0.1945,0.778,
0.6704,0.2826,0.00408,0.003387,0.002669,0.004749,0.002999,6.893E-4,8.035E-4,0.002223,0.006084,0.195,0.7773,
0.6706,0.2834,0.004035,0.003382,0.002673,0.004792,0.002998,6.891E-4,8.033E-4,0.002222,0.006083,0.1953,0.7771,
0.671,0.282,0.004029,0.00338,0.002679,0.004792,0.003018,6.695E-4,8.293E-4,0.002196,0.006176,0.1952,0.777,
0.6712,0.2866,0.003957,0.003381,0.002683,0.00486,0.003018,6.695E-4,8.673E-4,0.002265,0.006069,0.1952,0.777,
0.6714,0.2911,0.003952,0.003379,0.00269,0.00486,0.003018,7.647E-4,8.008E-4,0.002237,0.006128,0.1952,0.777,
0.672,0.2946,0.003948,0.003376,0.002695,0.004845,0.003017,7.891E-4,7.763E-4,0.002359,0.006158,0.195,0.777,
0.6722,0.2965,0.003944,0.003374,0.002702,0.00483,0.003017,9.534E-4,6.119E-4,0.002359,0.006262,0.1949,0.777,
0.6742,0.2931,0.00394,0.003373,0.002704,0.004828,0.003042,9.395E-4,6.188E-4,0.002339,0.006743,0.1947,0.7768,
0.6743,0.2969,0.00392,0.003381,0.002715,0.004828,0.003042,9.395E-4,6.188E-4,0.002437,0.006645,0.1947,0.7768,
0.6743,0.2967,0.003908,0.003389,0.00272,0.004828,0.003042,9.395E-4,6.188E-4,0.002469,0.006613,0.1947,0.7768,
0.674,0.2995,0.003908,0.003379,0.002729,0.004828,0.003042,9.591E-4,5.992E-4,0.002489,0.006495,0.1948,0.7768,
0.674,0.2938,0.003862,0.003383,0.002735,0.004865,0.003042,9.591E-4,6.188E-4,0.002469,0.006495,0.1948,0.7768,
0.674,0.2963,0.003807,0.003386,0.002742,0.00491,0.003042,9.591E-4,6.383E-4,0.00245,0.006495,0.1948,0.7768,
0.6752,0.2955,0.003802,0.003381,0.002746,0.004907,0.003016,9.585E-4,6.379E-4,0.002468,0.00667,0.1951,0.7763,
0.6752,0.2976,0.003797,0.003385,0.002747,0.004907,0.003016,9.585E-4,6.379E-4,0.002542,0.006596,0.1951,0.7763,
0.6752,0.299,0.003794,0.003382,0.002753,0.004907,0.003036,9.39E-4,6.379E-4,0.002542,0.006596,0.1951,0.7763,
0.6753,0.3025,0.003793,0.003378,0.002758,0.004907,0.003036,9.39E-4,6.379E-4,0.002682,0.006456,0.1951,0.7763,
0.6756,0.3078,0.003789,0.003377,0.002763,0.004907,0.003036,9.39E-4,6.379E-4,0.002839,0.006342,0.195,0.7763,
0.6764,0.3056,0.003655,0.003377,0.00277,0.005034,0.003036,9.39E-4,6.379E-4,0.002839,0.006578,0.1948,0.7763,
0.6763,0.308,0.0036,0.003385,0.002746,0.00508,0.003036,9.39E-4,6.379E-4,0.002858,0.006558,0.1948,0.7764,
0.6765,0.3109,0.003599,0.003378,0.002752,0.005079,0.00306,9.137E-4,6.377E-4,0.00289,0.006524,0.195,0.7762,
0.6772,0.3128,0.003577,0.003395,0.002753,0.005064,0.003059,9.136E-4,6.376E-4,0.00291,0.006666,0.195,0.776,
0.6791,0.3081,0.003576,0.003393,0.002756,0.005064,0.003059,9.136E-4,6.376E-4,0.002988,0.007133,0.1944,0.776,
0.6791,0.3121,0.003574,0.003389,0.002762,0.005064,0.003059,9.427E-4,6.085E-4,0.003096,0.007025,0.1944,0.776,
0.6804,0.3095,0.003569,0.003391,0.002765,0.005064,0.003105,8.972E-4,6.085E-4,0.0032,0.007303,0.1941,0.776,
0.6803,0.3112,0.003566,0.003387,0.002772,0.005034,0.003117,8.847E-4,6.084E-4,0.0032,0.007303,0.1941,0.7761,
0.6816,0.3091,0.003545,0.003403,0.002775,0.005034,0.003117,8.847E-4,6.474E-4,0.003161,0.007707,0.1937,0.7761,
0.6817,0.315,0.003514,0.003404,0.002782,0.005059,0.003117,8.847E-4,6.474E-4,0.003194,0.007674,0.1937,0.7761,
0.6818,0.304,0.003503,0.003403,0.002794,0.005059,0.003117,8.847E-4,6.474E-4,0.003368,0.0075,0.1937,0.7761,
0.6819,0.3066,0.003503,0.003395,0.002802,0.005059,0.003117,8.847E-4,6.474E-4,0.003442,0.007426,0.1937,0.7761,
0.6833,0.3096,0.003496,0.003391,0.0028,0.005052,0.003113,8.835E-4,6.725E-4,0.00352,0.007307,0.1947,0.775,
0.6833,0.3153,0.003489,0.003395,0.002804,0.005052,0.003113,8.835E-4,7.017E-4,0.003734,0.007024,0.1947,0.7751,
0.6834,0.3273,0.00347,0.003408,0.002809,0.005052,0.003113,9.064E-4,6.789E-4,0.004058,0.00666,0.1948,0.7751,
0.6833,0.3152,0.00346,0.003405,0.002823,0.005052,0.003123,9.499E-4,6.254E-4,0.004058,0.00666,0.1948,0.7751,
0.6829,0.3278,0.003454,0.003407,0.002826,0.005037,0.003589,4.831E-4,6.252E-4,0.00437,0.006411,0.1947,0.7751,
0.6828,0.3141,0.003454,0.003403,0.00283,0.005037,0.003549,4.831E-4,6.512E-4,0.004621,0.006134,0.1947,0.7751,
0.6828,0.3154,0.003448,0.003402,0.002837,0.005037,0.003549,4.831E-4,6.72E-4,0.0046,0.006134,0.1947,0.7751,
0.6825,0.3063,0.003443,0.003403,0.002842,0.005037,0.003474,4.831E-4,6.72E-4,0.004638,0.006096,0.1947,0.7752,
0.6825,0.3124,0.00344,0.003403,0.002844,0.005037,0.003474,4.831E-4,6.876E-4,0.004706,0.006012,0.1947,0.7752,
0.6825,0.3141,0.003439,0.003398,0.00285,0.005037,0.003474,5.719E-4,5.988E-4,0.004768,0.005951,0.1947,0.7752,
0.6819,0.3101,0.003435,0.003394,0.002779,0.004992,0.003473,5.718E-4,5.987E-4,0.004807,0.005911,0.1947,0.7753,
0.6826,0.3111,0.003473,0.00339,0.002795,0.004959,0.003473,5.718E-4,5.987E-4,0.004853,0.006023,0.1946,0.7753,
0.6826,0.316,0.003472,0.003385,0.002801,0.004959,0.003473,5.718E-4,5.987E-4,0.004892,0.005984,0.1946,0.7753,
0.6826,0.3166,0.003466,0.003385,0.002807,0.004943,0.003473,5.719E-4,5.987E-4,0.005036,0.00584,0.1946,0.7753,
0.6867,0.3197,0.00364,0.003377,0.002817,0.004943,0.003473,5.719E-4,5.987E-4,0.005944,0.005841,0.1937,0.7751,
0.6883,0.3057,0.003637,0.003367,0.00282,0.004906,0.00347,5.713E-4,5.981E-4,0.005938,0.006019,0.1944,0.7743,
0.6896,0.2993,0.003727,0.00337,0.002821,0.004944,0.00341,5.599E-4,6.344E-4,0.006019,0.006187,0.1941,0.7742,
0.6899,0.3038,0.003714,0.003376,0.002828,0.004944,0.00343,5.404E-4,6.344E-4,0.006074,0.006213,0.194,0.7742,
0.6907,0.301,0.00371,0.003369,0.002834,0.004941,0.003428,5.401E-4,6.535E-4,0.006182,0.006154,0.1944,0.7738,
0.6916,0.3048,0.003708,0.003369,0.002836,0.004941,0.003428,5.401E-4,6.535E-4,0.006382,0.006222,0.1941,0.7738,
0.693,0.2929,0.003683,0.003389,0.002838,0.004939,0.003427,5.399E-4,6.727E-4,0.006403,0.00646,0.1941,0.7735,
0.6928,0.3003,0.003658,0.003385,0.002847,0.004955,0.003426,5.398E-4,6.726E-4,0.006401,0.006362,0.1944,0.7734,
0.6928,0.3022,0.003658,0.003382,0.002851,0.004955,0.003426,5.606E-4,6.713E-4,0.006606,0.006138,0.1943,0.7734,
0.6929,0.3031,0.003652,0.003384,0.002855,0.004955,0.003426,6.059E-4,6.609E-4,0.006571,0.006138,0.1943,0.7734,
0.695,0.3026,0.003627,0.003387,0.002857,0.004975,0.003426,6.059E-4,6.869E-4,0.006756,0.006516,0.1938,0.7734,
0.6954,0.3175,0.003616,0.003398,0.002857,0.004975,0.003426,6.059E-4,6.869E-4,0.006756,0.006643,0.1936,0.7734,
0.6962,0.3141,0.003606,0.003401,0.002857,0.004971,0.003423,6.055E-4,7.408E-4,0.006815,0.00652,0.1942,0.7729,
0.6962,0.3017,0.003551,0.003395,0.002863,0.005027,0.003423,6.055E-4,7.667E-4,0.006905,0.006404,0.1942,0.7729,
0.6975,0.2989,0.003549,0.003391,0.002869,0.005027,0.003423,6.055E-4,7.861E-4,0.006905,0.006738,0.1939,0.7729,
0.6975,0.3294,0.003546,0.00339,0.002872,0.005027,0.003423,6.328E-4,7.755E-4,0.007075,0.006551,0.1939,0.7729,
0.6981,0.2979,0.003514,0.00339,0.002875,0.005058,0.003399,6.639E-4,7.444E-4,0.007185,0.006669,0.1936,0.7729,
0.7009,0.2972,0.00351,0.00338,0.002877,0.005052,0.003396,6.632E-4,7.914E-4,0.007336,0.006958,0.194,0.772,
0.7025,0.2922,0.003506,0.003374,0.002887,0.005052,0.003396,6.632E-4,7.914E-4,0.007385,0.007372,0.1935,0.772,
0.7064,0.2767,0.003626,0.003366,0.002889,0.005005,0.003288,6.7E-4,7.708E-4,0.007395,0.008219,0.1938,0.771,
0.7064,0.2777,0.00362,0.003366,0.002895,0.005005,0.003288,6.7E-4,7.708E-4,0.007395,0.008219,0.1938,0.771,
0.7064,0.2783,0.003588,0.003366,0.002898,0.005035,0.003288,6.7E-4,7.708E-4,0.007395,0.008219,0.1938,0.771,
0.7063,0.2788,0.003582,0.003366,0.002903,0.005004,0.003289,6.7E-4,8.096E-4,0.007415,0.008161,0.1938,0.771,
0.7063,0.2848,0.003578,0.003363,0.00291,0.005004,0.003304,6.545E-4,8.096E-4,0.007415,0.008161,0.1938,0.771,
0.7058,0.2828,0.003572,0.003368,0.002862,0.004989,0.003289,6.506E-4,8.048E-4,0.007434,0.008142,0.1938,0.7711,
0.7058,0.2888,0.003564,0.00337,0.002868,0.004989,0.003289,6.506E-4,8.048E-4,0.007573,0.008003,0.1938,0.7711,
0.7091,0.2833,0.00356,0.003365,0.002868,0.004985,0.003286,6.501E-4,8.041E-4,0.007606,0.008754,0.1936,0.7705,
0.7088,0.2854,0.003556,0.003361,0.002877,0.004985,0.003212,6.501E-4,8.196E-4,0.007641,0.008704,0.1936,0.7706,
0.7088,0.2852,0.003548,0.003359,0.002886,0.004985,0.003212,6.501E-4,8.545E-4,0.007723,0.008587,0.1936,0.7706,
0.7108,0.2848,0.003714,0.003363,0.002887,0.004985,0.003193,6.453E-4,8.738E-4,0.00782,0.008835,0.1932,0.7704,
0.7111,0.2792,0.003693,0.003362,0.00289,0.004983,0.003192,6.574E-4,8.611E-4,0.007862,0.008787,0.1935,0.7702,
0.7117,0.2913,0.003693,0.003362,0.00289,0.004983,0.003208,6.698E-4,9.316E-4,0.007837,0.008847,0.1934,0.7702,
0.7117,0.2782,0.003693,0.00336,0.002892,0.004983,0.003208,6.698E-4,9.316E-4,0.007837,0.008847,0.1934,0.7702,
0.7115,0.2797,0.003687,0.003362,0.002895,0.004968,0.003208,6.905E-4,9.108E-4,0.007837,0.008806,0.1935,0.7702,
0.7114,0.2794,0.003685,0.003358,0.002901,0.004968,0.003208,6.905E-4,9.302E-4,0.007817,0.008758,0.1935,0.7702,
0.7112,0.2815,0.003681,0.00336,0.002903,0.004968,0.003247,6.522E-4,9.302E-4,0.007874,0.008661,0.1935,0.7702,
0.7111,0.2903,0.003665,0.003368,0.00291,0.004939,0.003246,6.521E-4,9.3E-4,0.00806,0.008475,0.1935,0.7702,
0.7108,0.288,0.003663,0.00337,0.00291,0.004924,0.003196,6.521E-4,9.557E-4,0.008169,0.00834,0.1936,0.7703,
0.7108,0.3214,0.003645,0.003382,0.002915,0.004924,0.003228,6.198E-4,9.88E-4,0.008593,0.007884,0.1936,0.7703,
0.7109,0.315,0.00364,0.00338,0.002922,0.004924,0.003228,6.198E-4,0.001046,0.008535,0.007884,0.1936,0.7703,
0.712,0.3044,0.003631,0.003382,0.002922,0.004895,0.003162,6.196E-4,0.001087,0.00849,0.008242,0.1935,0.7701,
0.7119,0.2852,0.003627,0.003382,0.002926,0.004895,0.003177,6.174E-4,0.001074,0.00856,0.008172,0.1935,0.7701,
0.7118,0.2962,0.003619,0.003383,0.002933,0.00488,0.003201,5.942E-4,0.001074,0.008628,0.008105,0.1935,0.7701,
0.7113,0.295,0.003619,0.003379,0.002936,0.00488,0.00329,4.521E-4,0.001109,0.008641,0.008043,0.1935,0.7702,
0.7113,0.3275,0.003611,0.003385,0.002938,0.00488,0.00329,4.8E-4,0.001081,0.008977,0.007708,0.1935,0.7702,
0.7111,0.3344,0.0036,0.00339,0.002944,0.004848,0.00329,4.8E-4,0.001081,0.009019,0.007666,0.1935,0.7702,
0.7108,0.2815,0.003583,0.003385,0.002926,0.004848,0.00329,5.123E-4,0.001049,0.009647,0.007038,0.1935,0.7702,
0.7114,0.2964,0.003608,0.003386,0.002931,0.004833,0.00329,5.12E-4,0.001068,0.01002,0.006827,0.1933,0.7702,
0.7111,0.2672,0.003602,0.003386,0.002937,0.004819,0.00329,5.118E-4,0.001087,0.01013,0.006634,0.1934,0.7702,
0.7112,0.2693,0.003595,0.003384,0.002941,0.004806,0.00329,5.272E-4,0.001091,0.01011,0.006633,0.1935,0.7701,
0.7111,0.2748,0.003595,0.003378,0.002947,0.004806,0.003326,4.911E-4,0.001091,0.01014,0.006595,0.1935,0.7701,
0.711,0.2788,0.003595,0.003375,0.00295,0.004806,0.003326,4.911E-4,0.001091,0.01025,0.006489,0.1935,0.7701,
0.7112,0.2781,0.003479,0.003381,0.002953,0.004951,0.003345,4.717E-4,0.001091,0.01033,0.00644,0.1935,0.7701,
0.7112,0.2764,0.003475,0.003383,0.002955,0.004951,0.003345,5.066E-4,0.001076,0.01041,0.00634,0.1935,0.7701,
0.7118,0.2843,0.003436,0.003391,0.002955,0.004983,0.003345,5.447E-4,0.001038,0.01041,0.006484,0.1933,0.7701,
0.7122,0.2787,0.00349,0.003392,0.002959,0.005002,0.003304,5.447E-4,0.001037,0.01053,0.006408,0.1934,0.7699,
0.7121,0.2774,0.003489,0.003386,0.002967,0.005002,0.003304,5.447E-4,0.001037,0.01059,0.006302,0.1935,0.7699,
0.7121,0.2798,0.003424,0.003382,0.002973,0.005064,0.003304,5.447E-4,0.001083,0.01054,0.006302,0.1935,0.7699,
0.7121,0.2886,0.003424,0.00338,0.002976,0.005064,0.003304,5.653E-4,0.001082,0.01076,0.006064,0.1935,0.7699,
0.7122,0.2878,0.003419,0.003383,0.002978,0.005064,0.003304,6.035E-4,0.001084,0.01076,0.006024,0.1935,0.7699,
0.7121,0.2918,0.003411,0.003386,0.002982,0.005064,0.003304,6.035E-4,0.001123,0.011,0.005744,0.1935,0.7699,
0.712,0.2943,0.003408,0.003386,0.002986,0.005064,0.003304,6.035E-4,0.001123,0.01115,0.005601,0.1935,0.7699,
0.7119,0.3105,0.003406,0.003379,0.00299,0.005053,0.003304,6.035E-4,0.001142,0.01117,0.005558,0.1935,0.7699,
0.7119,0.296,0.003395,0.003386,0.002994,0.005053,0.003327,5.928E-4,0.001165,0.01125,0.005449,0.1935,0.7699,
0.7119,0.2973,0.003381,0.003395,0.002998,0.005053,0.003327,6.082E-4,0.001165,0.01126,0.005417,0.1935,0.7699,
0.7119,0.2999,0.003381,0.00339,0.003003,0.005053,0.003346,6.056E-4,0.001178,0.01132,0.005328,0.1935,0.7699,
0.712,0.2919,0.003375,0.003395,0.003004,0.005053,0.003346,6.783E-4,0.001124,0.0113,0.005328,0.1935,0.7699,
0.7118,0.2933,0.003371,0.003395,0.003009,0.005053,0.003376,6.474E-4,0.001124,0.01148,0.005152,0.1935,0.7699,
0.713,0.299,0.003403,0.003391,0.003013,0.005125,0.003274,6.474E-4,0.001124,0.01171,0.005301,0.1931,0.7699,
0.7133,0.299,0.003388,0.0034,0.003014,0.005123,0.003273,6.716E-4,0.001133,0.01176,0.005208,0.1934,0.7696,
0.7131,0.298,0.003344,0.003402,0.003018,0.005163,0.003282,6.617E-4,0.001159,0.01174,0.005145,0.1934,0.7696,
0.7131,0.3021,0.003277,0.003403,0.003022,0.005225,0.003283,6.617E-4,0.001185,0.01171,0.005145,0.1934,0.7697,
0.7139,0.304,0.003152,0.003399,0.003025,0.005349,0.003283,8.546E-4,0.001018,0.01168,0.005353,0.1932,0.7697,
0.7139,0.3292,0.003117,0.003401,0.003025,0.005384,0.003293,8.602E-4,0.001021,0.0117,0.005322,0.1932,0.7697,
0.7139,0.321,0.003112,0.003401,0.003029,0.005384,0.003293,8.924E-4,0.001028,0.01185,0.005126,0.1932,0.7697,
0.714,0.2964,0.00311,0.003397,0.003034,0.005383,0.003292,9.077E-4,0.001012,0.01192,0.005061,0.1934,0.7695,
0.7148,0.3061,0.003109,0.003395,0.003035,0.005382,0.003291,9.075E-4,0.001012,0.01196,0.005191,0.1933,0.7694,
0.7147,0.3062,0.003109,0.003389,0.003041,0.005382,0.003291,9.282E-4,9.914E-4,0.01199,0.00516,0.1933,0.7694,
0.7163,0.2986,0.003108,0.003378,0.003046,0.005325,0.003311,9.501E-4,0.001615,0.01155,0.005097,0.1932,0.7694,
0.7162,0.2963,0.003107,0.003371,0.003052,0.005311,0.003287,9.501E-4,0.001699,0.0116,0.004965,0.1932,0.7695,
0.7158,0.3012,0.003103,0.003369,0.003059,0.005311,0.003246,9.625E-4,0.001726,0.01181,0.004714,0.1932,0.7695,
0.7155,0.3056,0.003102,0.003366,0.003061,0.00531,0.003157,9.817E-4,0.001741,0.01181,0.004681,0.1933,0.7695,
0.7152,0.3188,0.003088,0.00338,0.003061,0.00531,0.003157,9.817E-4,0.001741,0.01187,0.004543,0.1934,0.7695,
0.716,0.3074,0.003165,0.003381,0.003064,0.00531,0.003142,9.569E-4,0.001893,0.01184,0.004535,0.1933,0.7694,
0.716,0.3079,0.003162,0.003382,0.003065,0.00531,0.003152,9.463E-4,0.001982,0.01184,0.004448,0.1933,0.7694,
0.7187,0.2977,0.003251,0.003387,0.003068,0.00531,0.003152,9.463E-4,0.002011,0.01187,0.004958,0.1927,0.7693,
0.7197,0.3083,0.003322,0.003378,0.003076,0.005363,0.00311,9.896E-4,0.001967,0.01191,0.005094,0.1925,0.7693,
0.7196,0.3004,0.003313,0.003383,0.003081,0.005363,0.003098,9.773E-4,0.001967,0.01191,0.005094,0.1925,0.7693,
0.7196,0.2971,0.003312,0.003375,0.003089,0.005363,0.003118,9.773E-4,0.001974,0.01192,0.005052,0.1925,0.7693,
0.7203,0.2988,0.003305,0.003375,0.00309,0.005359,0.003132,9.6E-4,0.002005,0.01193,0.005003,0.1932,0.7687,
0.7211,0.3059,0.003292,0.003385,0.00309,0.005343,0.003131,9.595E-4,0.002005,0.01209,0.005065,0.1931,0.7685,
0.7211,0.2996,0.003273,0.003401,0.003092,0.005343,0.003131,9.595E-4,0.002024,0.01215,0.004983,0.1931,0.7685,
0.7209,0.3035,0.003271,0.003402,0.003094,0.005343,0.003131,9.595E-4,0.002024,0.01238,0.004756,0.1931,0.7685,
0.7198,0.3044,0.00326,0.00341,0.003098,0.005344,0.003327,7.182E-4,0.00204,0.01236,0.004637,0.1931,0.7687,
0.7196,0.3111,0.00325,0.003417,0.003101,0.005344,0.003339,7.059E-4,0.002055,0.01253,0.004459,0.1931,0.7687,
0.7195,0.3168,0.003213,0.003411,0.003108,0.00538,0.003339,7.059E-4,0.002055,0.01261,0.004376,0.1931,0.7687,
0.7209,0.2861,0.003212,0.003409,0.00311,0.005366,0.003339,8.28E-4,0.001952,0.01265,0.004682,0.1928,0.7687,
0.7208,0.2896,0.003206,0.003407,0.003117,0.005351,0.003351,8.157E-4,0.00198,0.01276,0.004571,0.1928,0.7687,
0.7205,0.29,0.003204,0.003409,0.003117,0.005336,0.003295,8.494E-4,0.001965,0.01274,0.004571,0.1928,0.7688,
0.7206,0.2916,0.003188,0.003424,0.003118,0.005336,0.003295,8.855E-4,0.001977,0.01269,0.004571,0.1928,0.7688,
0.7251,0.2877,0.003285,0.003422,0.003115,0.00533,0.003333,8.424E-4,0.00202,0.0128,0.005206,0.1929,0.7677,
0.7253,0.2911,0.003281,0.003422,0.003119,0.00533,0.003333,8.424E-4,0.00202,0.01282,0.005244,0.1929,0.7677,
0.7262,0.2911,0.003273,0.003422,0.003123,0.005319,0.003349,8.26E-4,0.002074,0.01287,0.005425,0.1926,0.7677,
0.7261,0.2925,0.003264,0.00343,0.003124,0.005319,0.003349,8.787E-4,0.002021,0.01287,0.005366,0.1926,0.7677,
0.7261,0.2963,0.003256,0.003433,0.003128,0.005319,0.00341,8.549E-4,0.002023,0.01286,0.005331,0.1926,0.7677,
0.7274,0.2954,0.003255,0.00343,0.003128,0.005316,0.003409,8.544E-4,0.002041,0.0129,0.005502,0.1928,0.7673,
0.7281,0.2935,0.003249,0.003425,0.003137,0.005315,0.003443,8.66E-4,0.002013,0.01295,0.00561,0.1928,0.7672,
0.7281,0.3021,0.003244,0.003426,0.003141,0.005315,0.003468,8.403E-4,0.002033,0.01302,0.005522,0.1928,0.7672,
0.728,0.3092,0.003244,0.003422,0.003145,0.005315,0.003468,8.403E-4,0.002033,0.01304,0.005502,0.1928,0.7672,
0.7274,0.2981,0.003236,0.003429,0.003146,0.005315,0.003377,8.557E-4,0.002017,0.01316,0.005376,0.1928,0.7673,
0.7273,0.298,0.003186,0.003434,0.003148,0.005357,0.003377,8.557E-4,0.002017,0.01327,0.00527,0.1928,0.7673,
0.7272,0.3271,0.003183,0.003436,0.003149,0.005357,0.003425,8.226E-4,0.002002,0.01333,0.005214,0.1928,0.7673,
0.7269,0.3025,0.003179,0.00344,0.003149,0.005357,0.003406,8.383E-4,0.001981,0.01352,0.005022,0.1928,0.7673,
0.7269,0.2961,0.003175,0.003443,0.00315,0.005357,0.003422,8.342E-4,0.001969,0.01352,0.005022,0.1928,0.7673,
0.7269,0.2963,0.003173,0.003444,0.003151,0.005357,0.003398,8.342E-4,0.002029,0.01346,0.005022,0.1928,0.7673,
0.7267,0.2955,0.003169,0.003445,0.003155,0.005343,0.003398,8.339E-4,0.002029,0.01355,0.004932,0.1928,0.7674,
0.7267,0.3036,0.003169,0.003438,0.003161,0.005343,0.003398,8.339E-4,0.002029,0.01355,0.004932,0.1928,0.7674,
0.7263,0.2957,0.003153,0.003447,0.003099,0.005343,0.003408,8.241E-4,0.002029,0.0136,0.004883,0.1928,0.7674,
0.7279,0.2945,0.003261,0.003454,0.0031,0.005343,0.003408,8.395E-4,0.002033,0.01363,0.005101,0.1925,0.7673,
0.7282,0.2939,0.00326,0.00345,0.003102,0.005342,0.003417,8.623E-4,0.002015,0.01361,0.005099,0.1927,0.7671,
0.728,0.2977,0.003256,0.003446,0.00311,0.005342,0.003417,8.623E-4,0.002015,0.01378,0.004934,0.1927,0.7671,
0.7285,0.3111,0.003242,0.003458,0.003112,0.005342,0.003417,0.001676,0.001317,0.01366,0.004934,0.1927,0.7671,
0.7285,0.3114,0.003234,0.00346,0.003118,0.005342,0.003437,0.00169,0.00131,0.01365,0.004915,0.1927,0.7671,
0.7293,0.3088,0.003214,0.003465,0.003117,0.005328,0.003437,0.001705,0.001294,0.0137,0.005137,0.1925,0.7671,
0.7292,0.3121,0.003205,0.003467,0.003124,0.0053,0.003412,0.001743,0.001294,0.01376,0.005095,0.1924,0.7672,
0.7313,0.3164,0.003285,0.003468,0.003126,0.005299,0.003407,0.001694,0.001294,0.014,0.005349,0.1922,0.7669,
0.732,0.3056,0.00328,0.003467,0.003132,0.005299,0.003433,0.001701,0.001281,0.01405,0.005502,0.192,0.7669,
0.7351,0.3087,0.003275,0.003465,0.003131,0.005294,0.003446,0.00171,0.001292,0.01448,0.005776,0.1919,0.7662,
0.7364,0.3168,0.003268,0.003464,0.003131,0.00529,0.003454,0.001698,0.001327,0.01444,0.005913,0.1924,0.7656,
0.7364,0.3081,0.003261,0.003459,0.003128,0.00529,0.003454,0.001698,0.001384,0.01445,0.005845,0.1924,0.7657,
0.7367,0.3227,0.003213,0.003464,0.003129,0.005331,0.003483,0.001704,0.001369,0.01451,0.005875,0.1923,0.7657,
0.7375,0.3128,0.003204,0.003469,0.003133,0.005331,0.003483,0.001716,0.001373,0.01483,0.005851,0.192,0.7657,
0.7388,0.3128,0.003152,0.003468,0.003135,0.005342,0.003481,0.001737,0.001387,0.01478,0.006083,0.1923,0.7652,
0.7384,0.315,0.003152,0.003456,0.003148,0.005343,0.003441,0.001737,0.001426,0.01481,0.005962,0.1923,0.7653,
0.7412,0.3116,0.003181,0.003451,0.00315,0.00534,0.003464,0.001711,0.001483,0.01475,0.00653,0.1922,0.7648,
0.7409,0.3185,0.003178,0.00345,0.003154,0.00534,0.003464,0.001727,0.001506,0.01487,0.006299,0.1922,0.7648,
0.741,0.3101,0.003173,0.00345,0.00316,0.00534,0.003464,0.001727,0.001647,0.01493,0.006096,0.1922,0.7648,
0.7409,0.3095,0.003164,0.003458,0.003161,0.00534,0.0035,0.001723,0.001615,0.01496,0.006061,0.1922,0.7648,
0.7413,0.3106,0.003155,0.003463,0.003165,0.00534,0.003512,0.001711,0.001691,0.01489,0.006122,0.1921,0.7648,
0.7413,0.3214,0.003151,0.003464,0.003167,0.00534,0.003512,0.001711,0.001691,0.01494,0.006071,0.1922,0.7648,
0.7431,0.2948,0.003139,0.003458,0.003169,0.00534,0.003492,0.001706,0.001704,0.01495,0.006658,0.1915,0.7649,
0.7435,0.3034,0.003132,0.003465,0.00317,0.00534,0.003492,0.001722,0.001946,0.01474,0.006563,0.1916,0.7649,
0.7435,0.3081,0.003131,0.003462,0.003173,0.00534,0.003518,0.001696,0.001965,0.01472,0.006563,0.1916,0.7649,
0.7461,0.3027,0.003219,0.003452,0.003178,0.005321,0.003516,0.00167,0.001964,0.01471,0.007041,0.1917,0.7642,
0.7463,0.304,0.003209,0.003457,0.00318,0.005319,0.003515,0.001669,0.001963,0.01477,0.006982,0.192,0.764,
0.7472,0.3048,0.003074,0.003466,0.003186,0.00544,0.00353,0.001654,0.001982,0.01475,0.00725,0.1917,0.764,
0.7466,0.3086,0.002959,0.003462,0.003188,0.005517,0.003492,0.001667,0.00196,0.01479,0.007205,0.1917,0.7641,
0.7467,0.3311,0.002956,0.003454,0.003197,0.005515,0.003523,0.001634,0.001959,0.01497,0.007018,0.1919,0.7639,
0.7468,0.3153,0.00295,0.003459,0.003198,0.005515,0.003533,0.001624,0.002003,0.01493,0.007018,0.1919,0.7639,
0.7487,0.3101,0.002966,0.00346,0.0032,0.005537,0.003544,0.001611,0.002002,0.01502,0.007332,0.1918,0.7635,
0.7496,0.298,0.003035,0.003455,0.003203,0.005536,0.00364,0.001543,0.001973,0.01504,0.007461,0.1918,0.7633,
0.7489,0.3053,0.003035,0.003454,0.003204,0.005536,0.004309,8.935E-4,0.00198,0.01502,0.007461,0.1918,0.7633,
0.7489,0.3034,0.003021,0.003467,0.003205,0.005536,0.004309,8.935E-4,0.002012,0.01499,0.007461,0.1918,0.7633,
0.749,0.3051,0.002918,0.003466,0.003209,0.005637,0.00433,8.722E-4,0.002066,0.01493,0.007461,0.1918,0.7633,
0.7488,0.2989,0.002895,0.003467,0.003211,0.005656,0.004318,8.726E-4,0.002092,0.01503,0.00733,0.1918,0.7633,
0.7494,0.3019,0.002895,0.003464,0.003215,0.005656,0.004318,8.726E-4,0.00213,0.0151,0.007413,0.1916,0.7633,
0.7525,0.3205,0.002894,0.003461,0.003216,0.005655,0.004362,8.276E-4,0.004334,0.01298,0.00724,0.1918,0.7632,
0.7528,0.3208,0.002804,0.003466,0.00322,0.005737,0.004388,8.137E-4,0.004396,0.01297,0.007278,0.1917,0.7632,
0.7528,0.3285,0.0028,0.003463,0.003227,0.005737,0.004388,8.137E-4,0.004454,0.01293,0.007259,0.1917,0.7632,
0.7529,0.3348,0.002799,0.003464,0.003227,0.005736,0.004408,8.252E-4,0.004515,0.0129,0.007196,0.1918,0.7632,
0.7528,0.3258,0.002679,0.003455,0.003237,0.005855,0.004427,8.252E-4,0.004553,0.01305,0.006993,0.1918,0.7632,
0.7535,0.3304,0.002753,0.003441,0.00324,0.005838,0.004378,8.75E-4,0.00458,0.01304,0.007033,0.1918,0.763,
0.7532,0.328,0.002726,0.003443,0.003217,0.005838,0.004398,9.206E-4,0.004534,0.01308,0.006973,0.1917,0.7631,
0.7534,0.3111,0.002722,0.003442,0.003221,0.005838,0.004398,9.551E-4,0.004551,0.01331,0.006779,0.1916,0.7631,
0.7549,0.2912,0.002715,0.003446,0.003225,0.005838,0.004398,9.817E-4,0.004559,0.01328,0.007202,0.1912,0.7631,
0.7547,0.3009,0.002715,0.003445,0.003226,0.005838,0.004398,0.001001,0.004595,0.01362,0.006804,0.1912,0.7631,
0.7554,0.3025,0.002798,0.003454,0.003227,0.005838,0.00437,9.886E-4,0.004648,0.01363,0.006842,0.1911,0.7631,
0.7559,0.3015,0.002796,0.00345,0.003228,0.005835,0.004387,9.688E-4,0.004683,0.01362,0.006797,0.1916,0.7626,
0.7555,0.3006,0.002788,0.003454,0.003231,0.005835,0.004343,9.688E-4,0.004722,0.01385,0.00653,0.1916,0.7627,
0.7568,0.2999,0.002785,0.003455,0.003234,0.005835,0.004343,9.688E-4,0.004741,0.01398,0.006787,0.1912,0.7627,
0.7571,0.3012,0.002749,0.003448,0.00324,0.005865,0.004341,0.001018,0.004725,0.01411,0.006618,0.1915,0.7623,
0.7578,0.2984,0.002693,0.003443,0.003245,0.005921,0.004356,0.001003,0.004763,0.01407,0.00682,0.1913,0.7623,
0.7577,0.3061,0.002682,0.00345,0.003247,0.00592,0.004355,0.001003,0.0048,0.01411,0.006668,0.1916,0.7622,
0.7573,0.3009,0.002681,0.003444,0.003253,0.005905,0.004294,0.001022,0.004801,0.0142,0.006559,0.1916,0.7623,
0.7568,0.2894,0.002676,0.003446,0.003254,0.005844,0.004248,0.001022,0.004801,0.01421,0.006559,0.1916,0.7624,
0.7566,0.2868,0.002676,0.003441,0.003259,0.005814,0.004249,0.001022,0.004859,0.01418,0.006528,0.1915,0.7624,
0.7603,0.2964,0.002876,0.003449,0.003259,0.005814,0.004267,0.001878,0.003985,0.0145,0.006735,0.191,0.7622,
0.7595,0.3023,0.002872,0.003446,0.003267,0.005799,0.004217,0.001878,0.003985,0.01492,0.006272,0.1911,0.7623,
0.7595,0.3203,0.002872,0.003439,0.003274,0.005799,0.004217,0.001893,0.004008,0.01495,0.006213,0.1911,0.7623,
0.761,0.3165,0.002865,0.003438,0.003276,0.005769,0.004235,0.002441,0.003434,0.01499,0.006452,0.1912,0.7619,
0.761,0.3367,0.002861,0.003441,0.003276,0.005755,0.004276,0.0024,0.003453,0.01497,0.006452,0.1912,0.762,
0.7608,0.3043,0.002854,0.003434,0.003283,0.005727,0.004207,0.00246,0.003411,0.01494,0.00645,0.1914,0.7618,
0.7608,0.3048,0.002852,0.00343,0.003289,0.005727,0.004207,0.00246,0.003439,0.01492,0.00645,0.1914,0.7618,
0.7608,0.3013,0.002847,0.003431,0.003292,0.005727,0.004207,0.002479,0.003439,0.01496,0.006381,0.1914,0.7618,
0.7606,0.3006,0.00274,0.003433,0.003296,0.005829,0.004207,0.002548,0.003408,0.01517,0.006138,0.1914,0.7618,
0.7605,0.3237,0.002737,0.00343,0.0033,0.005815,0.004225,0.002549,0.003419,0.0152,0.006078,0.1914,0.7618,
0.7602,0.3053,0.002731,0.003432,0.003304,0.0058,0.004243,0.002571,0.003397,0.01525,0.00595,0.1915,0.7618,
0.7605,0.3098,0.002728,0.003436,0.003304,0.0058,0.004256,0.002559,0.003926,0.01512,0.00556,0.1914,0.7619,
0.7601,0.3116,0.002714,0.003434,0.003302,0.005742,0.004255,0.002574,0.00393,0.01518,0.005477,0.1914,0.762,
0.7596,0.3126,0.002637,0.003432,0.003304,0.005818,0.004187,0.002587,0.003921,0.01522,0.005421,0.1914,0.762,
0.762,0.3208,0.002731,0.003433,0.003304,0.0058,0.004221,0.00261,0.003989,0.01516,0.005755,0.1914,0.7616,
0.762,0.3124,0.002729,0.003429,0.00331,0.0058,0.004236,0.002625,0.003984,0.01517,0.005713,0.1914,0.7616,
0.7615,0.3237,0.002727,0.003426,0.003315,0.005784,0.004172,0.00266,0.003937,0.01522,0.005662,0.1914,0.7617,
0.7614,0.3287,0.002722,0.003427,0.00332,0.005784,0.004182,0.002681,0.003925,0.01535,0.005519,0.1914,0.7617,
0.7613,0.3264,0.002716,0.003432,0.003321,0.005784,0.004201,0.002698,0.003889,0.01539,0.00548,0.1914,0.7617,
0.7614,0.3562,0.002716,0.00343,0.003322,0.005784,0.004201,0.002722,0.003899,0.01535,0.00548,0.1914,0.7617,
0.7613,0.3557,0.00271,0.003426,0.003319,0.005782,0.004201,0.002756,0.003865,0.01535,0.00548,0.1914,0.7617,
0.7637,0.3473,0.002781,0.003424,0.003296,0.005769,0.00422,0.002737,0.003865,0.01535,0.006117,0.1907,0.7617,
0.7635,0.3428,0.002778,0.003428,0.003256,0.005769,0.00424,0.002737,0.003845,0.01535,0.006117,0.1907,0.7617,
0.7666,0.328,0.002994,0.003432,0.003256,0.005765,0.004262,0.002738,0.003815,0.01534,0.006482,0.1909,0.761,
0.7667,0.3188,0.00299,0.003433,0.003259,0.005765,0.004262,0.002738,0.003853,0.01531,0.006482,0.1909,0.761,
0.766,0.3205,0.00299,0.003431,0.003261,0.005765,0.004123,0.002738,0.003872,0.01559,0.006258,0.1908,0.7612,
0.766,0.3203,0.00299,0.003427,0.003187,0.005765,0.004167,0.002713,0.003853,0.01566,0.006331,0.1907,0.7612,
0.7655,0.3245,0.002984,0.003431,0.003123,0.005765,0.004187,0.002694,0.003853,0.01578,0.006216,0.1907,0.7613,
0.7697,0.3331,0.003207,0.003426,0.003123,0.005759,0.004182,0.00269,0.003882,0.01585,0.006673,0.191,0.7602,
0.7696,0.3111,0.003203,0.003426,0.003128,0.005759,0.004182,0.002706,0.003867,0.01598,0.006546,0.191,0.7602,
0.7693,0.3144,0.003202,0.003424,0.003132,0.005759,0.004182,0.002759,0.003813,0.01631,0.006206,0.191,0.7602,
0.7699,0.3232,0.003196,0.003427,0.003132,0.005758,0.004181,0.002759,0.003813,0.01637,0.006292,0.191,0.7601,
0.7695,0.3495,0.003191,0.003427,0.003137,0.005712,0.004181,0.002791,0.003795,0.01654,0.006108,0.191,0.7601,
0.7693,0.3423,0.003187,0.003431,0.003137,0.00568,0.004104,0.00283,0.003776,0.01676,0.00602,0.1909,0.7602,
0.7698,0.305,0.003245,0.003435,0.003137,0.005665,0.004024,0.002849,0.003755,0.01694,0.006035,0.1908,0.7601,
0.7696,0.3261,0.003242,0.003435,0.003142,0.005665,0.004024,0.004212,0.002392,0.01694,0.006035,0.1908,0.7601,
0.7699,0.342,0.00324,0.00343,0.003147,0.005664,0.004078,0.004156,0.002411,0.017,0.005993,0.1909,0.76,
0.7711,0.3176,0.003238,0.003427,0.003151,0.005664,0.004097,0.004152,0.002429,0.01711,0.006214,0.1905,0.76,
0.7708,0.2996,0.003235,0.003423,0.003154,0.005661,0.005436,0.002811,0.002447,0.01727,0.006029,0.1909,0.7597,
0.7714,0.2858,0.003226,0.003428,0.003158,0.005661,0.005436,0.00283,0.002447,0.01734,0.006111,0.1907,0.7597,
0.7713,0.2824,0.00322,0.003425,0.003165,0.00566,0.005373,0.002829,0.00254,0.01735,0.006003,0.1908,0.7596,
0.7713,0.2828,0.003155,0.003419,0.003165,0.00575,0.005373,0.002829,0.002559,0.01765,0.005766,0.1908,0.7596,
0.7739,0.3356,0.003153,0.003414,0.003171,0.005736,0.005373,0.002848,0.004232,0.016,0.005728,0.1908,0.7596,
0.774,0.2943,0.003153,0.00341,0.003175,0.005735,0.005385,0.002836,0.00427,0.01599,0.005695,0.1908,0.7595,
0.7741,0.2877,0.003144,0.00341,0.003183,0.005735,0.005397,0.002839,0.004293,0.01597,0.005676,0.1908,0.7595,
0.7741,0.2906,0.003141,0.003411,0.003185,0.005735,0.005397,0.003153,0.004022,0.01603,0.005577,0.1908,0.7595,
0.7741,0.3149,0.00311,0.003415,0.003187,0.005761,0.005397,0.003165,0.00401,0.01603,0.005577,0.1908,0.7595,
0.7744,0.292,0.003102,0.003416,0.003193,0.005761,0.005397,0.003165,0.00401,0.01603,0.005674,0.1907,0.7595,
0.7759,0.2834,0.003094,0.003413,0.003201,0.005758,0.005366,0.003186,0.003993,0.01622,0.005853,0.1907,0.7592,
0.7759,0.2824,0.003022,0.003415,0.003201,0.005826,0.005398,0.003211,0.00395,0.0162,0.005853,0.1907,0.7592,
0.7758,0.2893,0.00301,0.003426,0.003202,0.005826,0.00543,0.00318,0.00395,0.0162,0.005853,0.1907,0.7592,
0.7786,0.2732,0.00315,0.003429,0.003205,0.005826,0.00543,0.00318,0.00395,0.0163,0.006345,0.1902,0.759,
0.7789,0.2725,0.003148,0.00342,0.003209,0.005794,0.005451,0.003152,0.003963,0.01627,0.006341,0.1906,0.7586,
0.7797,0.2741,0.003123,0.003419,0.00321,0.005819,0.005408,0.003178,0.003972,0.01638,0.006521,0.1903,0.7587,
0.78,0.28,0.003113,0.003421,0.003214,0.005817,0.005437,0.003165,0.003977,0.01635,0.006518,0.1906,0.7584,
0.78,0.2737,0.003108,0.003422,0.003219,0.005801,0.005437,0.003165,0.003977,0.01635,0.006519,0.1906,0.7584,
0.781,0.2739,0.003106,0.003417,0.003225,0.005787,0.005384,0.003214,0.003991,0.01636,0.006835,0.1902,0.7585,
0.7806,0.2742,0.003004,0.003425,0.003228,0.005846,0.00533,0.003171,0.004006,0.01634,0.006939,0.1901,0.7586,
0.7854,0.3395,0.003068,0.003418,0.003232,0.005816,0.005347,0.003207,0.01066,0.009667,0.006916,0.1905,0.7582,
0.7863,0.2929,0.003117,0.003417,0.003233,0.005806,0.005358,0.003196,0.01296,0.007372,0.007363,0.19,0.7582,
0.7865,0.2877,0.003055,0.003418,0.003232,0.005861,0.005394,0.003157,0.01295,0.007438,0.007218,0.1905,0.7578,
0.7865,0.2932,0.003048,0.003414,0.003243,0.005861,0.00542,0.003204,0.0129,0.00756,0.007077,0.1905,0.7578,
0.7863,0.2685,0.002856,0.0034,0.003251,0.006043,0.005438,0.003221,0.01286,0.007626,0.006991,0.1905,0.7578,
0.786,0.2733,0.002856,0.003383,0.003252,0.006027,0.005457,0.003257,0.01281,0.007753,0.006798,0.1906,0.7578,
0.7857,0.276,0.00285,0.003382,0.003259,0.006017,0.005458,0.00322,0.0128,0.007782,0.00677,0.1906,0.7579,
0.7857,0.2822,0.002849,0.003381,0.003262,0.006017,0.005482,0.003196,0.01283,0.00779,0.006729,0.1906,0.7579,
0.7885,0.285,0.002894,0.003383,0.003267,0.006057,0.005424,0.003179,0.01283,0.007941,0.007424,0.1897,0.7579,
0.7899,0.2805,0.002894,0.003378,0.003272,0.006057,0.005443,0.00316,0.01283,0.007992,0.007794,0.1893,0.7579,
0.7898,0.2818,0.002882,0.003387,0.003276,0.006041,0.005462,0.003172,0.01284,0.008071,0.007671,0.1893,0.7579,
0.7894,0.2831,0.002872,0.003388,0.003285,0.006041,0.005462,0.003192,0.01284,0.008105,0.007496,0.1894,0.7579,
0.7892,0.3075,0.00287,0.003389,0.003286,0.006025,0.005481,0.003208,0.01287,0.008235,0.007268,0.1895,0.7579,
0.7891,0.2962,0.002867,0.003389,0.003289,0.005994,0.005497,0.003211,0.01285,0.008236,0.007269,0.1895,0.7579,
0.7893,0.276,0.002862,0.003387,0.003293,0.005949,0.005538,0.00319,0.01283,0.008236,0.007378,0.1894,0.7579,
0.7891,0.2588,0.002854,0.003385,0.003303,0.005936,0.005536,0.003209,0.01281,0.0083,0.007275,0.1894,0.758,
0.7889,0.2639,0.002848,0.003388,0.003306,0.005907,0.00556,0.003209,0.01279,0.008466,0.007109,0.1894,0.758,
0.7889,0.2656,0.002847,0.003386,0.003309,0.005907,0.005575,0.003224,0.01276,0.008635,0.00694,0.1894,0.758,
0.7896,0.264,0.002558,0.003386,0.003308,0.006181,0.005603,0.003188,0.01277,0.008595,0.006933,0.1903,0.7572,
0.7895,0.2712,0.002554,0.003385,0.003313,0.006167,0.005602,0.003188,0.0128,0.008587,0.006914,0.1903,0.7572,
0.7895,0.2821,0.002549,0.003386,0.003316,0.006167,0.005602,0.003227,0.01278,0.008614,0.006871,0.1903,0.7572,
0.7895,0.2794,0.002542,0.00339,0.00332,0.006167,0.005602,0.003227,0.01281,0.008586,0.006871,0.1903,0.7572,
0.7895,0.2765,0.002537,0.003385,0.003328,0.006166,0.005583,0.003222,0.01281,0.008681,0.006814,0.1903,0.7572,
0.7892,0.2791,0.002534,0.003388,0.003267,0.006166,0.005606,0.003245,0.01279,0.008716,0.006748,0.1903,0.7573,
0.7902,0.2803,0.002699,0.003385,0.003269,0.006153,0.005606,0.003296,0.01274,0.008799,0.006671,0.1903,0.7571,
0.7912,0.2813,0.002693,0.003387,0.003272,0.006139,0.00565,0.003396,0.0126,0.00895,0.006809,0.19,0.7571,
0.791,0.2789,0.002689,0.003384,0.003277,0.006111,0.005695,0.003381,0.01254,0.00895,0.006809,0.19,0.7572,
