entropy,entropyInd,RabA,RabB,RabC,RabD,RabE,RabF,RabG,RabH,RabI,xER,xPM,
0.6396,0.3355,0.003954,0.003383,0.002555,0.004669,0.002033,0.001469,0.001142,0.001271,0.001306,0.1956,0.7826,
0.6395,0.3355,0.003954,0.003383,0.002555,0.004654,0.002033,0.001469,0.001142,0.001271,0.001306,0.1956,0.7826,
0.6394,0.3354,0.003954,0.003384,0.002555,0.004639,0.002033,0.001469,0.001142,0.001271,0.001306,0.1956,0.7826,
0.6394,0.3354,0.003954,0.003384,0.002555,0.004639,0.002033,0.001469,0.001142,0.001271,0.001306,0.1956,0.7826,
0.6394,0.3354,0.003954,0.003384,0.002555,0.004639,0.002033,0.001469,0.001142,0.001271,0.001306,0.1956,0.7826,
0.6404,0.3355,0.00395,0.00338,0.002552,0.004634,0.002031,0.001467,0.001141,0.001269,0.001305,0.1964,0.7818,
0.6425,0.33,0.003948,0.003364,0.002551,0.004632,0.00203,0.001467,0.00114,0.001269,0.001674,0.1964,0.7816,
0.6425,0.33,0.003948,0.003364,0.002551,0.004632,0.00203,0.001467,0.00114,0.001269,0.001674,0.1964,0.7816,
0.6442,0.3267,0.00413,0.003364,0.002551,0.004632,0.00201,0.001462,0.00114,0.001269,0.001872,0.1962,0.7814,
0.6462,0.3204,0.004129,0.003363,0.00255,0.004631,0.001985,0.001461,0.00114,0.001268,0.002271,0.1961,0.7812,
0.6473,0.3152,0.004019,0.003363,0.00254,0.004631,0.001944,0.001461,0.00114,0.001268,0.002717,0.1956,0.7813,
0.6473,0.3152,0.004019,0.003363,0.00254,0.004631,0.001944,0.001461,0.00114,0.001268,0.002717,0.1956,0.7813,
0.648,0.3152,0.004016,0.00336,0.002538,0.004628,0.001943,0.00146,0.001139,0.001268,0.002715,0.1962,0.7808,
0.648,0.3152,0.004016,0.00336,0.002538,0.004628,0.001943,0.00146,0.001139,0.001268,0.002715,0.1962,0.7808,
0.6476,0.3154,0.00397,0.003358,0.002537,0.004613,0.001943,0.00146,0.001139,0.001267,0.002715,0.1962,0.7808,
0.6476,0.3152,0.00397,0.003358,0.002537,0.004613,0.001943,0.00146,0.001139,0.001267,0.002715,0.1962,0.7808,
0.6512,0.306,0.00404,0.003356,0.002536,0.00461,0.001942,0.001459,0.001138,0.001267,0.003335,0.196,0.7803,
0.6512,0.3076,0.00404,0.003356,0.002536,0.00461,0.001942,0.001459,0.001138,0.001267,0.003335,0.196,0.7803,
0.6518,0.3059,0.004132,0.003356,0.002536,0.00461,0.001942,0.001459,0.001138,0.001267,0.003369,0.196,0.7802,
0.6518,0.306,0.004117,0.003355,0.002536,0.00461,0.001942,0.001459,0.001138,0.001267,0.00337,0.196,0.7802,
0.6515,0.3055,0.004117,0.003355,0.002536,0.00461,0.001912,0.001448,0.001138,0.001267,0.00337,0.196,0.7802,
0.6551,0.2942,0.004117,0.003355,0.002511,0.00461,0.001912,0.001448,0.001138,0.001267,0.004308,0.1951,0.7803,
0.6549,0.2943,0.004117,0.003355,0.002511,0.00461,0.001896,0.001444,0.001133,0.001267,0.004308,0.1951,0.7803,
0.6549,0.2943,0.004117,0.003355,0.002511,0.00461,0.001896,0.001444,0.001133,0.001267,0.004308,0.1951,0.7803,
0.6559,0.2956,0.004113,0.003351,0.002509,0.004605,0.001895,0.001443,0.001132,0.001265,0.004304,0.1959,0.7795,
0.6574,0.2969,0.004173,0.003351,0.002509,0.004605,0.001895,0.001443,0.001132,0.001265,0.004616,0.1955,0.7795,
0.6574,0.2965,0.004173,0.003351,0.002509,0.004605,0.001895,0.001443,0.001132,0.001265,0.004616,0.1955,0.7795,
0.6577,0.2965,0.004172,0.00335,0.002508,0.004604,0.001894,0.001442,0.001132,0.001265,0.004615,0.1958,0.7792,
0.6577,0.2965,0.004172,0.00335,0.002508,0.004604,0.001894,0.001442,0.001132,0.001265,0.004615,0.1958,0.7792,
0.6577,0.2965,0.004172,0.00335,0.002508,0.004604,0.001894,0.001442,0.001132,0.001265,0.004615,0.1958,0.7792,
0.6577,0.2965,0.004172,0.00335,0.002508,0.004604,0.001894,0.001442,0.001132,0.001265,0.004615,0.1958,0.7792,
0.6577,0.2975,0.004166,0.003354,0.00251,0.004604,0.001894,0.001442,0.001132,0.001265,0.004615,0.1958,0.7792,
0.6579,0.304,0.004164,0.003352,0.002514,0.004604,0.001914,0.001423,0.001169,0.0014,0.004443,0.1958,0.7792,
0.659,0.2973,0.004158,0.003349,0.002523,0.004604,0.001924,0.001434,0.001178,0.00137,0.004731,0.1955,0.7792,
0.6603,0.2996,0.004133,0.003363,0.002532,0.004603,0.001939,0.001417,0.001178,0.001369,0.005006,0.1955,0.779,
0.6608,0.2993,0.004117,0.003376,0.002535,0.004588,0.001938,0.001417,0.001178,0.001369,0.00517,0.1953,0.779,
0.6621,0.2999,0.004111,0.003377,0.002539,0.004588,0.001948,0.001407,0.001178,0.001369,0.005532,0.1949,0.779,
0.6629,0.2975,0.004102,0.003371,0.002546,0.004584,0.001947,0.001406,0.001177,0.001392,0.005504,0.1956,0.7784,
0.6629,0.2995,0.004102,0.003367,0.00255,0.004584,0.001947,0.001406,0.001208,0.001394,0.005471,0.1956,0.7784,
0.663,0.3007,0.004097,0.003363,0.002559,0.004584,0.001947,0.001406,0.001208,0.001394,0.005471,0.1956,0.7784,
0.6629,0.3028,0.004096,0.003359,0.002564,0.004584,0.001947,0.001406,0.001236,0.001365,0.005448,0.1956,0.7784,
0.6638,0.3097,0.00409,0.003356,0.002569,0.004572,0.001947,0.001419,0.001224,0.001682,0.005299,0.1954,0.7784,
0.6644,0.3111,0.004077,0.003364,0.002575,0.004572,0.001947,0.001419,0.001263,0.001642,0.005476,0.1952,0.7784,
0.6645,0.3146,0.004077,0.003359,0.00258,0.004572,0.001947,0.001443,0.001238,0.001737,0.005381,0.1952,0.7784,
0.6661,0.3149,0.004061,0.00336,0.002587,0.004555,0.001956,0.001432,0.001238,0.001863,0.005498,0.1955,0.778,
0.6662,0.3181,0.004054,0.003365,0.00259,0.004555,0.001966,0.001422,0.001238,0.002021,0.00534,0.1955,0.778,
0.6671,0.3063,0.00402,0.003375,0.002591,0.004562,0.001976,0.001412,0.001266,0.002045,0.005536,0.1952,0.778,
0.669,0.2973,0.004015,0.003376,0.002595,0.004562,0.001976,0.001412,0.001266,0.002064,0.006054,0.1947,0.778,
0.6703,0.2946,0.004015,0.003368,0.002603,0.004562,0.001976,0.001412,0.001266,0.0021,0.006397,0.1943,0.778,
0.6711,0.2979,0.003936,0.003366,0.002608,0.004621,0.001914,0.001402,0.00126,0.00215,0.006338,0.1953,0.7772,
0.6713,0.3,0.003931,0.003369,0.002609,0.004621,0.001914,0.001402,0.001296,0.002298,0.006153,0.1953,0.7772,
0.6715,0.3058,0.00393,0.003359,0.00262,0.004621,0.001914,0.001402,0.001296,0.002493,0.005958,0.1953,0.7772,
0.6716,0.3086,0.003905,0.003363,0.00262,0.004643,0.001914,0.001402,0.001296,0.002595,0.005856,0.1953,0.7772,
