entropy,entropyInd,RabA,RabB,RabC,RabD,RabE,RabF,RabG,RabH,RabI,xER,xPM,
0.8684,0.4196,0.0113,0.008895,0.009409,0.01005,0.007531,0.004842,0.003547,0.005856,0.008246,0.1865,0.7438,
0.8685,0.4143,0.01129,0.008892,0.009367,0.01004,0.007528,0.00484,0.003546,0.005854,0.008243,0.1868,0.7436,
0.8679,0.3987,0.01125,0.008892,0.009316,0.01003,0.007495,0.004832,0.003541,0.005854,0.008243,0.1868,0.7437,
0.8672,0.4011,0.01125,0.008889,0.009293,0.01,0.007388,0.00483,0.00354,0.005853,0.008242,0.1868,0.7439,
0.8663,0.4019,0.01116,0.008882,0.00929,0.01,0.007287,0.00483,0.003541,0.005854,0.008243,0.1868,0.7441,
0.8666,0.3996,0.01122,0.008881,0.009267,0.009988,0.007287,0.00483,0.003541,0.005854,0.00832,0.1868,0.7441,
0.8681,0.3966,0.0113,0.008869,0.009266,0.009988,0.007287,0.00483,0.003541,0.005854,0.008716,0.1864,0.744,
0.868,0.4032,0.0113,0.008869,0.009266,0.009974,0.007287,0.00483,0.003541,0.005854,0.008716,0.1864,0.744,
0.8705,0.4122,0.0116,0.008869,0.009265,0.009917,0.00724,0.00483,0.00354,0.005854,0.009259,0.1858,0.7438,
0.8712,0.409,0.01159,0.00886,0.009255,0.00988,0.007232,0.004825,0.003536,0.005848,0.00925,0.1867,0.7431,
0.8718,0.4039,0.01169,0.00886,0.009254,0.009867,0.007214,0.00482,0.003536,0.005848,0.009355,0.1866,0.743,
0.8722,0.4015,0.01186,0.008857,0.009252,0.00984,0.007015,0.004814,0.003536,0.005846,0.009548,0.1866,0.7428,
0.8727,0.3985,0.01196,0.008857,0.009252,0.009814,0.006996,0.004809,0.003536,0.005846,0.009646,0.1865,0.7428,
0.8732,0.3955,0.01193,0.008852,0.009249,0.009775,0.006979,0.004804,0.00353,0.005845,0.009815,0.1866,0.7426,
0.8731,0.3933,0.01193,0.008852,0.009249,0.00976,0.006979,0.004804,0.00353,0.005845,0.009816,0.1866,0.7426,
0.8753,0.3869,0.01193,0.008849,0.009246,0.009718,0.006976,0.004804,0.00353,0.005845,0.01067,0.1858,0.7427,
0.8753,0.393,0.01193,0.008849,0.009246,0.009718,0.006976,0.004804,0.00353,0.005845,0.01067,0.1858,0.7427,
0.8756,0.3915,0.01188,0.008841,0.009238,0.00971,0.006931,0.004797,0.003522,0.00584,0.01066,0.1865,0.7421,
0.8751,0.3687,0.01194,0.00884,0.009234,0.00959,0.006795,0.004782,0.003517,0.00584,0.01083,0.1863,0.7423,
0.8759,0.3641,0.012,0.00884,0.009234,0.009575,0.0067,0.004774,0.003513,0.00584,0.01123,0.1859,0.7424,
0.8758,0.3644,0.01195,0.008834,0.009228,0.009548,0.006639,0.004767,0.003506,0.005836,0.01122,0.1864,0.7421,
0.8749,0.3439,0.01195,0.008834,0.009175,0.009477,0.006568,0.004767,0.003505,0.005837,0.01122,0.1864,0.7423,
0.8738,0.346,0.01195,0.00883,0.009169,0.009464,0.006379,0.004756,0.003501,0.005837,0.01122,0.1864,0.7425,
0.8741,0.3435,0.01199,0.00883,0.009169,0.00945,0.006379,0.004755,0.003501,0.005837,0.01125,0.1864,0.7425,
0.8751,0.3532,0.01211,0.00883,0.009123,0.009449,0.006363,0.004752,0.003496,0.005836,0.01156,0.1861,0.7424,
0.8747,0.3559,0.01205,0.008802,0.009122,0.00942,0.00636,0.004752,0.003496,0.005837,0.01156,0.1861,0.7425,
0.8753,0.3565,0.01212,0.0088,0.009116,0.009407,0.006342,0.004747,0.003496,0.005836,0.01178,0.1859,0.7425,
0.8753,0.3538,0.01212,0.0088,0.009116,0.009407,0.006342,0.004747,0.003496,0.005836,0.01178,0.1859,0.7425,
0.8766,0.3492,0.01221,0.008787,0.009111,0.009384,0.006305,0.004736,0.00349,0.005833,0.01205,0.1861,0.742,
0.8766,0.352,0.01221,0.008787,0.009111,0.009384,0.006305,0.004736,0.00349,0.005833,0.01205,0.1861,0.742,
0.8772,0.3471,0.01225,0.008762,0.00911,0.009358,0.006282,0.004736,0.00349,0.005833,0.01232,0.1858,0.7421,
0.8774,0.3559,0.01224,0.008763,0.009114,0.009339,0.0063,0.004657,0.003632,0.006506,0.01151,0.1858,0.7421,
0.8782,0.3577,0.01224,0.008766,0.009116,0.009256,0.006243,0.00467,0.003607,0.006892,0.01138,0.186,0.7418,
0.8781,0.3599,0.01221,0.008778,0.009089,0.009238,0.006227,0.004628,0.003613,0.007343,0.0109,0.1862,0.7418,
0.8787,0.3506,0.01228,0.008774,0.009108,0.009208,0.006246,0.004621,0.003601,0.007568,0.01076,0.1861,0.7417,
0.8782,0.3503,0.01211,0.008776,0.009115,0.009346,0.00622,0.004604,0.00362,0.007624,0.01059,0.1862,0.7418,
0.8776,0.3522,0.01207,0.008793,0.009126,0.00931,0.006192,0.00459,0.003681,0.007562,0.01053,0.1863,0.7418,
0.8776,0.3534,0.01205,0.008809,0.009131,0.009301,0.006225,0.004556,0.003682,0.00776,0.01033,0.1863,0.7419,
0.8789,0.3657,0.01213,0.008814,0.009145,0.009288,0.006214,0.00453,0.0037,0.007832,0.01062,0.1859,0.7418,
0.8787,0.3672,0.01211,0.008808,0.009105,0.009272,0.006213,0.004552,0.003715,0.008023,0.01039,0.1859,0.7419,
0.8795,0.3653,0.012,0.00884,0.009111,0.009377,0.006194,0.00455,0.003701,0.008074,0.01061,0.1857,0.7419,
0.8788,0.3696,0.01197,0.008843,0.009122,0.009397,0.006074,0.004513,0.003701,0.008377,0.0103,0.1857,0.742,
0.8795,0.3786,0.012,0.008863,0.009134,0.009424,0.006092,0.004494,0.003701,0.008672,0.0101,0.1856,0.7419,
0.8811,0.3798,0.01217,0.008867,0.009139,0.009442,0.006095,0.004468,0.00372,0.00884,0.01021,0.1853,0.7418,
0.8828,0.3789,0.01219,0.008855,0.009138,0.009564,0.006127,0.004426,0.003717,0.008918,0.01017,0.186,0.7409,
0.8832,0.3841,0.01223,0.008856,0.009145,0.009564,0.006179,0.004373,0.003716,0.009122,0.01002,0.186,0.7408,
0.8817,0.3928,0.0122,0.008858,0.009109,0.00957,0.007707,0.002828,0.003712,0.009281,0.009802,0.1861,0.7409,
0.8814,0.3766,0.01219,0.008844,0.00912,0.009556,0.007733,0.002778,0.003712,0.009281,0.009803,0.1861,0.7409,
0.8809,0.3806,0.01208,0.008849,0.009052,0.009606,0.007751,0.00276,0.003712,0.009446,0.009638,0.1861,0.741,
0.8817,0.3868,0.01213,0.008858,0.009074,0.009591,0.00775,0.002759,0.003711,0.009529,0.00969,0.1861,0.7409,
0.8813,0.3816,0.01212,0.008847,0.009083,0.009584,0.007685,0.002759,0.003749,0.009554,0.009586,0.1861,0.7409,
0.8809,0.3919,0.01211,0.008852,0.009083,0.009569,0.007657,0.00274,0.003797,0.009945,0.009147,0.1861,0.741,
0.8803,0.3908,0.01209,0.008858,0.009084,0.009549,0.007588,0.002714,0.003811,0.01004,0.009038,0.1861,0.7411,
0.8799,0.3958,0.01206,0.008854,0.009089,0.009552,0.007589,0.002714,0.003811,0.0107,0.008311,0.1861,0.7412,
0.8792,0.3982,0.01197,0.008857,0.009093,0.009581,0.007524,0.002728,0.003788,0.01118,0.007827,0.1862,0.7413,
0.8787,0.3899,0.01202,0.008868,0.009061,0.009527,0.007476,0.00267,0.003788,0.01147,0.007615,0.1861,0.7414,
0.8799,0.3772,0.01217,0.008883,0.009067,0.009511,0.007349,0.002691,0.00376,0.01156,0.007791,0.1861,0.7412,
0.8793,0.3953,0.01216,0.008891,0.00907,0.009452,0.007295,0.002683,0.00376,0.0117,0.007654,0.1861,0.7413,
0.8785,0.3721,0.01208,0.0089,0.009078,0.009454,0.007227,0.002644,0.003759,0.01174,0.007613,0.1861,0.7414,
0.8795,0.3498,0.01216,0.008898,0.009043,0.009475,0.007218,0.002666,0.003721,0.01197,0.00769,0.1858,0.7414,
0.8788,0.3618,0.01215,0.008892,0.009056,0.009437,0.007166,0.002653,0.003747,0.01213,0.007441,0.1859,0.7415,
0.8787,0.3601,0.01202,0.008899,0.009068,0.009531,0.007166,0.002653,0.003747,0.0123,0.007273,0.1859,0.7415,
0.878,0.3797,0.012,0.008912,0.009073,0.00949,0.007107,0.00266,0.003739,0.01253,0.00702,0.1859,0.7416,
0.8779,0.3664,0.01205,0.008933,0.009082,0.009431,0.006821,0.002669,0.003739,0.01259,0.007325,0.1855,0.7419,
0.875,0.3578,0.01194,0.008946,0.009089,0.009482,0.006259,0.002663,0.003739,0.01288,0.007038,0.1855,0.7425,
0.874,0.3561,0.0119,0.008936,0.009107,0.009474,0.006153,0.002658,0.00377,0.01325,0.006637,0.1855,0.7426,
0.8745,0.3509,0.012,0.008932,0.009117,0.009512,0.006077,0.002675,0.003773,0.01336,0.006586,0.1854,0.7425,
0.8732,0.3578,0.01194,0.008939,0.009114,0.009491,0.007411,0.001324,0.003784,0.01333,0.006581,0.186,0.7421,
0.8725,0.3406,0.01193,0.008947,0.009123,0.009491,0.007307,0.001318,0.003778,0.01336,0.006538,0.186,0.7422,
0.8718,0.3424,0.01191,0.008956,0.009132,0.009491,0.007172,0.001313,0.003778,0.01347,0.006419,0.186,0.7423,
0.8728,0.3393,0.01195,0.008953,0.009144,0.00949,0.007154,0.001309,0.003778,0.01347,0.006696,0.1858,0.7423,
0.8729,0.3425,0.01194,0.008951,0.00915,0.009487,0.007152,0.001308,0.003792,0.01371,0.006444,0.186,0.7421,
0.8727,0.3477,0.01178,0.008952,0.009163,0.009628,0.007105,0.001379,0.003771,0.01378,0.006324,0.186,0.7421,
0.8719,0.3411,0.01177,0.00895,0.009177,0.009615,0.00697,0.001364,0.003786,0.01389,0.006191,0.186,0.7423,
0.8713,0.3454,0.01171,0.008988,0.009181,0.009612,0.006869,0.001364,0.003786,0.01395,0.006139,0.186,0.7424,
0.8715,0.3565,0.01161,0.008997,0.009192,0.009758,0.006792,0.001383,0.003792,0.01397,0.006172,0.1859,0.7424,
0.8696,0.3521,0.01165,0.009001,0.009202,0.009821,0.006277,0.001352,0.003836,0.01407,0.006108,0.1858,0.7429,
0.869,0.3674,0.01162,0.009012,0.009212,0.009821,0.006189,0.001352,0.003836,0.01421,0.005969,0.1858,0.743,
0.8692,0.345,0.01163,0.00898,0.009218,0.009788,0.006086,0.001351,0.003831,0.0143,0.006049,0.1859,0.7428,
0.8706,0.361,0.01168,0.009014,0.009222,0.009807,0.006008,0.003305,0.001877,0.01442,0.006234,0.1856,0.7428,
0.8728,0.3913,0.01165,0.009013,0.009225,0.009819,0.005946,0.003286,0.003537,0.0129,0.0061,0.1856,0.7429,
0.8743,0.3823,0.01165,0.009036,0.009234,0.00991,0.005926,0.003281,0.003537,0.0129,0.006431,0.1853,0.7428,
0.875,0.3756,0.01172,0.009035,0.009188,0.009857,0.005947,0.00326,0.003555,0.01292,0.006648,0.1851,0.7428,
0.8748,0.3666,0.0117,0.009038,0.009196,0.009843,0.005941,0.00324,0.003617,0.01288,0.006609,0.1851,0.7429,
0.8755,0.3661,0.01174,0.009054,0.009203,0.009843,0.00587,0.003219,0.003644,0.01299,0.006778,0.1848,0.7429,
0.875,0.3557,0.01173,0.009061,0.009208,0.009843,0.005757,0.003215,0.003733,0.01295,0.00671,0.1848,0.743,
0.8747,0.3529,0.0117,0.009072,0.009219,0.00983,0.005773,0.003216,0.003714,0.013,0.006615,0.1848,0.7431,
0.8749,0.3539,0.01169,0.009078,0.009176,0.009717,0.005716,0.003242,0.003735,0.01306,0.006478,0.1858,0.7423,
0.8748,0.3568,0.01169,0.009088,0.009142,0.009674,0.005666,0.003239,0.003716,0.01315,0.006509,0.1858,0.7423,
0.8763,0.3587,0.01189,0.0091,0.009083,0.009652,0.005666,0.003239,0.003754,0.01323,0.006703,0.1855,0.7422,
0.8779,0.3602,0.01196,0.0091,0.009089,0.009767,0.005666,0.003264,0.003772,0.01319,0.00691,0.1853,0.742,
0.8771,0.3639,0.0119,0.009086,0.009099,0.009751,0.005595,0.00325,0.003773,0.01329,0.006814,0.1853,0.7422,
0.8766,0.3763,0.01185,0.009096,0.009075,0.009751,0.005554,0.00327,0.003799,0.01337,0.006682,0.1853,0.7423,
0.8773,0.3726,0.01191,0.009125,0.009078,0.009751,0.005536,0.00329,0.003774,0.01352,0.006689,0.1851,0.7422,
0.8786,0.3651,0.01183,0.009123,0.009084,0.009863,0.005487,0.003287,0.00379,0.01369,0.006728,0.1854,0.7417,
0.8783,0.3502,0.0118,0.009119,0.0091,0.009849,0.005487,0.003742,0.003335,0.01377,0.006608,0.1855,0.7417,
0.8791,0.3523,0.0117,0.009133,0.009109,0.01005,0.00547,0.003733,0.003342,0.01378,0.006725,0.1853,0.7416,
0.8788,0.355,0.01163,0.009155,0.009019,0.01002,0.005487,0.003713,0.00339,0.01373,0.006684,0.1857,0.7415,
0.8785,0.3604,0.01158,0.009147,0.009032,0.01002,0.005464,0.003713,0.003409,0.01377,0.006628,0.1857,0.7415,
0.8798,0.36,0.01177,0.009147,0.008999,0.01002,0.005464,0.003894,0.003302,0.01369,0.006817,0.1855,0.7414,
0.8795,0.3558,0.01171,0.009142,0.009003,0.01002,0.005463,0.003932,0.003282,0.01379,0.006648,0.1857,0.7413,
0.8814,0.3547,0.01184,0.009153,0.009012,0.01002,0.005463,0.003932,0.00331,0.01377,0.007025,0.1853,0.7412,
0.8817,0.3593,0.01181,0.009145,0.009026,0.01002,0.005479,0.003938,0.003321,0.01372,0.007023,0.1856,0.7409,
0.8829,0.3669,0.0118,0.009139,0.009036,0.01007,0.005478,0.004645,0.00268,0.01365,0.007297,0.1855,0.7407,
0.8823,0.3645,0.01179,0.009134,0.00905,0.01005,0.005408,0.00464,0.002727,0.01375,0.007129,0.1855,0.7408,
0.8823,0.369,0.01161,0.009134,0.009061,0.01022,0.005418,0.004642,0.002747,0.01379,0.007061,0.1855,0.7408,
0.885,0.3664,0.01175,0.009129,0.00907,0.01025,0.005442,0.004618,0.002747,0.01388,0.007567,0.1849,0.7406,
0.8873,0.3596,0.01181,0.009126,0.009074,0.01028,0.005438,0.004653,0.002757,0.01386,0.007941,0.185,0.74,
0.8869,0.3471,0.01173,0.00914,0.009078,0.01031,0.005396,0.004653,0.002776,0.01392,0.007864,0.185,0.7401,
0.8864,0.3563,0.01165,0.009137,0.009083,0.01034,0.005357,0.004653,0.002806,0.01426,0.007492,0.185,0.7402,
0.8856,0.3528,0.01159,0.009151,0.009044,0.01037,0.005367,0.004669,0.002803,0.01424,0.007322,0.1852,0.7403,
0.8864,0.3541,0.01163,0.009151,0.009049,0.01035,0.00538,0.004683,0.002855,0.01432,0.007237,0.1854,0.7399,
0.8861,0.3544,0.01155,0.009157,0.009055,0.01039,0.005357,0.004735,0.002858,0.01446,0.007044,0.1854,0.74,
0.8867,0.3486,0.01165,0.009132,0.009063,0.01039,0.005352,0.004755,0.002843,0.01442,0.00718,0.1853,0.74,
0.8892,0.3746,0.01159,0.009131,0.009072,0.01041,0.005352,0.004754,0.004901,0.01255,0.006991,0.1854,0.7399,
0.8889,0.3699,0.01151,0.00912,0.009023,0.01048,0.005382,0.004763,0.004881,0.01256,0.006956,0.1854,0.7399,
0.8883,0.3738,0.01149,0.009109,0.008974,0.01044,0.005401,0.004745,0.0049,0.01266,0.00684,0.1854,0.74,
0.8881,0.3702,0.01143,0.00912,0.008982,0.01047,0.005415,0.004759,0.00487,0.01266,0.006789,0.1854,0.7401,
0.888,0.3864,0.01141,0.009116,0.008999,0.01044,0.005415,0.005253,0.004413,0.01262,0.006789,0.1855,0.7401,
0.8878,0.3783,0.0114,0.009106,0.009006,0.01043,0.005411,0.005234,0.004469,0.01261,0.006748,0.1855,0.7401,
0.8897,0.3902,0.01149,0.009121,0.009008,0.01043,0.005411,0.005264,0.006015,0.01107,0.006748,0.1854,0.74,
0.8893,0.3755,0.01133,0.009126,0.009016,0.01051,0.00543,0.005264,0.006021,0.01116,0.006631,0.1854,0.7401,
0.8892,0.3766,0.01131,0.009139,0.009026,0.01051,0.00543,0.005282,0.006055,0.01139,0.006346,0.1854,0.7401,
0.889,0.3771,0.01121,0.009147,0.009033,0.01059,0.00543,0.005319,0.006036,0.01137,0.006286,0.1855,0.7401,
0.8885,0.3851,0.01118,0.009159,0.009037,0.01055,0.005404,0.005319,0.006037,0.01148,0.006166,0.1855,0.7402,
0.888,0.3901,0.01107,0.009145,0.009023,0.01058,0.005404,0.005338,0.006018,0.01158,0.006064,0.1855,0.7403,
0.8876,0.3857,0.01106,0.009143,0.009032,0.01053,0.005377,0.005346,0.006067,0.01151,0.006064,0.1855,0.7404,
0.8877,0.4133,0.01118,0.009138,0.009041,0.0105,0.00539,0.008566,0.002856,0.01153,0.006375,0.1851,0.7403,
0.8864,0.4076,0.01116,0.009111,0.009003,0.01041,0.005307,0.008601,0.002794,0.01163,0.006201,0.1855,0.7403,
0.8864,0.4204,0.01113,0.009129,0.008967,0.01038,0.006705,0.007217,0.002797,0.01172,0.006089,0.1855,0.7404,
0.8883,0.4024,0.01122,0.009124,0.008965,0.01037,0.006688,0.007223,0.00278,0.01172,0.006464,0.1854,0.74,
0.888,0.3864,0.01113,0.009129,0.008974,0.0104,0.006701,0.007186,0.002817,0.01178,0.006371,0.1854,0.7401,
0.8873,0.3954,0.01109,0.00914,0.008988,0.01042,0.006583,0.007162,0.002866,0.01171,0.006361,0.1854,0.7403,
0.8877,0.3925,0.01113,0.009147,0.00899,0.0104,0.006623,0.007116,0.002862,0.01186,0.006315,0.1854,0.7402,
0.8874,0.4013,0.0111,0.009164,0.008996,0.01041,0.006642,0.007116,0.002881,0.01217,0.005934,0.1854,0.7402,
0.8848,0.4031,0.01092,0.009179,0.009003,0.01057,0.006125,0.007156,0.002839,0.01219,0.005879,0.1854,0.7407,
0.8847,0.4043,0.01086,0.009181,0.009016,0.01061,0.006117,0.007153,0.002872,0.01224,0.005785,0.1854,0.7407,
0.8848,0.4026,0.01089,0.009193,0.008985,0.01061,0.006084,0.007141,0.002984,0.01224,0.005726,0.1854,0.7407,
0.8861,0.3986,0.01094,0.009211,0.008996,0.01061,0.006103,0.007123,0.002999,0.01254,0.005756,0.1851,0.7407,
0.8887,0.3835,0.01121,0.009209,0.009008,0.01059,0.006137,0.007137,0.002928,0.01277,0.006044,0.1845,0.7404,
0.8919,0.3816,0.01136,0.009203,0.00901,0.0107,0.006108,0.007158,0.002899,0.01286,0.006394,0.1848,0.7395,
0.8926,0.4054,0.01151,0.009199,0.008969,0.01069,0.00607,0.007177,0.002842,0.01303,0.006353,0.185,0.7392,
0.8922,0.3934,0.01145,0.009209,0.008967,0.01068,0.006058,0.007167,0.002804,0.01317,0.006208,0.1851,0.7391,
0.8917,0.4264,0.01142,0.009229,0.008974,0.01067,0.005988,0.007225,0.002746,0.01317,0.006208,0.1851,0.7392,
0.8919,0.3915,0.01128,0.009223,0.008947,0.01078,0.005953,0.00723,0.002703,0.01325,0.006393,0.1849,0.7393,
0.8938,0.3871,0.0113,0.009233,0.008953,0.01079,0.005923,0.007241,0.002696,0.01332,0.006871,0.1844,0.7393,
0.8942,0.4014,0.01128,0.00923,0.008956,0.01079,0.005942,0.007215,0.002724,0.01339,0.006701,0.185,0.7388,
0.8938,0.3938,0.0112,0.009224,0.008967,0.01083,0.00588,0.007233,0.00273,0.01346,0.006612,0.185,0.7388,
0.8935,0.3988,0.01119,0.009207,0.008976,0.01081,0.005892,0.007215,0.002776,0.01359,0.006436,0.185,0.7389,
0.8934,0.3964,0.01115,0.009209,0.008963,0.01083,0.005848,0.007204,0.002741,0.0136,0.006554,0.1849,0.739,
0.894,0.3813,0.01119,0.009214,0.008985,0.01082,0.005864,0.007277,0.002688,0.01357,0.006665,0.1848,0.7389,
0.8939,0.3806,0.01117,0.009204,0.008995,0.01081,0.005883,0.007274,0.002674,0.01357,0.006665,0.1848,0.7389,
0.8935,0.3864,0.01111,0.009202,0.009005,0.01085,0.005932,0.007523,0.002375,0.01357,0.006665,0.1848,0.739,
0.8921,0.4045,0.01107,0.009204,0.008962,0.01087,0.009825,0.003626,0.002375,0.01366,0.006571,0.185,0.7388,
0.8916,0.3985,0.01101,0.009204,0.008972,0.01088,0.009844,0.003583,0.002354,0.01368,0.006545,0.185,0.7389,
0.891,0.3869,0.01075,0.009204,0.00897,0.01106,0.009828,0.003564,0.002356,0.01367,0.006546,0.185,0.739,
0.8907,0.3877,0.01066,0.009196,0.008978,0.01112,0.009799,0.003607,0.002294,0.01367,0.006546,0.185,0.7391,
0.8922,0.3969,0.01073,0.009201,0.008992,0.01109,0.009749,0.003607,0.002313,0.01372,0.006913,0.1846,0.7391,
0.892,0.3862,0.01069,0.009179,0.009,0.01106,0.009745,0.003605,0.002311,0.01375,0.006826,0.185,0.7388,
0.8865,0.389,0.0107,0.009158,0.008909,0.01109,0.008385,0.003616,0.002325,0.0138,0.00701,0.1847,0.7403,
0.8858,0.3931,0.01068,0.009169,0.008914,0.01107,0.008338,0.003618,0.002355,0.0139,0.006781,0.1848,0.7404,
0.8846,0.3958,0.01054,0.009172,0.008926,0.01112,0.008184,0.003618,0.002353,0.0139,0.006708,0.1849,0.7406,
0.8831,0.4056,0.01051,0.009171,0.008938,0.01111,0.008024,0.003578,0.002352,0.01394,0.006552,0.185,0.7408,
0.8854,0.3973,0.01073,0.009161,0.008958,0.0111,0.007906,0.003585,0.002359,0.01396,0.007106,0.1844,0.7407,
0.8847,0.4005,0.01064,0.009163,0.00896,0.01114,0.007759,0.003575,0.002315,0.01403,0.006986,0.1849,0.7405,
0.8839,0.3997,0.01057,0.009171,0.008965,0.01118,0.007605,0.003575,0.002315,0.0141,0.006917,0.185,0.7407,
0.8831,0.4047,0.01055,0.009176,0.008979,0.01116,0.007478,0.003555,0.002343,0.01413,0.006856,0.185,0.7408,
0.8828,0.401,0.01064,0.009184,0.008987,0.01118,0.007262,0.003587,0.002274,0.01432,0.006816,0.1848,0.7409,
0.8811,0.3949,0.01061,0.009175,0.009,0.01118,0.007078,0.004337,0.001539,0.01431,0.006748,0.1849,0.7412,
0.8846,0.4068,0.01075,0.009176,0.009008,0.01115,0.007047,0.004322,0.003059,0.01279,0.006892,0.1847,0.7411,
0.8834,0.4139,0.01072,0.009172,0.008935,0.0111,0.007036,0.004296,0.003047,0.01277,0.006855,0.1848,0.7413,
0.8839,0.4101,0.01073,0.009168,0.008942,0.01114,0.00702,0.004333,0.002989,0.01277,0.006918,0.1849,0.7411,
0.8872,0.4044,0.01096,0.009159,0.008948,0.01113,0.006937,0.004299,0.002989,0.01281,0.007812,0.1839,0.741,
0.8878,0.4034,0.01105,0.009178,0.008961,0.01112,0.006937,0.004299,0.003058,0.01274,0.007811,0.1839,0.7409,
0.8885,0.4049,0.011,0.009175,0.00896,0.01111,0.006978,0.004247,0.003073,0.01278,0.007724,0.1847,0.7402,
0.8883,0.4046,0.0108,0.009179,0.008961,0.01128,0.006978,0.004266,0.0031,0.01281,0.007618,0.1848,0.7402,
0.8875,0.4065,0.01078,0.009165,0.008975,0.01127,0.006898,0.004223,0.003185,0.01305,0.007294,0.1848,0.7404,
0.8875,0.4052,0.01076,0.009172,0.008986,0.01127,0.006859,0.004208,0.003493,0.01285,0.007161,0.1848,0.7405,
0.8871,0.4026,0.01072,0.009169,0.009004,0.01127,0.00684,0.004222,0.003474,0.01285,0.007109,0.1848,0.7405,
0.8868,0.4084,0.01074,0.009159,0.009018,0.01125,0.006765,0.004213,0.003469,0.01293,0.007108,0.1847,0.7406,
0.8884,0.4166,0.01073,0.009159,0.009028,0.01122,0.006782,0.004196,0.005014,0.01139,0.007107,0.1847,0.7407,
0.8889,0.4122,0.01077,0.009169,0.00903,0.01118,0.006777,0.004194,0.004995,0.01145,0.007176,0.1848,0.7405,
0.8898,0.4104,0.01085,0.009181,0.009037,0.01116,0.006789,0.004175,0.004994,0.01159,0.007229,0.1846,0.7404,
0.8899,0.4111,0.01089,0.009156,0.008973,0.01116,0.006808,0.004134,0.00505,0.01169,0.007218,0.1844,0.7405,
0.8894,0.411,0.01083,0.009164,0.008933,0.0112,0.006808,0.004137,0.00507,0.01174,0.007055,0.1845,0.7405,
0.8888,0.4145,0.01076,0.009181,0.008942,0.01124,0.006742,0.004143,0.005118,0.01168,0.006983,0.1846,0.7406,
0.8934,0.4181,0.01103,0.009173,0.008946,0.01127,0.00665,0.004138,0.005118,0.01176,0.008108,0.1834,0.7404,
0.8938,0.4191,0.01086,0.009162,0.008937,0.01137,0.00657,0.004113,0.00511,0.01196,0.007867,0.1845,0.7395,
0.895,0.4154,0.01099,0.00916,0.008945,0.01136,0.006589,0.004094,0.00511,0.01196,0.008096,0.1843,0.7394,
0.8948,0.4081,0.01098,0.009163,0.008952,0.01136,0.006603,0.004045,0.00511,0.01212,0.007927,0.1843,0.7394,
0.8953,0.4201,0.01093,0.009172,0.008955,0.01141,0.006601,0.004044,0.005109,0.01212,0.007978,0.1845,0.7392,
0.8952,0.4067,0.01113,0.009172,0.008963,0.01134,0.006519,0.004043,0.005131,0.01222,0.007784,0.1846,0.7391,
0.8949,0.4096,0.01107,0.009182,0.008971,0.01138,0.006483,0.004029,0.005112,0.01229,0.007713,0.1846,0.7392,
0.8959,0.4091,0.01122,0.009181,0.008936,0.01136,0.006499,0.004033,0.005111,0.01263,0.00762,0.1843,0.7391,
0.8955,0.4176,0.01121,0.009171,0.008908,0.01128,0.006517,0.004026,0.005099,0.01287,0.007373,0.1845,0.739,
0.8948,0.4063,0.01119,0.009186,0.008912,0.01125,0.006467,0.004021,0.005103,0.01309,0.007107,0.1845,0.7392,
0.8951,0.4044,0.01131,0.00917,0.008883,0.01123,0.006304,0.004056,0.005102,0.01305,0.007318,0.1845,0.7391,
0.8943,0.4026,0.01128,0.009184,0.008867,0.0112,0.006214,0.004053,0.005094,0.01305,0.0073,0.1845,0.7393,
0.894,0.4138,0.01124,0.009196,0.008868,0.01121,0.00618,0.00409,0.005039,0.0131,0.007247,0.1845,0.7393,
0.8954,0.4186,0.01132,0.009183,0.008875,0.01117,0.006197,0.00407,0.005064,0.0131,0.00751,0.1845,0.7391,
0.895,0.4119,0.01125,0.009175,0.008881,0.01119,0.006197,0.004084,0.005027,0.01327,0.007339,0.1845,0.7391,
0.8942,0.3684,0.01123,0.009171,0.008885,0.01118,0.006106,0.004118,0.004974,0.01327,0.007287,0.1845,0.7392,
0.8941,0.3692,0.01121,0.009176,0.008894,0.01118,0.006176,0.004048,0.005018,0.01334,0.007171,0.1845,0.7393,
0.8938,0.3649,0.01125,0.009174,0.008893,0.01118,0.005993,0.00407,0.004971,0.0134,0.007253,0.1845,0.7393,
0.8947,0.3605,0.01133,0.009167,0.008867,0.01118,0.005973,0.004087,0.004948,0.01351,0.007366,0.1844,0.7392,
0.8949,0.3709,0.01137,0.00918,0.008873,0.01116,0.005871,0.004104,0.004926,0.01357,0.007479,0.1842,0.7392,
0.8945,0.3586,0.01133,0.009193,0.008885,0.01118,0.005819,0.004104,0.004896,0.0136,0.007442,0.1842,0.7393,
0.8941,0.3629,0.01129,0.009195,0.008894,0.01115,0.0058,0.004117,0.004945,0.01381,0.007169,0.1843,0.7394,
0.8939,0.3559,0.01128,0.00919,0.008903,0.01111,0.005818,0.004114,0.00493,0.01383,0.00715,0.1843,0.7394,
0.894,0.3587,0.01126,0.009198,0.008879,0.01109,0.005833,0.004097,0.005136,0.01372,0.007053,0.1844,0.7393,
0.8933,0.3575,0.01123,0.009198,0.008878,0.01106,0.005754,0.004153,0.005106,0.0138,0.006951,0.1844,0.7394,
0.8968,0.3585,0.01138,0.009195,0.008835,0.01104,0.005716,0.00417,0.005064,0.01384,0.007977,0.1834,0.7394,
0.8965,0.3642,0.01136,0.009199,0.008843,0.01101,0.005707,0.004186,0.005061,0.01382,0.007973,0.1834,0.7395,
0.8959,0.3642,0.01131,0.009214,0.008843,0.01101,0.005607,0.004186,0.005061,0.01385,0.007942,0.1834,0.7396,
0.8947,0.3637,0.01129,0.009213,0.008809,0.01096,0.005467,0.004159,0.005087,0.01383,0.007942,0.1834,0.7399,
0.8946,0.3614,0.01127,0.009225,0.008819,0.01095,0.005486,0.004159,0.005069,0.01383,0.007942,0.1834,0.7399,
0.8937,0.3641,0.01125,0.009209,0.008834,0.01094,0.005372,0.004137,0.005047,0.01386,0.007908,0.1834,0.74,
0.8933,0.3574,0.01119,0.009211,0.008832,0.01096,0.005372,0.004136,0.005048,0.01408,0.007656,0.1834,0.7401,
0.893,0.359,0.01118,0.009211,0.008846,0.01095,0.005337,0.004157,0.005063,0.01421,0.007472,0.1834,0.7401,
0.8932,0.3622,0.01115,0.009195,0.008853,0.01092,0.005286,0.004148,0.005066,0.01438,0.007214,0.1843,0.7394,
0.8929,0.3737,0.01105,0.009217,0.008855,0.01098,0.005304,0.004187,0.005009,0.01442,0.007143,0.1843,0.7395,
0.8939,0.3705,0.0111,0.009213,0.008875,0.01098,0.005333,0.004156,0.005008,0.01442,0.007297,0.1843,0.7393,
0.895,0.3707,0.0113,0.009204,0.008723,0.01098,0.005298,0.004138,0.005063,0.01446,0.007602,0.1839,0.7393,
0.8952,0.3626,0.01134,0.009192,0.008739,0.01094,0.005312,0.004141,0.005041,0.0148,0.007384,0.1838,0.7393,
0.8983,0.3599,0.01149,0.009193,0.008737,0.011,0.005308,0.004175,0.005031,0.01477,0.007875,0.1838,0.7386,
0.8979,0.3903,0.01148,0.009197,0.008742,0.01102,0.005323,0.007154,0.002064,0.01474,0.008146,0.1836,0.7386,
0.8977,0.3833,0.01144,0.009215,0.00875,0.01102,0.005341,0.007122,0.002076,0.01479,0.008079,0.1836,0.7386,
0.8974,0.3723,0.01131,0.009212,0.008755,0.01111,0.005339,0.00714,0.002057,0.01491,0.007954,0.1836,0.7386,
0.9032,0.434,0.01117,0.009191,0.008753,0.0112,0.005372,0.007119,0.00758,0.009379,0.007931,0.1841,0.7382,
0.9026,0.4238,0.01114,0.009176,0.008773,0.0112,0.005361,0.007082,0.007614,0.009535,0.007678,0.1841,0.7383,
0.9032,0.3891,0.01119,0.009166,0.008785,0.01117,0.005376,0.007082,0.007642,0.009589,0.007723,0.1841,0.7382,
0.9027,0.3993,0.01116,0.009158,0.008793,0.01117,0.005361,0.007043,0.007811,0.009587,0.007518,0.1841,0.7383,
0.9027,0.3925,0.01105,0.009167,0.008798,0.01127,0.005376,0.007027,0.007811,0.009815,0.00729,0.1841,0.7383,
0.9024,0.4069,0.01104,0.009163,0.008809,0.01125,0.005385,0.006995,0.007866,0.009881,0.00717,0.1841,0.7383,
0.9022,0.4037,0.01102,0.009157,0.00882,0.01122,0.005395,0.006997,0.007886,0.009968,0.007046,0.1841,0.7384,
0.9019,0.4041,0.01094,0.009186,0.008828,0.01126,0.005376,0.006981,0.007955,0.01001,0.006905,0.1842,0.7384,
0.9016,0.4031,0.01083,0.009173,0.008804,0.01134,0.005391,0.006988,0.007934,0.01006,0.006858,0.1841,0.7385,
0.9011,0.4063,0.01079,0.009187,0.008809,0.01132,0.005406,0.006964,0.007909,0.01028,0.006619,0.1841,0.7386,
0.8985,0.4586,0.01072,0.009204,0.008819,0.01134,0.009816,0.002565,0.007906,0.01067,0.006193,0.1841,0.7386,
0.8988,0.4151,0.01081,0.009195,0.008831,0.01133,0.009752,0.002537,0.007933,0.01064,0.006307,0.184,0.7386,
0.8982,0.3995,0.01078,0.009197,0.008792,0.01132,0.0097,0.002528,0.007933,0.01064,0.006307,0.184,0.7388,
0.8981,0.3962,0.01076,0.009215,0.008796,0.0113,0.009699,0.002505,0.007947,0.0107,0.00623,0.1841,0.7387,
0.8972,0.3744,0.01068,0.00923,0.008759,0.0113,0.009715,0.002464,0.007962,0.01122,0.0057,0.1841,0.7388,
0.8978,0.3667,0.01072,0.009234,0.008718,0.01131,0.009693,0.002464,0.007981,0.01126,0.005837,0.184,0.7388,
0.8991,0.3709,0.01075,0.009243,0.008713,0.01132,0.009707,0.002463,0.007959,0.01132,0.005966,0.1841,0.7385,
0.8981,0.3659,0.01079,0.009251,0.008641,0.01138,0.0094,0.002462,0.007959,0.01144,0.005918,0.1841,0.7387,
0.8959,0.3643,0.01098,0.009251,0.008638,0.01137,0.008219,0.002372,0.007996,0.01154,0.006414,0.184,0.7393,
0.8947,0.3651,0.01097,0.00924,0.008655,0.01134,0.00805,0.002376,0.008007,0.01152,0.00635,0.184,0.7395,
0.8951,0.3637,0.01111,0.009223,0.008671,0.01133,0.007797,0.002389,0.008048,0.01146,0.006575,0.1839,0.7395,
0.8934,0.3726,0.01105,0.009247,0.008681,0.01133,0.007463,0.002389,0.008063,0.01162,0.006406,0.1839,0.7398,
0.8925,0.3737,0.01101,0.009251,0.008688,0.01133,0.007303,0.002412,0.008021,0.01162,0.006406,0.1839,0.74,
0.8916,0.353,0.01096,0.009268,0.008699,0.01134,0.007172,0.002383,0.008031,0.01166,0.006333,0.1839,0.7402,
0.8911,0.3617,0.01092,0.009266,0.008704,0.01137,0.0071,0.002379,0.008027,0.01178,0.006212,0.1839,0.7403,
0.8903,0.3653,0.01091,0.009256,0.008716,0.01136,0.007011,0.002375,0.008039,0.01176,0.006145,0.184,0.7404,
0.8917,0.3579,0.011,0.009275,0.008726,0.01136,0.006885,0.002364,0.008039,0.01179,0.006579,0.1836,0.7404,
0.8913,0.3583,0.01098,0.009277,0.008722,0.01132,0.006783,0.002363,0.008054,0.01185,0.006494,0.1839,0.7403,
0.8911,0.3514,0.01091,0.00929,0.008723,0.01135,0.006832,0.002314,0.008091,0.01191,0.006393,0.1839,0.7403,
0.8905,0.3641,0.01088,0.009296,0.008736,0.01134,0.006833,0.002242,0.008086,0.01194,0.006357,0.1839,0.7404,
0.8914,0.3598,0.01101,0.009296,0.008747,0.01134,0.006753,0.002233,0.008106,0.01211,0.006399,0.1837,0.7403,
0.8911,0.3545,0.01101,0.009294,0.00875,0.01134,0.006648,0.002255,0.008108,0.01211,0.006361,0.1839,0.7403,
0.8911,0.3601,0.01108,0.00929,0.008761,0.01134,0.006544,0.00226,0.008127,0.01214,0.00637,0.1838,0.7403,
0.8916,0.3556,0.01113,0.009289,0.008772,0.01135,0.006507,0.002242,0.008126,0.01241,0.006285,0.1836,0.7403,
0.891,0.3587,0.01107,0.009304,0.008735,0.01137,0.006433,0.00223,0.008151,0.01259,0.006074,0.1838,0.7402,
0.8918,0.3633,0.01116,0.00931,0.008743,0.01136,0.006495,0.002144,0.008152,0.01266,0.006185,0.1836,0.7402,
0.8935,0.3699,0.01127,0.009317,0.008743,0.01137,0.006493,0.002223,0.008069,0.0128,0.006268,0.1837,0.7398,
0.894,0.4022,0.01122,0.009311,0.008748,0.01144,0.006488,0.007751,0.002522,0.01284,0.006288,0.1837,0.7397,
0.8954,0.3972,0.01132,0.009307,0.008755,0.01147,0.006429,0.007805,0.00246,0.01283,0.006547,0.1837,0.7394,
0.8951,0.3997,0.0113,0.009296,0.008762,0.01144,0.006429,0.007842,0.002489,0.01281,0.006455,0.1837,0.7394,
0.8957,0.3957,0.01135,0.009297,0.008767,0.01144,0.006367,0.007832,0.002507,0.01283,0.006624,0.1835,0.7394,
0.8953,0.3935,0.01129,0.009308,0.008769,0.01144,0.00633,0.00781,0.002534,0.0128,0.006624,0.1835,0.7395,
0.8967,0.391,0.0114,0.009312,0.008771,0.0114,0.00633,0.007831,0.002555,0.01276,0.006956,0.1832,0.7395,
0.8964,0.3934,0.01129,0.009308,0.008777,0.01144,0.006349,0.007813,0.002588,0.01292,0.006763,0.1832,0.7395,
0.898,0.3884,0.0114,0.009295,0.008778,0.01144,0.006346,0.007809,0.002657,0.01293,0.006869,0.1834,0.739,
0.8973,0.3633,0.01135,0.009302,0.008782,0.01138,0.006272,0.007826,0.002663,0.0129,0.006816,0.1837,0.739,
0.8965,0.3792,0.01132,0.009329,0.008683,0.01138,0.006476,0.007589,0.002672,0.01324,0.00646,0.1837,0.7392,
0.8952,0.3753,0.01117,0.009328,0.008636,0.01147,0.00635,0.007577,0.002667,0.01339,0.006303,0.1837,0.7394,
0.8967,0.3892,0.01108,0.009335,0.008642,0.01154,0.006232,0.007577,0.004506,0.01161,0.006201,0.1837,0.7395,
0.8986,0.3758,0.01136,0.00933,0.008646,0.01151,0.006233,0.007595,0.004506,0.01159,0.00644,0.1835,0.7393,
0.8978,0.383,0.01133,0.009336,0.008655,0.01148,0.006129,0.007596,0.004506,0.01173,0.006302,0.1835,0.7394,
0.8994,0.3943,0.01147,0.009338,0.008614,0.01148,0.005965,0.00759,0.00457,0.0118,0.006573,0.1836,0.7391,
0.899,0.3943,0.01142,0.009354,0.008629,0.01146,0.005927,0.007575,0.004585,0.01179,0.006573,0.1836,0.7391,
0.8982,0.3863,0.0114,0.009358,0.008587,0.01144,0.005863,0.007572,0.004609,0.0118,0.006493,0.1836,0.7393,
0.8984,0.3875,0.01151,0.009378,0.008589,0.01142,0.005813,0.007571,0.004588,0.01194,0.006413,0.1835,0.7393,
0.8982,0.3929,0.01143,0.009382,0.008593,0.01146,0.005833,0.007512,0.004621,0.01191,0.006413,0.1835,0.7393,
0.8974,0.3864,0.01135,0.009381,0.008604,0.01147,0.005719,0.007502,0.004639,0.01189,0.006413,0.1836,0.7395,
0.8972,0.3855,0.01134,0.009371,0.00861,0.01145,0.005697,0.007503,0.004711,0.01186,0.00637,0.1836,0.7395,
0.8983,0.4118,0.01131,0.009383,0.008616,0.01143,0.005624,0.007517,0.008742,0.007969,0.006213,0.1836,0.7396,
0.8987,0.4245,0.01138,0.00939,0.008547,0.01142,0.005624,0.007517,0.008768,0.008193,0.006072,0.1836,0.7395,
0.8984,0.3882,0.01136,0.009388,0.008552,0.01141,0.005604,0.007499,0.008768,0.008245,0.00602,0.1836,0.7396,
0.8983,0.3903,0.01115,0.009395,0.008548,0.0116,0.005604,0.00751,0.008829,0.008212,0.00598,0.1836,0.7396,
0.898,0.4028,0.01114,0.009385,0.008563,0.01158,0.005625,0.00746,0.008815,0.008324,0.005867,0.1836,0.7396,
0.8976,0.3955,0.01113,0.009391,0.008573,0.01155,0.005599,0.00746,0.008796,0.008428,0.005763,0.1836,0.7397,
0.8981,0.3951,0.01121,0.00939,0.008579,0.01153,0.005599,0.00746,0.008823,0.008523,0.005722,0.1835,0.7396,
0.8976,0.397,0.01112,0.009382,0.008585,0.01158,0.005562,0.007414,0.008857,0.008512,0.005699,0.1836,0.7397,
0.898,0.4205,0.01119,0.009389,0.008591,0.01155,0.005581,0.007425,0.008827,0.008512,0.005736,0.1836,0.7396,
0.8965,0.4024,0.01115,0.009387,0.008577,0.01156,0.00875,0.00412,0.008862,0.008613,0.0056,0.1836,0.7398,
0.8966,0.4297,0.01113,0.009395,0.008588,0.01156,0.008709,0.008368,0.004624,0.008637,0.005561,0.1836,0.7398,
0.8964,0.4245,0.01111,0.009414,0.008593,0.01153,0.008711,0.008365,0.004609,0.008667,0.005523,0.1836,0.7399,
0.8947,0.4038,0.01108,0.009385,0.008585,0.01148,0.009394,0.007438,0.004638,0.008638,0.005523,0.1836,0.7402,
0.8944,0.4107,0.01107,0.009387,0.00859,0.01148,0.009449,0.007384,0.004638,0.008838,0.00527,0.1837,0.7402,
0.894,0.3827,0.01096,0.00939,0.008595,0.01155,0.009448,0.007347,0.004714,0.008752,0.00527,0.1836,0.7403,
0.8942,0.3639,0.01097,0.009393,0.008605,0.01157,0.009211,0.007386,0.004675,0.008789,0.005531,0.1833,0.7405,
0.8924,0.3578,0.01094,0.0094,0.008612,0.01152,0.008913,0.007362,0.004672,0.008859,0.005453,0.1834,0.7409,
0.8924,0.3591,0.01102,0.009401,0.008547,0.0115,0.008635,0.007363,0.004709,0.008936,0.00571,0.183,0.7412,
0.8875,0.3648,0.01098,0.009395,0.008473,0.01149,0.007549,0.00734,0.004706,0.009024,0.005598,0.1835,0.7419,
0.8861,0.3776,0.01087,0.00942,0.008479,0.01154,0.007339,0.007377,0.004694,0.009064,0.005465,0.1836,0.7421,
0.8857,0.3863,0.01085,0.009414,0.008494,0.01149,0.00734,0.007377,0.004747,0.009042,0.005395,0.1836,0.7423,
0.8843,0.3775,0.01078,0.00941,0.008506,0.01156,0.007089,0.00739,0.004752,0.009134,0.005259,0.1836,0.7425,
0.8838,0.374,0.01076,0.009423,0.008511,0.01149,0.007089,0.007417,0.004724,0.009309,0.005034,0.1836,0.7426,
0.8833,0.3763,0.0108,0.009427,0.008526,0.01149,0.006865,0.007439,0.004759,0.009358,0.00502,0.1836,0.7428,
0.8825,0.3766,0.01077,0.009432,0.008534,0.01147,0.006786,0.007396,0.004759,0.009431,0.004947,0.1836,0.7429,
0.8826,0.376,0.01079,0.009444,0.008541,0.01152,0.006691,0.007396,0.004748,0.009431,0.005002,0.1835,0.7429,
0.8821,0.3859,0.01076,0.009457,0.008546,0.01145,0.006656,0.007396,0.004759,0.0094,0.005002,0.1836,0.743,
0.8812,0.3771,0.01068,0.009469,0.008554,0.01144,0.006638,0.007409,0.00474,0.009488,0.004785,0.1837,0.7431,
0.8797,0.3756,0.01067,0.009474,0.008561,0.01144,0.006366,0.007423,0.004755,0.009494,0.004707,0.1838,0.7434,
0.8785,0.3798,0.01065,0.009486,0.008574,0.01144,0.006172,0.007419,0.00475,0.009637,0.004517,0.1838,0.7436,
0.8781,0.3773,0.0106,0.009525,0.008585,0.01144,0.006144,0.007402,0.004732,0.009675,0.004479,0.1838,0.7436,
0.877,0.39,0.0105,0.009543,0.008593,0.01149,0.005992,0.007407,0.004711,0.009709,0.004447,0.1837,0.744,
0.8763,0.3819,0.01046,0.009544,0.008547,0.01145,0.006011,0.007388,0.004711,0.009952,0.004205,0.1837,0.7441,
0.8755,0.3891,0.01033,0.009543,0.008558,0.01155,0.005925,0.007348,0.004691,0.009953,0.004205,0.1837,0.7442,
0.8735,0.4133,0.01041,0.009515,0.008524,0.01154,0.01048,0.002755,0.004753,0.00991,0.004288,0.1836,0.7442,
0.8729,0.3922,0.01029,0.009513,0.008533,0.01158,0.01044,0.002791,0.004711,0.00991,0.004258,0.1836,0.7444,
0.8735,0.3928,0.01047,0.00951,0.008547,0.01156,0.01038,0.002806,0.004714,0.01006,0.004125,0.1837,0.7442,
0.8723,0.3892,0.01046,0.009497,0.00856,0.01149,0.01021,0.002806,0.004729,0.0102,0.003967,0.1837,0.7444,
0.872,0.3922,0.0104,0.009477,0.008575,0.01149,0.01022,0.002828,0.004692,0.01023,0.003933,0.1837,0.7444,
0.8715,0.382,0.01036,0.009472,0.008592,0.01148,0.01021,0.002872,0.004637,0.01033,0.0038,0.1837,0.7445,
0.8661,0.3852,0.01034,0.009456,0.008599,0.01147,0.009129,0.002891,0.004608,0.01033,0.003712,0.1837,0.7457,
0.8661,0.3835,0.01038,0.009465,0.008609,0.01141,0.008896,0.002895,0.004604,0.01031,0.003987,0.1835,0.746,
0.8649,0.3921,0.01037,0.009447,0.008628,0.01136,0.008708,0.002883,0.004589,0.01031,0.003987,0.1835,0.7462,
0.8632,0.387,0.01036,0.009445,0.008639,0.01132,0.008414,0.002868,0.004582,0.01038,0.003904,0.1835,0.7466,
0.8622,0.392,0.01033,0.009451,0.00865,0.01128,0.008268,0.002851,0.004583,0.01041,0.003873,0.1835,0.7468,
0.8616,0.3907,0.01029,0.009457,0.008653,0.01123,0.008152,0.0029,0.004542,0.01042,0.003832,0.1837,0.7468,
0.8626,0.3897,0.01039,0.009462,0.008658,0.01121,0.008018,0.002938,0.004501,0.01042,0.004079,0.1837,0.7466,
0.862,0.3929,0.01035,0.009493,0.008664,0.01116,0.007944,0.00296,0.00446,0.01042,0.004078,0.1837,0.7468,
0.8615,0.394,0.01034,0.009464,0.008674,0.01116,0.00786,0.00296,0.004478,0.0104,0.004078,0.1837,0.7469,
0.8605,0.4039,0.01032,0.009458,0.008684,0.01113,0.007744,0.002934,0.004497,0.01052,0.003941,0.1837,0.747,
0.8599,0.4253,0.0103,0.00945,0.008696,0.01114,0.007748,0.004486,0.002914,0.01067,0.00372,0.1838,0.7471,
0.8592,0.4241,0.01021,0.009444,0.008709,0.01121,0.00768,0.004444,0.002914,0.01071,0.003678,0.1837,0.7473,
0.8583,0.4345,0.0102,0.009435,0.008672,0.01121,0.007605,0.004461,0.00297,0.01092,0.003388,0.1837,0.7474,
0.8569,0.4337,0.0101,0.009403,0.008647,0.01129,0.00745,0.00449,0.002937,0.01106,0.003206,0.1838,0.7476,
0.8564,0.4364,0.01009,0.009394,0.008662,0.01128,0.0074,0.004487,0.002933,0.01105,0.00316,0.1839,0.7477,
0.8559,0.4308,0.01014,0.009404,0.008666,0.01131,0.007177,0.0045,0.002894,0.01105,0.003261,0.1837,0.7479,
0.8558,0.4307,0.0101,0.009411,0.008672,0.01133,0.007174,0.004505,0.002946,0.01098,0.003261,0.1837,0.748,
0.855,0.4222,0.01008,0.009403,0.008678,0.0113,0.007049,0.004503,0.00298,0.01094,0.003256,0.1837,0.7481,
0.8547,0.4162,0.01005,0.009404,0.008688,0.01129,0.007049,0.004533,0.00295,0.01095,0.003191,0.1837,0.7482,
0.8542,0.4266,0.01002,0.0094,0.0087,0.01129,0.006945,0.004536,0.00295,0.01094,0.003191,0.1838,0.7482,
0.8534,0.4139,0.009989,0.009413,0.008715,0.01124,0.006828,0.004576,0.002948,0.01089,0.003191,0.1838,0.7484,
0.852,0.4171,0.009978,0.009413,0.008725,0.01123,0.006602,0.004558,0.002985,0.01091,0.003087,0.1838,0.7487,
0.8508,0.4226,0.009944,0.009435,0.008728,0.0112,0.006575,0.005207,0.002273,0.01093,0.003059,0.1838,0.7488,
0.8521,0.4247,0.009914,0.009437,0.00873,0.01123,0.006547,0.005204,0.002269,0.01097,0.003408,0.1834,0.7489,
0.853,0.4254,0.009883,0.009432,0.008736,0.01137,0.006519,0.005188,0.002272,0.01098,0.003435,0.1837,0.7485,
0.8536,0.4262,0.009928,0.009432,0.008745,0.01136,0.006501,0.005231,0.002288,0.01092,0.003544,0.1836,0.7485,
0.8533,0.4319,0.009958,0.009413,0.008751,0.01136,0.006416,0.005231,0.002288,0.01096,0.00348,0.1838,0.7484,
0.8534,0.4277,0.009945,0.009419,0.008758,0.01136,0.006449,0.005198,0.002331,0.01091,0.00348,0.1838,0.7484,
0.8534,0.4313,0.009921,0.009439,0.008762,0.01136,0.006482,0.005164,0.002355,0.01091,0.003454,0.1838,0.7484,
0.8523,0.436,0.009737,0.009424,0.008775,0.0115,0.006326,0.00516,0.002355,0.011,0.00337,0.1837,0.7486,
0.8517,0.4335,0.009724,0.00943,0.008779,0.01146,0.006334,0.005111,0.002355,0.01113,0.003241,0.1838,0.7487,
0.8528,0.432,0.009739,0.00943,0.008784,0.01147,0.006318,0.005125,0.002331,0.01113,0.003445,0.1837,0.7485,
0.8519,0.4377,0.009637,0.009433,0.008795,0.01151,0.007119,0.004292,0.002307,0.01109,0.003444,0.1837,0.7486,
0.8528,0.4474,0.009789,0.009437,0.008759,0.01149,0.00713,0.004473,0.002298,0.01091,0.003507,0.1837,0.7485,
0.858,0.4477,0.01004,0.009435,0.008765,0.01148,0.007158,0.004478,0.003628,0.009578,0.004142,0.1831,0.7482,
0.8582,0.4321,0.01002,0.009442,0.008763,0.01147,0.007135,0.004471,0.003656,0.009606,0.004009,0.1836,0.7478,
0.8594,0.4515,0.01018,0.009447,0.00877,0.01147,0.007144,0.004439,0.003675,0.009588,0.004167,0.1835,0.7477,
0.8586,0.4409,0.01009,0.009448,0.008783,0.01152,0.008219,0.003364,0.003693,0.00957,0.004167,0.1835,0.7477,
0.858,0.4464,0.01008,0.009458,0.00879,0.01149,0.008184,0.003377,0.003645,0.009664,0.004055,0.1835,0.7478,
0.8594,0.4288,0.0101,0.00945,0.008796,0.01147,0.00854,0.003037,0.003668,0.009695,0.004446,0.183,0.7478,
0.8585,0.4276,0.01005,0.009446,0.008804,0.01145,0.00841,0.003051,0.003714,0.009622,0.004446,0.183,0.748,
0.8582,0.4258,0.01002,0.009434,0.008816,0.01143,0.008528,0.002958,0.003763,0.009588,0.004382,0.183,0.748,
0.8564,0.4289,0.01006,0.00944,0.008826,0.01138,0.007975,0.00295,0.003845,0.009506,0.004567,0.1829,0.7486,
0.8561,0.4337,0.01003,0.009447,0.008829,0.01139,0.007944,0.002933,0.003845,0.009524,0.004531,0.1829,0.7486,
0.8556,0.4151,0.01001,0.009462,0.008836,0.01138,0.007862,0.00295,0.003848,0.009481,0.004531,0.1829,0.7488,
0.853,0.4277,0.009984,0.00946,0.008835,0.01134,0.007242,0.002902,0.003875,0.009478,0.004494,0.1835,0.7489,
0.8528,0.4254,0.009944,0.009477,0.008843,0.01132,0.007223,0.002916,0.003857,0.009478,0.004493,0.1835,0.7489,
0.8521,0.4213,0.009923,0.009474,0.008851,0.01131,0.007208,0.002832,0.003849,0.009478,0.004493,0.1836,0.749,
0.8519,0.4234,0.00989,0.009498,0.008824,0.01129,0.007254,0.002801,0.003867,0.009445,0.004493,0.1836,0.7491,
0.8515,0.425,0.009868,0.009486,0.008829,0.01129,0.007213,0.002777,0.00391,0.009403,0.004493,0.1836,0.7492,
