entropy,entropyInd,RabA,RabB,RabC,RabD,RabE,RabF,RabG,RabH,RabI,xER,xPM,
0.8684,0.4196,0.0113,0.008895,0.009409,0.01005,0.007531,0.004842,0.003547,0.005856,0.008246,0.1865,0.7438,
0.8695,0.4266,0.01115,0.008892,0.009406,0.01004,0.007525,0.00484,0.003546,0.005854,0.008684,0.1864,0.7437,
0.8702,0.3846,0.0111,0.008873,0.009399,0.01002,0.007473,0.004837,0.003543,0.00585,0.00892,0.1867,0.7433,
0.8694,0.3881,0.01092,0.008862,0.0094,0.01,0.007423,0.004837,0.003543,0.005849,0.008998,0.1866,0.7435,
0.8684,0.3878,0.01075,0.008861,0.009399,0.01,0.007366,0.004837,0.003543,0.005849,0.008998,0.1866,0.7438,
0.8685,0.3808,0.01063,0.00881,0.009391,0.009976,0.00736,0.004835,0.003542,0.005847,0.009231,0.1867,0.7437,
0.8677,0.3814,0.01048,0.00881,0.009392,0.009932,0.00736,0.004835,0.003542,0.005847,0.009231,0.1867,0.7439,
0.8673,0.3956,0.01045,0.008803,0.009392,0.009877,0.007359,0.004835,0.003542,0.005847,0.009232,0.1867,0.744,
0.8666,0.3943,0.01033,0.008787,0.009388,0.009849,0.007357,0.004834,0.003541,0.005846,0.009231,0.1867,0.7442,
0.8641,0.3845,0.009866,0.008774,0.009372,0.009746,0.007357,0.004834,0.00354,0.005846,0.009232,0.1867,0.7447,
0.8623,0.3821,0.009657,0.008773,0.009371,0.009696,0.007216,0.004814,0.003531,0.005845,0.009277,0.1867,0.7451,
0.86,0.3832,0.009102,0.008724,0.009371,0.009695,0.007042,0.004808,0.003531,0.005845,0.00968,0.1863,0.7459,
0.8601,0.3782,0.009136,0.008725,0.009372,0.00965,0.007009,0.0048,0.003526,0.005845,0.009819,0.1861,0.746,
0.8627,0.377,0.009325,0.00872,0.009366,0.009617,0.006914,0.004792,0.003524,0.005841,0.01042,0.186,0.7455,
0.8642,0.3791,0.009314,0.008707,0.009358,0.009567,0.006895,0.004786,0.003517,0.005838,0.01089,0.1861,0.7451,
0.8628,0.3585,0.008999,0.008698,0.009354,0.009458,0.006892,0.004784,0.003516,0.005835,0.01089,0.1864,0.7451,
0.8619,0.3593,0.008781,0.008697,0.009353,0.009457,0.006829,0.004783,0.003515,0.005834,0.01099,0.1864,0.7453,
0.8624,0.3579,0.008722,0.008668,0.009353,0.009457,0.006829,0.004783,0.003515,0.005834,0.01129,0.1861,0.7454,
0.8601,0.3577,0.008512,0.008636,0.009244,0.009442,0.006725,0.004771,0.003506,0.005835,0.01129,0.1861,0.7459,
0.8606,0.3572,0.00852,0.008613,0.009244,0.009442,0.006702,0.004771,0.003506,0.005835,0.01152,0.1859,0.7459,
0.8598,0.3552,0.008304,0.008586,0.009238,0.009397,0.006698,0.004769,0.003504,0.005831,0.01151,0.1863,0.7458,
0.8597,0.3539,0.008304,0.008586,0.009238,0.009367,0.006698,0.004769,0.003504,0.005831,0.01151,0.1863,0.7458,
0.8593,0.355,0.008232,0.008561,0.00919,0.009336,0.006641,0.004768,0.003504,0.005831,0.01174,0.1861,0.7461,
0.8609,0.3496,0.008393,0.008558,0.009187,0.009305,0.006573,0.004763,0.003498,0.005829,0.01215,0.186,0.7458,
0.8601,0.3495,0.00838,0.008555,0.009187,0.009264,0.006466,0.004756,0.00349,0.005823,0.01215,0.186,0.7459,
0.859,0.3491,0.008195,0.008535,0.009187,0.009233,0.006466,0.004756,0.00349,0.005823,0.01215,0.186,0.7462,
0.8582,0.3456,0.008195,0.008535,0.009188,0.009219,0.006311,0.004752,0.00349,0.005823,0.01215,0.186,0.7463,
0.8603,0.339,0.008391,0.008524,0.009135,0.009195,0.006272,0.004749,0.003488,0.00582,0.01257,0.186,0.7458,
0.8596,0.3431,0.008351,0.008522,0.009133,0.009194,0.006161,0.004742,0.00348,0.00581,0.01257,0.1862,0.7458,
0.8596,0.3342,0.008219,0.008523,0.009133,0.009179,0.006146,0.004739,0.003476,0.00581,0.01284,0.1859,0.746,
0.8579,0.3403,0.008106,0.008526,0.009134,0.009097,0.00598,0.004734,0.00347,0.00581,0.01284,0.1859,0.7464,
0.8584,0.3568,0.007962,0.00852,0.009138,0.009159,0.005951,0.004746,0.003525,0.006424,0.01221,0.1862,0.7462,
0.8565,0.3514,0.007812,0.008522,0.009146,0.009109,0.007372,0.003289,0.003509,0.006557,0.01204,0.1862,0.7465,
0.8596,0.3461,0.008015,0.00851,0.009117,0.009044,0.007406,0.003249,0.003507,0.006805,0.01252,0.1859,0.746,
0.8589,0.3447,0.007952,0.00851,0.009087,0.009067,0.007384,0.003248,0.003452,0.006898,0.01242,0.1859,0.7461,
0.8573,0.3597,0.007776,0.008517,0.009089,0.009029,0.007267,0.003256,0.003433,0.007227,0.01202,0.1859,0.7465,
0.8586,0.3572,0.007913,0.008503,0.009096,0.009015,0.007283,0.003274,0.003514,0.007376,0.01194,0.1857,0.7463,
0.8589,0.3573,0.00787,0.008504,0.0091,0.009002,0.00732,0.003236,0.003514,0.007747,0.01172,0.1856,0.7464,
0.8598,0.3554,0.007899,0.008501,0.00911,0.008994,0.00732,0.003236,0.003514,0.007977,0.01171,0.1854,0.7464,
0.8616,0.3501,0.007957,0.008482,0.009073,0.008983,0.007229,0.003191,0.003509,0.008278,0.01182,0.1859,0.7456,
0.859,0.3527,0.007927,0.008485,0.009081,0.009002,0.00665,0.003179,0.003553,0.008745,0.01131,0.1859,0.7462,
0.8588,0.3554,0.007889,0.008488,0.009095,0.009008,0.006612,0.003179,0.003553,0.009035,0.01102,0.1859,0.7462,
0.858,0.3618,0.00752,0.00849,0.009079,0.009084,0.006512,0.003179,0.003571,0.009181,0.01122,0.1856,0.7466,
0.8572,0.3572,0.007509,0.008487,0.009084,0.009081,0.006324,0.003177,0.00355,0.009227,0.01114,0.1858,0.7466,
0.8568,0.3552,0.007429,0.008488,0.009093,0.009068,0.006333,0.003145,0.003569,0.009415,0.01094,0.1859,0.7467,
0.8553,0.3613,0.007178,0.008468,0.009101,0.009084,0.006277,0.003159,0.00355,0.00956,0.01079,0.1859,0.747,
0.8549,0.362,0.007189,0.008453,0.009114,0.009088,0.006033,0.003178,0.003513,0.01001,0.01058,0.1856,0.7472,
0.8544,0.3579,0.007088,0.008459,0.009119,0.009074,0.006047,0.003163,0.003513,0.0102,0.0104,0.1856,0.7473,
0.8539,0.3593,0.007087,0.008448,0.009131,0.009027,0.006011,0.003144,0.003531,0.01049,0.01008,0.1856,0.7474,
0.8534,0.3637,0.007026,0.008446,0.009139,0.009016,0.006043,0.003075,0.003531,0.01057,0.01,0.1856,0.7475,
0.8532,0.3645,0.007013,0.008442,0.009143,0.008977,0.006046,0.003049,0.003505,0.01063,0.009936,0.1858,0.7474,
0.8527,0.3696,0.006968,0.008437,0.00915,0.008982,0.006003,0.003049,0.003505,0.01091,0.009646,0.1859,0.7475,
0.8538,0.3836,0.007072,0.008422,0.009155,0.009028,0.00598,0.003085,0.003468,0.01097,0.009767,0.1857,0.7474,
0.8526,0.3694,0.007061,0.008419,0.009164,0.009012,0.005915,0.004784,0.00177,0.01114,0.009526,0.1859,0.7473,
0.8522,0.3729,0.007026,0.008411,0.009175,0.009018,0.005866,0.004784,0.00177,0.0112,0.009473,0.1858,0.7474,
0.8522,0.3836,0.007055,0.008409,0.009145,0.008996,0.005866,0.004802,0.001751,0.01141,0.009318,0.1858,0.7475,
0.8527,0.3764,0.007172,0.00842,0.00914,0.008924,0.005834,0.004829,0.001713,0.01143,0.009458,0.1857,0.7474,
0.8524,0.3704,0.007155,0.008425,0.009128,0.00891,0.005835,0.004859,0.001682,0.01154,0.009294,0.1857,0.7475,
0.8523,0.3718,0.006806,0.008411,0.009139,0.00902,0.005854,0.004816,0.001708,0.01177,0.00929,0.1858,0.7474,
0.8518,0.3777,0.006789,0.008409,0.009143,0.00902,0.005805,0.004841,0.001682,0.0119,0.009122,0.1858,0.7475,
0.8514,0.3802,0.006687,0.008387,0.00915,0.009078,0.005863,0.004795,0.00167,0.012,0.00903,0.1858,0.7475,
0.8513,0.3763,0.00662,0.008376,0.009161,0.009114,0.005863,0.004836,0.001648,0.012,0.009011,0.1858,0.7476,
0.8531,0.3895,0.006754,0.008361,0.009118,0.009081,0.006546,0.004142,0.001622,0.01203,0.009642,0.1852,0.7475,
0.8545,0.3637,0.006895,0.008352,0.009126,0.00909,0.006541,0.004116,0.001621,0.0121,0.009624,0.1856,0.7469,
0.8553,0.3641,0.006952,0.008357,0.009135,0.009068,0.006556,0.0041,0.00162,0.01316,0.008852,0.1854,0.7468,
0.8553,0.3795,0.006906,0.008347,0.009147,0.009087,0.00653,0.00408,0.001669,0.01325,0.00871,0.1856,0.7466,
0.8546,0.3621,0.006895,0.008347,0.009158,0.009072,0.006474,0.004063,0.001684,0.01339,0.008484,0.1857,0.7467,
0.8539,0.368,0.006888,0.008349,0.009165,0.009073,0.007164,0.00335,0.001684,0.01366,0.008215,0.1857,0.7468,
0.8529,0.363,0.006788,0.008345,0.009171,0.009059,0.007113,0.003327,0.001666,0.01377,0.008107,0.1857,0.747,
0.8531,0.3735,0.006799,0.008338,0.009142,0.009058,0.007113,0.003327,0.001666,0.01392,0.00805,0.1856,0.7469,
0.8529,0.3658,0.00677,0.008337,0.009153,0.009077,0.007127,0.003401,0.001576,0.01402,0.007955,0.1856,0.7469,
0.854,0.3659,0.006783,0.008342,0.009159,0.009072,0.007126,0.003415,0.001664,0.014,0.008057,0.1856,0.7468,
0.8539,0.3618,0.00677,0.008341,0.009172,0.009046,0.007126,0.003415,0.001682,0.01398,0.008057,0.1856,0.7468,
0.8538,0.3643,0.00676,0.00834,0.009183,0.009032,0.007141,0.0034,0.001682,0.01408,0.007956,0.1856,0.7468,
0.8531,0.3763,0.006656,0.008332,0.009188,0.009,0.007141,0.003418,0.001697,0.01412,0.007886,0.1856,0.7469,
0.8542,0.3697,0.006696,0.008324,0.009188,0.009068,0.007087,0.003438,0.001695,0.01426,0.008005,0.1854,0.7469,
0.8535,0.3752,0.006617,0.008308,0.009194,0.00904,0.007045,0.003438,0.001848,0.01429,0.007782,0.1854,0.747,
0.8542,0.3726,0.006656,0.008318,0.0092,0.009081,0.006975,0.00337,0.001875,0.01446,0.007918,0.1851,0.7471,
0.8552,0.352,0.006637,0.008312,0.009206,0.009075,0.006998,0.00333,0.001923,0.01445,0.008049,0.1853,0.7467,
0.8545,0.3565,0.006625,0.008312,0.009213,0.009051,0.006951,0.003311,0.001954,0.01459,0.007831,0.1854,0.7468,
0.854,0.3562,0.006622,0.008314,0.009191,0.009037,0.006972,0.003278,0.001951,0.01478,0.007589,0.1854,0.7469,
0.8554,0.3609,0.006699,0.00831,0.009202,0.009021,0.006991,0.003278,0.001932,0.01483,0.007883,0.1851,0.7468,
0.8549,0.3541,0.006694,0.008308,0.00921,0.008999,0.006967,0.003291,0.001972,0.0149,0.007671,0.1851,0.7468,
0.8538,0.3558,0.00668,0.008302,0.009126,0.008961,0.006888,0.003306,0.001975,0.01505,0.007507,0.1852,0.7471,
0.8531,0.3608,0.006634,0.008299,0.009138,0.008927,0.00682,0.003305,0.002008,0.01508,0.007406,0.1852,0.7472,
0.8525,0.3602,0.006589,0.008292,0.009145,0.008957,0.006758,0.003324,0.002027,0.01527,0.00714,0.1852,0.7473,
0.8525,0.3612,0.006579,0.008285,0.009151,0.008943,0.00666,0.003318,0.002177,0.01524,0.007014,0.1855,0.7471,
0.8502,0.3668,0.006196,0.008277,0.009163,0.008943,0.006573,0.003337,0.002185,0.01525,0.006967,0.1855,0.7476,
0.8499,0.3678,0.006155,0.008278,0.00917,0.008961,0.006576,0.003272,0.002215,0.01526,0.006929,0.1855,0.7476,
0.8481,0.3748,0.00609,0.008263,0.009175,0.008953,0.007867,0.00198,0.00223,0.01534,0.006839,0.1855,0.7477,
0.846,0.3606,0.006081,0.008264,0.009183,0.008941,0.007622,0.001828,0.002244,0.01539,0.006769,0.1856,0.7481,
0.8464,0.365,0.006135,0.008259,0.009192,0.008941,0.007608,0.001876,0.002204,0.01543,0.006806,0.1855,0.7481,
0.8463,0.3626,0.006128,0.008253,0.009205,0.008941,0.007594,0.001891,0.0022,0.01545,0.006766,0.1855,0.7481,
0.8459,0.3623,0.006126,0.008245,0.009216,0.008941,0.007612,0.001905,0.002168,0.01573,0.006422,0.1855,0.7481,
0.8453,0.382,0.006113,0.008245,0.009228,0.00894,0.007597,0.001875,0.0022,0.01604,0.006059,0.1855,0.7482,
0.8445,0.3874,0.006109,0.008241,0.009234,0.008912,0.007473,0.001875,0.002218,0.01612,0.005962,0.1856,0.7483,
0.8415,0.3613,0.0061,0.008236,0.009238,0.008897,0.006884,0.001867,0.002238,0.01619,0.005847,0.1856,0.7489,
0.8402,0.369,0.00609,0.00821,0.009221,0.008884,0.006652,0.001885,0.002265,0.01615,0.005847,0.1856,0.7492,
0.8401,0.3676,0.006119,0.008204,0.00922,0.008883,0.006598,0.001885,0.002265,0.01617,0.005856,0.1856,0.7492,
0.8394,0.3889,0.006072,0.008203,0.009229,0.008878,0.006533,0.001865,0.00229,0.01629,0.005706,0.1856,0.7494,
0.8391,0.3847,0.006061,0.00821,0.00923,0.008853,0.006495,0.001858,0.00229,0.01629,0.005706,0.1856,0.7494,
0.8386,0.3558,0.006021,0.00821,0.009235,0.008853,0.006504,0.00181,0.002317,0.01633,0.005644,0.1856,0.7495,
0.838,0.3576,0.006015,0.008206,0.009244,0.00884,0.006441,0.00178,0.00232,0.01638,0.005579,0.1856,0.7496,
0.8375,0.3787,0.005955,0.008194,0.009257,0.008812,0.006401,0.00178,0.002382,0.01632,0.005579,0.1856,0.7497,
0.8371,0.3646,0.005931,0.008188,0.009257,0.008827,0.006306,0.001761,0.002497,0.01622,0.005559,0.1856,0.7499,
0.8376,0.3602,0.006043,0.008181,0.009236,0.008821,0.006274,0.001793,0.002469,0.01634,0.005556,0.1855,0.7498,
0.8369,0.3674,0.006035,0.008185,0.00924,0.008792,0.006232,0.001813,0.002552,0.01649,0.005223,0.1855,0.7499,
0.8375,0.364,0.006039,0.008182,0.009248,0.008811,0.006231,0.001767,0.002552,0.01668,0.005295,0.1853,0.7499,
0.837,0.3796,0.006025,0.008186,0.009254,0.008809,0.006175,0.001781,0.002549,0.01682,0.005066,0.1855,0.7498,
0.8378,0.3642,0.006096,0.008167,0.009273,0.008835,0.006175,0.001796,0.002558,0.01693,0.005055,0.1854,0.7497,
0.8385,0.3661,0.006186,0.008175,0.009275,0.008836,0.006194,0.001778,0.002558,0.01693,0.005122,0.1854,0.7496,
0.8384,0.3659,0.006177,0.008168,0.009282,0.008823,0.006207,0.001762,0.002557,0.01709,0.004957,0.1855,0.7495,
0.8373,0.3682,0.005936,0.008157,0.009261,0.008869,0.006203,0.001802,0.002547,0.01704,0.004957,0.1855,0.7497,
0.8366,0.3703,0.005881,0.008154,0.009274,0.008885,0.006185,0.00183,0.002532,0.01727,0.00467,0.1856,0.7497,
0.8362,0.3731,0.005857,0.008157,0.009282,0.008887,0.006174,0.001799,0.002588,0.01734,0.004543,0.1855,0.7498,
0.8396,0.4018,0.005792,0.008152,0.009232,0.008947,0.006174,0.001799,0.005299,0.01477,0.004405,0.1855,0.7499,
0.8399,0.4112,0.005856,0.008149,0.009241,0.008947,0.006151,0.001848,0.005369,0.01465,0.00439,0.1855,0.7499,
0.8395,0.4159,0.005829,0.008149,0.009252,0.008949,0.006368,0.001632,0.005384,0.01466,0.004359,0.1855,0.7499,
0.8392,0.4149,0.005806,0.008137,0.00926,0.008916,0.006378,0.001654,0.005353,0.01474,0.004282,0.1856,0.7499,
0.841,0.4182,0.005855,0.008127,0.009275,0.008916,0.006396,0.001691,0.005298,0.01479,0.004661,0.1851,0.7499,
0.8415,0.4168,0.005851,0.008121,0.009285,0.008901,0.006373,0.002397,0.00464,0.01474,0.004661,0.1851,0.7499,
0.8419,0.4945,0.005788,0.008114,0.009252,0.008869,0.006335,0.00245,0.01356,0.00589,0.004534,0.1851,0.7501,
0.8431,0.4022,0.005869,0.00811,0.009258,0.008855,0.006507,0.002344,0.01355,0.005834,0.00479,0.1849,0.75,
0.8428,0.4039,0.005867,0.008099,0.009269,0.008814,0.006484,0.002344,0.01355,0.005888,0.004734,0.1849,0.75,
0.8436,0.4079,0.005785,0.008082,0.009192,0.008888,0.006459,0.002337,0.01357,0.005982,0.004774,0.1854,0.7495,
0.8438,0.4154,0.00576,0.008074,0.009097,0.008931,0.006414,0.002352,0.01355,0.005982,0.004984,0.1852,0.7496,
0.8435,0.4212,0.005721,0.008022,0.009109,0.008952,0.00643,0.002349,0.01356,0.006114,0.004833,0.1852,0.7497,
0.8428,0.4315,0.005715,0.008003,0.009061,0.008952,0.006341,0.00239,0.01352,0.006207,0.00474,0.1852,0.7498,
0.842,0.427,0.0057,0.007983,0.009056,0.008938,0.006279,0.002376,0.01352,0.006337,0.004584,0.1852,0.75,
0.8422,0.4133,0.00575,0.007977,0.008999,0.008925,0.006175,0.002384,0.01351,0.006371,0.00477,0.185,0.7501,
0.8433,0.3967,0.00575,0.007973,0.008951,0.008899,0.006127,0.002431,0.01349,0.006503,0.005062,0.1846,0.7502,
0.8464,0.395,0.005858,0.007965,0.00895,0.008903,0.006152,0.002415,0.01349,0.00648,0.005466,0.185,0.7493,
0.8464,0.4038,0.005835,0.007972,0.008954,0.008852,0.006151,0.002458,0.01344,0.006478,0.005464,0.1852,0.7492,
0.846,0.3993,0.005818,0.007965,0.008914,0.008845,0.006228,0.002381,0.01346,0.006487,0.005437,0.1852,0.7492,
0.8454,0.3985,0.005755,0.007954,0.008928,0.008845,0.006228,0.002381,0.01348,0.006578,0.005256,0.1853,0.7493,
0.8454,0.3923,0.005714,0.007951,0.008943,0.008875,0.006228,0.002401,0.01348,0.006559,0.005256,0.1853,0.7493,
0.8462,0.3969,0.005792,0.007944,0.008954,0.008875,0.006152,0.002394,0.0135,0.006579,0.005443,0.1851,0.7493,
0.8485,0.4257,0.005797,0.007921,0.008945,0.008865,0.006128,0.004244,0.01165,0.00665,0.005414,0.185,0.7494,
0.8484,0.4485,0.00579,0.007923,0.00895,0.008851,0.006143,0.004244,0.01163,0.006769,0.005295,0.185,0.7494,
0.8483,0.4329,0.005775,0.007915,0.008952,0.008849,0.006098,0.004255,0.01167,0.006715,0.005294,0.1852,0.7493,
0.8481,0.4231,0.005749,0.007916,0.00891,0.008866,0.00611,0.004263,0.01171,0.006686,0.00526,0.1852,0.7493,
0.8469,0.4203,0.005589,0.00791,0.00891,0.008846,0.006106,0.004229,0.01174,0.006689,0.005232,0.1852,0.7495,
0.8458,0.4216,0.005411,0.00791,0.008919,0.008846,0.006029,0.004285,0.01168,0.006707,0.005214,0.1852,0.7498,
0.8457,0.4246,0.005405,0.007903,0.008932,0.008846,0.006029,0.004318,0.01163,0.006827,0.005094,0.1852,0.7498,
0.8452,0.4342,0.005604,0.007892,0.008946,0.008847,0.006027,0.004519,0.01384,0.004384,0.005187,0.1852,0.7496,
0.8445,0.4316,0.005522,0.007889,0.008952,0.008847,0.00597,0.004594,0.01378,0.004618,0.004924,0.1852,0.7497,
0.8441,0.4369,0.005516,0.007883,0.008962,0.008833,0.005904,0.004628,0.01374,0.00463,0.004893,0.1852,0.7498,
0.8462,0.4382,0.005545,0.007876,0.008967,0.008827,0.005907,0.004626,0.01368,0.004628,0.005369,0.1851,0.7495,
0.8457,0.4296,0.005536,0.007856,0.00898,0.008827,0.005819,0.004633,0.01366,0.004628,0.005369,0.1851,0.7496,
0.8454,0.4296,0.005529,0.007846,0.008986,0.008824,0.005776,0.004657,0.01368,0.004634,0.005325,0.1851,0.7496,
0.8446,0.4293,0.005523,0.007826,0.009012,0.00881,0.005677,0.004628,0.01366,0.004687,0.005273,0.1851,0.7498,
0.8429,0.4067,0.005521,0.007818,0.009022,0.008796,0.007956,0.002395,0.01362,0.00465,0.005273,0.1851,0.7498,
0.8427,0.4132,0.005514,0.007806,0.009039,0.008769,0.007941,0.002431,0.01356,0.00477,0.005143,0.1851,0.7499,
0.8421,0.417,0.005364,0.007807,0.00896,0.008769,0.008022,0.00233,0.01354,0.004812,0.00534,0.1849,0.7502,
0.8434,0.4048,0.00543,0.0078,0.008964,0.00875,0.007926,0.002362,0.01354,0.004738,0.005643,0.185,0.7498,
0.844,0.381,0.005502,0.007802,0.00892,0.00875,0.007926,0.002466,0.01349,0.004691,0.005724,0.1849,0.7498,
0.8424,0.3812,0.005496,0.007791,0.008931,0.008724,0.007626,0.002431,0.01348,0.00469,0.005724,0.185,0.7501,
0.8402,0.3965,0.005403,0.007804,0.008935,0.008735,0.007243,0.002416,0.01348,0.00469,0.005724,0.185,0.7505,
0.8387,0.3865,0.005261,0.007768,0.008943,0.008851,0.006992,0.002416,0.01351,0.004686,0.005704,0.185,0.7508,
0.8381,0.3911,0.005167,0.007755,0.008961,0.008824,0.006992,0.002451,0.01347,0.004685,0.005666,0.1851,0.7509,
0.8381,0.393,0.005202,0.007754,0.008968,0.008799,0.006862,0.002492,0.01344,0.004957,0.005506,0.1849,0.7511,
0.8397,0.3937,0.005286,0.007743,0.00897,0.008795,0.006799,0.002487,0.01344,0.005031,0.005871,0.1845,0.7511,
0.8398,0.4072,0.005274,0.007744,0.00897,0.00879,0.006696,0.002543,0.01338,0.00517,0.005726,0.185,0.7508,
0.8392,0.3923,0.005316,0.007728,0.008976,0.008754,0.006461,0.002545,0.01333,0.005352,0.005743,0.1848,0.751,
0.8421,0.4347,0.005307,0.00768,0.008985,0.008698,0.006402,0.007017,0.008864,0.005362,0.005658,0.1848,0.7512,
0.8416,0.3979,0.005301,0.007681,0.008971,0.00867,0.006391,0.007045,0.008826,0.005368,0.005614,0.1848,0.7513,
0.8412,0.4061,0.005296,0.007676,0.008982,0.008655,0.006343,0.007045,0.008804,0.005353,0.005614,0.1848,0.7514,
0.8397,0.4045,0.005097,0.007654,0.008931,0.008655,0.006359,0.007067,0.008767,0.005413,0.005517,0.1849,0.7517,
0.8395,0.4067,0.005079,0.007659,0.008927,0.008655,0.006349,0.007105,0.008738,0.005395,0.005474,0.185,0.7516,
0.8392,0.4065,0.005055,0.007656,0.008933,0.008666,0.006315,0.007133,0.008786,0.005393,0.005382,0.185,0.7517,
0.838,0.4077,0.005044,0.00765,0.008908,0.008655,0.00613,0.008675,0.007244,0.005373,0.005381,0.185,0.7519,
0.8391,0.4026,0.005093,0.007648,0.00891,0.008642,0.00616,0.008704,0.007195,0.005357,0.005592,0.185,0.7517,
0.8388,0.4321,0.005029,0.007635,0.008916,0.008642,0.006211,0.008652,0.007195,0.005492,0.005457,0.185,0.7518,
0.8411,0.4202,0.005243,0.007625,0.008927,0.008664,0.006231,0.008674,0.007154,0.005632,0.005638,0.1846,0.7516,
0.8413,0.3995,0.005237,0.007626,0.008879,0.0087,0.006272,0.008671,0.007141,0.00578,0.005557,0.1846,0.7516,
0.843,0.3972,0.005305,0.007606,0.008888,0.008697,0.006322,0.008672,0.007081,0.005914,0.005706,0.1846,0.7512,
0.8431,0.4047,0.005235,0.007579,0.008887,0.008697,0.006413,0.008596,0.007138,0.005851,0.005867,0.1844,0.7513,
0.8446,0.385,0.005295,0.00757,0.008888,0.008639,0.006409,0.00859,0.007133,0.005847,0.006085,0.1848,0.7508,
0.8475,0.3786,0.005455,0.007567,0.008887,0.008635,0.006442,0.008605,0.007092,0.005895,0.006507,0.1847,0.7502,
0.8485,0.3776,0.00558,0.007569,0.008891,0.00862,0.006452,0.008755,0.00699,0.005828,0.00668,0.1845,0.7501,
0.848,0.3783,0.005541,0.007567,0.008896,0.008609,0.006437,0.008757,0.006951,0.005827,0.006608,0.1847,0.7501,
0.8477,0.3693,0.005499,0.007562,0.008904,0.008622,0.006488,0.00876,0.006895,0.005958,0.006425,0.1848,0.7501,
0.8467,0.3728,0.005339,0.007559,0.008911,0.008622,0.006507,0.008726,0.006858,0.005958,0.006425,0.1848,0.7503,
0.8465,0.3887,0.005335,0.007553,0.00892,0.008609,0.006522,0.008684,0.006865,0.006136,0.006229,0.1848,0.7504,
0.8473,0.3841,0.005369,0.007553,0.008925,0.008587,0.006439,0.008674,0.006862,0.006116,0.006538,0.1846,0.7503,
0.8473,0.3865,0.005367,0.007542,0.008938,0.008587,0.006473,0.008677,0.006855,0.006087,0.006538,0.1846,0.7503,
0.847,0.399,0.00534,0.007537,0.008941,0.008568,0.006515,0.008663,0.006837,0.006092,0.0065,0.1846,0.7504,
0.8466,0.3909,0.005279,0.007533,0.008951,0.008561,0.00651,0.008699,0.006799,0.006111,0.00648,0.1846,0.7504,
0.8466,0.3674,0.005274,0.007529,0.008959,0.008547,0.006543,0.008666,0.006799,0.006253,0.006338,0.1847,0.7504,
0.8461,0.3708,0.005217,0.007524,0.008961,0.008524,0.006573,0.008708,0.006699,0.006489,0.006103,0.1847,0.7505,
0.8484,0.3558,0.005274,0.00753,0.008965,0.008511,0.006625,0.008675,0.00668,0.006569,0.006635,0.1841,0.7505,
0.8478,0.3626,0.005175,0.007524,0.008952,0.008529,0.006566,0.008657,0.006704,0.00662,0.00665,0.184,0.7507,
0.8477,0.3688,0.005147,0.00752,0.008959,0.008553,0.006584,0.008627,0.006711,0.006717,0.006535,0.184,0.7507,
0.8477,0.3547,0.005088,0.007528,0.008975,0.008588,0.006614,0.008616,0.006693,0.006814,0.006438,0.184,0.7507,
0.8509,0.3461,0.005295,0.007518,0.008974,0.008565,0.006611,0.008604,0.006663,0.006808,0.006864,0.1843,0.7498,
0.8522,0.3489,0.005445,0.007519,0.008979,0.008536,0.00661,0.008651,0.006613,0.006981,0.006855,0.1843,0.7495,
0.8511,0.3472,0.005348,0.007513,0.008989,0.008495,0.006591,0.008683,0.006594,0.007,0.006729,0.1844,0.7497,
0.8518,0.347,0.005371,0.007508,0.008996,0.008489,0.006581,0.008702,0.006616,0.006939,0.006942,0.1842,0.7497,
0.8512,0.3591,0.00537,0.007498,0.009005,0.008449,0.006593,0.00867,0.006616,0.006952,0.006842,0.1843,0.7497,
0.853,0.3653,0.005452,0.00749,0.00901,0.0084,0.006625,0.008655,0.006642,0.007242,0.006981,0.1838,0.7497,
0.8546,0.3489,0.005569,0.007487,0.009006,0.008335,0.006686,0.008614,0.00722,0.006641,0.007154,0.1842,0.7491,
0.8542,0.3498,0.005521,0.007483,0.009009,0.008324,0.006706,0.008617,0.00716,0.006838,0.006958,0.1842,0.7491,
0.8537,0.3627,0.00545,0.007475,0.009017,0.008313,0.006701,0.008598,0.007211,0.006851,0.006894,0.1842,0.7492,
0.853,0.3687,0.005445,0.007475,0.009018,0.008281,0.006662,0.008615,0.007208,0.006902,0.006739,0.1843,0.7493,
0.8527,0.3691,0.005444,0.007467,0.009027,0.00825,0.006623,0.008629,0.007236,0.006856,0.00672,0.1844,0.7494,
0.8526,0.3622,0.00548,0.007461,0.009022,0.008223,0.006648,0.008557,0.007254,0.006871,0.006712,0.1844,0.7493,
0.8515,0.358,0.005649,0.007462,0.009018,0.008201,0.0066,0.008518,0.01121,0.002875,0.007108,0.184,0.7493,
0.8514,0.3556,0.005614,0.007451,0.009027,0.0082,0.006568,0.008567,0.01115,0.002855,0.007106,0.1843,0.7491,
0.8513,0.354,0.00561,0.007446,0.009037,0.008185,0.00662,0.008556,0.01113,0.002896,0.007047,0.1843,0.7491,
0.8515,0.3636,0.005606,0.007439,0.009047,0.008185,0.006601,0.009822,0.00987,0.002989,0.006939,0.1843,0.7492,
0.8513,0.3729,0.005601,0.007435,0.009055,0.008178,0.0066,0.009826,0.009831,0.003124,0.006789,0.1843,0.7492,
0.8512,0.3727,0.005599,0.007428,0.009065,0.008166,0.006652,0.009808,0.00976,0.003178,0.006732,0.1843,0.7493,
0.8522,0.3711,0.005632,0.007427,0.009067,0.008175,0.006629,0.009841,0.009726,0.0033,0.006879,0.1841,0.7493,
0.8524,0.3784,0.005624,0.007422,0.009068,0.008106,0.006674,0.009793,0.009804,0.003676,0.00642,0.1843,0.7491,
0.8522,0.4087,0.005621,0.007415,0.009079,0.008106,0.009977,0.006508,0.0098,0.00367,0.006389,0.1843,0.7491,
0.8528,0.3809,0.005733,0.0074,0.009094,0.008106,0.00994,0.00648,0.009795,0.003922,0.006199,0.1842,0.7491,
0.8515,0.3846,0.005466,0.007397,0.0091,0.008106,0.009976,0.006522,0.00974,0.003897,0.006198,0.1843,0.7493,
0.8513,0.3775,0.005459,0.007379,0.00911,0.008106,0.009991,0.00646,0.00974,0.004093,0.006003,0.1843,0.7494,
0.8511,0.3741,0.005451,0.007361,0.009106,0.0081,0.01002,0.006445,0.009782,0.004032,0.006002,0.1843,0.7494,
0.8486,0.3783,0.005449,0.007361,0.009108,0.0081,0.009496,0.006408,0.009782,0.004032,0.006002,0.1843,0.75,
0.8471,0.3942,0.005434,0.007362,0.009112,0.008095,0.009237,0.006412,0.009732,0.004003,0.006002,0.1843,0.7503,
0.8454,0.3818,0.005433,0.007353,0.00912,0.008038,0.008977,0.006352,0.009747,0.004049,0.005941,0.1843,0.7507,
0.8451,0.3732,0.005485,0.007349,0.009091,0.00801,0.00874,0.006356,0.009753,0.00415,0.006049,0.1841,0.7509,
0.8467,0.3661,0.005452,0.007348,0.009092,0.008046,0.008732,0.006374,0.009731,0.004314,0.006258,0.1839,0.7507,
0.8425,0.3624,0.005413,0.007322,0.009066,0.008035,0.007844,0.006384,0.009779,0.004264,0.006237,0.1842,0.7514,
0.8422,0.399,0.005523,0.00733,0.009013,0.008012,0.007663,0.01025,0.00593,0.004404,0.006224,0.1841,0.7516,
0.8416,0.3959,0.005495,0.007326,0.009025,0.008015,0.007594,0.01021,0.005892,0.00448,0.006147,0.1842,0.7516,
0.8433,0.3876,0.00543,0.007315,0.009039,0.007972,0.007444,0.01024,0.005937,0.004472,0.006959,0.1833,0.7519,
0.842,0.4024,0.005424,0.007312,0.009048,0.007936,0.00751,0.0118,0.004314,0.004595,0.006836,0.1833,0.7519,
0.8416,0.4062,0.005418,0.007312,0.009049,0.007926,0.008277,0.01089,0.00431,0.004653,0.006778,0.1833,0.7521,
0.8418,0.3859,0.005416,0.007312,0.009057,0.007995,0.00831,0.01091,0.004233,0.004797,0.006634,0.1833,0.752,
0.8393,0.4546,0.005415,0.007308,0.009059,0.007983,0.01424,0.005941,0.003269,0.004831,0.0066,0.1833,0.7521,
0.8386,0.4482,0.005292,0.007301,0.009066,0.008043,0.01426,0.005973,0.003214,0.005002,0.006348,0.1834,0.7521,
0.8382,0.4325,0.005227,0.007314,0.00906,0.008074,0.01424,0.006,0.003177,0.005077,0.006246,0.1834,0.7522,
0.8379,0.3981,0.005209,0.007309,0.009055,0.008037,0.01402,0.006028,0.003158,0.005048,0.00624,0.1841,0.7518,
0.8362,0.3851,0.005137,0.007304,0.009059,0.008016,0.01379,0.006014,0.00314,0.005416,0.005808,0.1841,0.7522,
0.8366,0.3838,0.005199,0.007292,0.009052,0.008032,0.01384,0.006002,0.003114,0.005514,0.00575,0.1841,0.7521,
0.8313,0.3911,0.005293,0.007285,0.009002,0.008022,0.01243,0.005945,0.003099,0.005495,0.005907,0.1841,0.7535,
0.8272,0.3914,0.005137,0.007285,0.008994,0.008011,0.0117,0.005884,0.003146,0.005637,0.005713,0.1841,0.7544,
0.8231,0.3892,0.005048,0.007272,0.008964,0.007992,0.01103,0.005862,0.003103,0.005707,0.005589,0.1841,0.7553,
0.8168,0.3979,0.005132,0.007271,0.008975,0.007997,0.009507,0.005881,0.003026,0.005707,0.00561,0.1841,0.7568,
0.8153,0.3955,0.005117,0.00728,0.008979,0.007984,0.009241,0.005884,0.002989,0.00576,0.00552,0.1842,0.7571,
0.814,0.397,0.004987,0.007276,0.008987,0.007984,0.009024,0.005889,0.002965,0.005775,0.005653,0.184,0.7575,
0.8134,0.3893,0.005054,0.007259,0.008973,0.007984,0.008733,0.005926,0.002928,0.005775,0.005795,0.1838,0.7577,
0.8121,0.3909,0.005131,0.00725,0.008987,0.007984,0.008406,0.006555,0.002244,0.005855,0.005908,0.1837,0.758,
0.8122,0.3934,0.005119,0.007243,0.008995,0.007953,0.008424,0.00653,0.002247,0.005884,0.005833,0.184,0.7578,
0.8117,0.3957,0.005109,0.007244,0.009004,0.007938,0.008341,0.006495,0.002335,0.005896,0.005734,0.184,0.7579,
0.8117,0.3991,0.005196,0.007249,0.009008,0.007944,0.008075,0.006541,0.002279,0.005908,0.005957,0.1838,0.7581,
0.8121,0.4014,0.005283,0.007246,0.009014,0.007933,0.007993,0.006515,0.002267,0.005957,0.006083,0.1836,0.7581,
0.814,0.3968,0.005312,0.00725,0.009013,0.007948,0.007966,0.0065,0.002247,0.005954,0.006523,0.1835,0.7578,
0.8123,0.3999,0.005293,0.007236,0.009021,0.007944,0.007778,0.006382,0.002281,0.005992,0.006405,0.1835,0.7582,
0.8128,0.3981,0.005225,0.00723,0.009028,0.007944,0.007731,0.006404,0.002245,0.005978,0.006801,0.1831,0.7583,
0.8128,0.411,0.005213,0.007219,0.009038,0.007937,0.007579,0.006402,0.002164,0.00604,0.006801,0.1837,0.7579,
0.812,0.4099,0.005205,0.007214,0.009042,0.007916,0.007487,0.006454,0.002093,0.006307,0.006506,0.1838,0.758,
0.8114,0.4092,0.005197,0.007203,0.009048,0.007915,0.007491,0.006421,0.00206,0.006341,0.006435,0.1838,0.7581,
0.8109,0.4072,0.005169,0.00719,0.009066,0.00789,0.007502,0.00638,0.002042,0.006389,0.006386,0.1838,0.7582,
0.8109,0.4036,0.005242,0.007175,0.009083,0.007867,0.00735,0.006376,0.002042,0.006389,0.006518,0.1837,0.7583,
0.8106,0.4085,0.005242,0.007164,0.009093,0.007821,0.007325,0.00636,0.002023,0.006388,0.006518,0.1838,0.7583,
0.8101,0.4166,0.005146,0.007157,0.00911,0.007791,0.007329,0.006419,0.001967,0.006359,0.006601,0.1837,0.7584,
0.8089,0.4125,0.004919,0.007161,0.009114,0.007725,0.007305,0.006446,0.002228,0.006345,0.0063,0.1838,0.7587,
0.808,0.4131,0.004775,0.007162,0.009117,0.007762,0.007346,0.006365,0.002255,0.006419,0.006148,0.1838,0.7588,
0.8086,0.4179,0.004761,0.007157,0.009129,0.007801,0.007342,0.006347,0.002337,0.006583,0.006057,0.1837,0.7588,
0.8121,0.4037,0.004998,0.00715,0.009147,0.007771,0.007242,0.006328,0.002356,0.006565,0.006919,0.1828,0.7587,
0.8148,0.3966,0.005001,0.007143,0.009083,0.007706,0.007227,0.006292,0.002408,0.006503,0.007615,0.1831,0.7579,
0.815,0.3959,0.004998,0.007134,0.009083,0.007675,0.007178,0.006285,0.002425,0.006858,0.007223,0.1835,0.7576,
0.8145,0.3976,0.004997,0.007126,0.009092,0.007662,0.007135,0.00624,0.002467,0.006815,0.007222,0.1835,0.7577,
0.8151,0.3846,0.00509,0.007128,0.009096,0.007649,0.007073,0.00622,0.002498,0.006961,0.007191,0.1834,0.7577,
0.8145,0.3816,0.005089,0.00712,0.009105,0.007649,0.006995,0.006202,0.002483,0.006994,0.007158,0.1834,0.7578,
0.8131,0.3831,0.004847,0.007122,0.009107,0.007649,0.006958,0.00622,0.002476,0.007007,0.007127,0.1834,0.7581,
0.8138,0.3818,0.004962,0.007118,0.009112,0.007616,0.00691,0.006195,0.00249,0.00699,0.007227,0.1835,0.7579,
0.8137,0.3898,0.005076,0.007112,0.009118,0.007586,0.006832,0.006684,0.001968,0.007024,0.007348,0.1833,0.7579,
0.8131,0.3878,0.005067,0.00711,0.009129,0.007557,0.006756,0.006715,0.001962,0.007175,0.007151,0.1833,0.758,
0.8122,0.3932,0.004939,0.007113,0.009081,0.007605,0.006724,0.006728,0.001944,0.007174,0.007099,0.1835,0.7581,
0.8121,0.3878,0.004928,0.007115,0.00909,0.007605,0.006701,0.006728,0.001944,0.00725,0.007023,0.1835,0.7581,
0.8117,0.4024,0.004924,0.007107,0.009102,0.007592,0.006709,0.006653,0.001944,0.007323,0.00695,0.1835,0.7582,
0.8125,0.4177,0.004918,0.007098,0.009114,0.007567,0.006708,0.006653,0.001962,0.007304,0.007223,0.1832,0.7582,
0.8131,0.4121,0.00498,0.00709,0.009123,0.007555,0.006722,0.006637,0.00198,0.007362,0.00723,0.1831,0.7582,
0.8123,0.4017,0.004827,0.007087,0.009128,0.007553,0.006671,0.006619,0.001974,0.007345,0.007228,0.1834,0.7581,
0.8124,0.4042,0.004874,0.007083,0.009133,0.007523,0.006638,0.00661,0.001994,0.007377,0.007223,0.1834,0.7581,
0.8123,0.3968,0.004869,0.007082,0.009139,0.007523,0.00666,0.006604,0.001979,0.007414,0.007161,0.1834,0.7581,
0.8112,0.3956,0.004664,0.007071,0.009156,0.007523,0.00666,0.006644,0.00194,0.007732,0.006843,0.1834,0.7583,
0.8107,0.3945,0.004657,0.007066,0.009169,0.007523,0.006577,0.006626,0.001966,0.007706,0.006843,0.1834,0.7584,
0.8135,0.3875,0.004906,0.007052,0.009126,0.007518,0.00653,0.006586,0.00198,0.007687,0.007347,0.1833,0.7579,
0.8129,0.3804,0.004898,0.007036,0.009111,0.007518,0.006461,0.006552,0.002014,0.007693,0.007307,0.1833,0.7581,
0.813,0.3969,0.004924,0.00702,0.00908,0.007518,0.006469,0.006478,0.002015,0.007804,0.007343,0.1832,0.7581,
0.8143,0.387,0.005048,0.007016,0.009085,0.007535,0.006439,0.006483,0.002,0.007804,0.007594,0.1829,0.758,
0.8148,0.3863,0.00514,0.007011,0.009092,0.007535,0.006421,0.006445,0.002014,0.007894,0.007579,0.1829,0.758,
0.8143,0.3808,0.005086,0.007006,0.009102,0.007549,0.006389,0.006444,0.002014,0.007932,0.007505,0.1829,0.7581,
0.8136,0.381,0.005085,0.006996,0.009045,0.007537,0.006408,0.006385,0.001991,0.007932,0.007505,0.1829,0.7583,
0.8134,0.3797,0.005076,0.006997,0.009053,0.007537,0.006418,0.006381,0.001961,0.007951,0.007487,0.1829,0.7583,
0.8134,0.3761,0.005068,0.006996,0.009062,0.007537,0.006436,0.006397,0.001945,0.007966,0.007453,0.1829,0.7583,
0.8135,0.3758,0.005183,0.007001,0.009065,0.00751,0.006314,0.006365,0.001973,0.00805,0.007424,0.1828,0.7583,
0.813,0.3694,0.005021,0.007001,0.00905,0.007504,0.006187,0.006303,0.002004,0.008043,0.007609,0.183,0.7583,
0.8174,0.3676,0.005156,0.006983,0.009061,0.0075,0.006202,0.006317,0.002447,0.007733,0.008271,0.1827,0.7577,
0.8171,0.3713,0.005102,0.006963,0.009071,0.0075,0.006202,0.006327,0.00248,0.007892,0.008044,0.1827,0.7577,
0.8192,0.3693,0.005258,0.00696,0.009076,0.007525,0.006161,0.006354,0.002475,0.007957,0.008245,0.1828,0.7572,
0.819,0.379,0.005248,0.006958,0.009083,0.007496,0.007072,0.005401,0.002536,0.007942,0.008156,0.183,0.7571,
0.8181,0.381,0.005234,0.006956,0.00902,0.007486,0.007072,0.00536,0.002593,0.007878,0.008056,0.1831,0.7572,
0.8169,0.3929,0.005208,0.006942,0.009036,0.007468,0.00694,0.005365,0.00253,0.008036,0.007897,0.1831,0.7575,
0.8179,0.3876,0.00524,0.006937,0.009041,0.007482,0.006958,0.005365,0.002512,0.008198,0.007963,0.1829,0.7574,
0.8177,0.3868,0.005334,0.006938,0.009047,0.007469,0.006817,0.005278,0.002507,0.008318,0.007996,0.1827,0.7575,
0.8182,0.3849,0.005437,0.006933,0.008999,0.007426,0.006663,0.005243,0.002507,0.008422,0.008317,0.1823,0.7577,
0.8191,0.3866,0.0055,0.006932,0.009,0.00742,0.006697,0.005236,0.002481,0.008583,0.008389,0.1821,0.7577,
0.8183,0.3831,0.005425,0.006919,0.009003,0.007375,0.006465,0.00523,0.002505,0.008689,0.008202,0.1829,0.7573,
0.817,0.3876,0.005209,0.006916,0.009014,0.007363,0.006501,0.005192,0.002483,0.008948,0.007941,0.1829,0.7575,
0.8151,0.3868,0.005249,0.006907,0.009009,0.007363,0.005942,0.005165,0.002508,0.009021,0.008095,0.1826,0.7581,
0.8145,0.3986,0.005201,0.006906,0.008967,0.007348,0.005943,0.005158,0.002516,0.009015,0.008077,0.1826,0.7582,
0.8135,0.3981,0.005134,0.00689,0.008903,0.007346,0.005884,0.005115,0.002515,0.009089,0.007964,0.1829,0.7583,
0.8131,0.3985,0.005131,0.006876,0.008919,0.007332,0.005843,0.005088,0.00254,0.009083,0.007945,0.1829,0.7584,
0.8124,0.4011,0.005101,0.00687,0.008933,0.007355,0.005724,0.005078,0.00254,0.009213,0.007815,0.1829,0.7585,
0.8116,0.404,0.004978,0.006865,0.008938,0.007355,0.005705,0.005051,0.00254,0.009247,0.007782,0.1829,0.7587,
0.8125,0.4025,0.005088,0.006858,0.008949,0.007358,0.005705,0.00503,0.00254,0.009362,0.007831,0.1827,0.7586,
0.8123,0.404,0.004917,0.006853,0.008952,0.007355,0.005751,0.004979,0.002539,0.009443,0.007857,0.1829,0.7585,
0.8118,0.4036,0.004916,0.006845,0.008961,0.007355,0.005687,0.005024,0.002494,0.009473,0.007774,0.1829,0.7586,
0.8109,0.4098,0.004714,0.006835,0.008975,0.007382,0.00571,0.005,0.002493,0.009618,0.007629,0.1829,0.7587,
0.8118,0.4164,0.004744,0.00683,0.008874,0.007382,0.005687,0.005,0.002521,0.00979,0.007859,0.1825,0.7588,
0.8115,0.4019,0.004743,0.006818,0.008887,0.00737,0.005677,0.004998,0.002535,0.009749,0.007827,0.1826,0.7588,
0.8109,0.4134,0.004711,0.006809,0.008903,0.007394,0.006857,0.003798,0.002546,0.009847,0.007696,0.1826,0.7589,
0.8126,0.4005,0.004777,0.006794,0.008913,0.007417,0.006854,0.003845,0.002494,0.009937,0.007863,0.1827,0.7584,
0.8148,0.3847,0.00488,0.006788,0.008923,0.00749,0.006891,0.003827,0.002592,0.009956,0.008109,0.1823,0.7582,
0.8174,0.3826,0.005154,0.006781,0.008928,0.007472,0.006887,0.003825,0.00259,0.01005,0.008271,0.1825,0.7575,
0.8173,0.3856,0.005133,0.006784,0.008931,0.007443,0.006933,0.003814,0.002621,0.01005,0.008207,0.1825,0.7576,
0.8171,0.3869,0.005124,0.006781,0.008942,0.00743,0.006918,0.003837,0.002637,0.01014,0.00807,0.1825,0.7576,
0.8101,0.3978,0.005123,0.006756,0.00883,0.007387,0.005689,0.003796,0.002647,0.01043,0.00777,0.1825,0.759,
0.8094,0.4086,0.005037,0.006749,0.008843,0.007436,0.005584,0.003794,0.002675,0.01073,0.007459,0.1825,0.7592,
0.8114,0.3909,0.005314,0.00675,0.008846,0.007427,0.005617,0.003761,0.00273,0.01075,0.007588,0.1823,0.7589,
0.8141,0.3867,0.005609,0.006733,0.008856,0.007415,0.005518,0.003809,0.002699,0.01074,0.008042,0.1821,0.7585,
0.8155,0.3871,0.005755,0.006739,0.008861,0.007388,0.005514,0.003801,0.002711,0.01075,0.008278,0.1818,0.7584,
0.8154,0.3953,0.00575,0.006727,0.008866,0.007386,0.005491,0.003801,0.002792,0.01085,0.008101,0.1818,0.7584,
0.815,0.3934,0.005748,0.006721,0.008874,0.007386,0.005469,0.003801,0.002792,0.01107,0.007825,0.1819,0.7584,
0.8177,0.4084,0.005894,0.006726,0.008877,0.007386,0.005466,0.00378,0.004384,0.00955,0.007876,0.1817,0.7583,
0.8174,0.405,0.005751,0.006718,0.008885,0.007373,0.005426,0.00378,0.00542,0.008619,0.007771,0.1817,0.7585,
0.8165,0.4065,0.005554,0.006706,0.008882,0.007328,0.005328,0.003756,0.005415,0.008612,0.007764,0.1825,0.7582,
0.8173,0.383,0.005596,0.006697,0.008891,0.007301,0.005319,0.00376,0.005468,0.008877,0.007705,0.1822,0.7582,
0.8179,0.3872,0.005611,0.006694,0.0089,0.007287,0.005301,0.003755,0.005486,0.009034,0.007745,0.182,0.7582,
0.8196,0.3786,0.00565,0.006685,0.008891,0.00727,0.00533,0.003752,0.005449,0.009092,0.007964,0.1823,0.7576,
0.8191,0.383,0.00564,0.006686,0.008857,0.007261,0.005277,0.003766,0.005427,0.009272,0.007784,0.1823,0.7577,
0.8181,0.3789,0.00549,0.006679,0.008861,0.007252,0.005277,0.003778,0.005443,0.00934,0.007635,0.1824,0.7579,
0.8177,0.4002,0.005474,0.006673,0.008864,0.007243,0.005296,0.003772,0.005431,0.009513,0.007417,0.1824,0.7579,
0.8176,0.4007,0.005458,0.006678,0.008876,0.007243,0.005296,0.003749,0.005432,0.009588,0.007343,0.1824,0.758,
0.8189,0.3889,0.005556,0.006677,0.008886,0.007229,0.005296,0.003749,0.005459,0.00956,0.007621,0.1821,0.7579,
0.8177,0.3832,0.005333,0.006668,0.008876,0.007229,0.005323,0.00377,0.005411,0.009613,0.007568,0.1821,0.7581,
0.8203,0.3735,0.005537,0.006673,0.008876,0.007221,0.00531,0.003775,0.005415,0.009679,0.008018,0.1815,0.758,
0.8218,0.3692,0.005594,0.00667,0.008885,0.007221,0.005328,0.0038,0.005372,0.009715,0.008392,0.1811,0.7579,
0.8222,0.3586,0.005658,0.006666,0.008893,0.007221,0.005328,0.003831,0.00538,0.009676,0.008392,0.1811,0.7578,
0.8219,0.3625,0.005586,0.00667,0.008899,0.007206,0.005328,0.003831,0.005436,0.009721,0.008292,0.1811,0.7579,
0.8226,0.3632,0.005543,0.006654,0.008898,0.007197,0.005302,0.003878,0.005351,0.009753,0.008237,0.1822,0.757,
0.8224,0.3748,0.00553,0.006665,0.008899,0.007197,0.005314,0.004629,0.004597,0.009786,0.008117,0.1822,0.7571,
0.8219,0.3954,0.005517,0.00665,0.008883,0.007139,0.005331,0.00461,0.004596,0.009816,0.008085,0.1822,0.7572,
0.8212,0.3892,0.005517,0.006645,0.008883,0.007106,0.005279,0.004899,0.004283,0.01006,0.007842,0.1822,0.7573,
0.8211,0.3924,0.005495,0.00663,0.008893,0.007104,0.005293,0.004904,0.00429,0.01009,0.007789,0.1822,0.7573,
0.8238,0.3834,0.005877,0.006625,0.008852,0.007104,0.005312,0.004896,0.004309,0.01006,0.008101,0.1819,0.757,
0.8228,0.388,0.005653,0.00663,0.008853,0.007118,0.005327,0.004881,0.004342,0.01018,0.007943,0.1819,0.7572,
0.8214,0.3861,0.005424,0.006618,0.008863,0.007104,0.00529,0.004865,0.004354,0.01019,0.007845,0.1822,0.7573,
0.8213,0.3898,0.005493,0.006621,0.008864,0.007078,0.005269,0.00483,0.004368,0.01042,0.007617,0.1822,0.7573,
0.8256,0.3757,0.005665,0.006611,0.008863,0.007048,0.005224,0.004851,0.004354,0.01045,0.008546,0.1818,0.7566,
0.8266,0.3671,0.005733,0.006601,0.008862,0.007033,0.005224,0.004922,0.004317,0.01069,0.008546,0.1815,0.7566,
0.8262,0.3717,0.00573,0.006592,0.008872,0.006995,0.005194,0.004915,0.00433,0.01078,0.008429,0.1815,0.7566,
0.826,0.3661,0.005634,0.006588,0.008878,0.006982,0.005248,0.004901,0.004325,0.01088,0.008416,0.1814,0.7568,
0.8243,0.3635,0.005427,0.006567,0.008891,0.006942,0.005188,0.004911,0.004341,0.011,0.00825,0.1814,0.7571,
0.8229,0.3714,0.00524,0.006568,0.008855,0.006927,0.005126,0.004911,0.004359,0.01111,0.008122,0.1814,0.7574,
0.8229,0.3563,0.005225,0.006551,0.00881,0.006923,0.005122,0.004934,0.00433,0.01123,0.007935,0.182,0.757,
0.8226,0.36,0.005216,0.006529,0.008811,0.006923,0.005122,0.004988,0.004254,0.01132,0.007843,0.182,0.757,
0.8222,0.3508,0.005209,0.006531,0.008811,0.006915,0.005093,0.004974,0.004254,0.0114,0.007748,0.182,0.7571,
0.8214,0.3686,0.005197,0.006542,0.008814,0.006915,0.00502,0.004933,0.004268,0.01147,0.007607,0.182,0.7573,
0.8211,0.3532,0.005184,0.006541,0.008816,0.006856,0.005001,0.004928,0.004452,0.01138,0.007513,0.182,0.7573,
0.8233,0.3495,0.005394,0.006539,0.008814,0.006877,0.005036,0.004892,0.004452,0.01141,0.007828,0.1817,0.7571,
0.8217,0.3667,0.005108,0.006543,0.008821,0.006863,0.005772,0.005468,0.003149,0.01137,0.007825,0.1819,0.7571,
0.8204,0.3708,0.004982,0.006532,0.008788,0.006863,0.005715,0.005464,0.003131,0.01143,0.007763,0.1819,0.7574,
