entropy,entropyInd,RabA,RabB,RabC,RabD,RabE,RabF,RabG,RabH,RabI,xER,xPM,
0.8684,0.4196,0.0113,0.008895,0.009409,0.01005,0.007531,0.004842,0.003547,0.005856,0.008246,0.1865,0.7438,
0.8686,0.4061,0.01115,0.00889,0.009404,0.01004,0.007447,0.004835,0.003545,0.005853,0.008484,0.1867,0.7436,
0.8675,0.4128,0.01101,0.008875,0.009403,0.01001,0.007366,0.004826,0.00354,0.005853,0.008484,0.1868,0.7439,
0.8664,0.4105,0.01089,0.008872,0.009399,0.01001,0.007253,0.004826,0.00354,0.005853,0.008484,0.1868,0.7441,
0.8653,0.3781,0.01066,0.008858,0.009399,0.01001,0.007238,0.004822,0.003535,0.005853,0.008484,0.1868,0.7444,
0.8638,0.3963,0.01023,0.008825,0.009383,0.01001,0.007238,0.004822,0.003535,0.005853,0.008669,0.1866,0.7448,
0.8645,0.3819,0.01011,0.008816,0.009383,0.009952,0.007234,0.004822,0.003535,0.005853,0.009169,0.1861,0.745,
0.8638,0.3857,0.01003,0.008816,0.009383,0.009878,0.007211,0.004822,0.003535,0.005853,0.00917,0.1861,0.7452,
0.8643,0.3799,0.009907,0.008808,0.009374,0.009829,0.007189,0.004814,0.003527,0.005848,0.009364,0.1867,0.7447,
0.8655,0.3733,0.009957,0.008794,0.00937,0.009794,0.007133,0.0048,0.003527,0.005848,0.009876,0.1862,0.7447,
0.8644,0.3716,0.009725,0.008767,0.00937,0.00978,0.006981,0.004797,0.003523,0.005848,0.01017,0.1859,0.7452,
0.8636,0.3685,0.009703,0.008751,0.009319,0.00978,0.006888,0.004793,0.003518,0.005848,0.01017,0.1859,0.7454,
0.8659,0.3654,0.009898,0.008751,0.009319,0.009739,0.006889,0.004793,0.003518,0.005848,0.01075,0.1853,0.7452,
0.8658,0.3684,0.00995,0.00875,0.009319,0.009739,0.006819,0.004793,0.003518,0.005848,0.01075,0.1853,0.7452,
0.8663,0.3665,0.009937,0.008738,0.009306,0.009716,0.00669,0.004786,0.003513,0.00584,0.01073,0.1864,0.7443,
0.8665,0.3661,0.009899,0.008721,0.009303,0.009675,0.006548,0.004786,0.003513,0.00584,0.01117,0.186,0.7445,
0.8665,0.3582,0.009902,0.008701,0.009248,0.009665,0.006547,0.004785,0.003513,0.005839,0.01131,0.1859,0.7446,
0.8659,0.3627,0.009756,0.008679,0.00924,0.009659,0.006467,0.004783,0.003511,0.005836,0.0113,0.1863,0.7444,
0.8648,0.358,0.009594,0.008643,0.00924,0.009659,0.006405,0.004783,0.003511,0.005836,0.0113,0.1863,0.7447,
0.8646,0.3571,0.009555,0.008643,0.00924,0.009659,0.006405,0.004783,0.003511,0.005836,0.0113,0.1863,0.7447,
0.8644,0.3548,0.00947,0.008638,0.00912,0.009659,0.006389,0.004777,0.003505,0.005835,0.0116,0.186,0.745,
0.8639,0.3549,0.00937,0.008631,0.009117,0.009641,0.006344,0.004769,0.003504,0.005831,0.01159,0.1863,0.7449,
0.8648,0.3518,0.009388,0.008628,0.009117,0.009641,0.006242,0.004765,0.003499,0.005831,0.01209,0.1858,0.745,
0.8647,0.3529,0.009322,0.008628,0.009117,0.009641,0.006168,0.004757,0.00349,0.005831,0.01234,0.1856,0.7452,
0.8655,0.3518,0.009345,0.008616,0.009108,0.009624,0.006148,0.00475,0.003483,0.005827,0.01243,0.1861,0.7446,
0.8668,0.3644,0.009464,0.008613,0.009106,0.009546,0.006095,0.004747,0.003478,0.005827,0.01296,0.1855,0.7446,
0.8664,0.3439,0.009227,0.008604,0.009099,0.009451,0.006076,0.00474,0.003471,0.005823,0.01309,0.1861,0.7444,
0.8653,0.344,0.009058,0.008605,0.0091,0.00941,0.006037,0.00474,0.003471,0.005823,0.01308,0.1861,0.7446,
0.8677,0.3432,0.00916,0.008596,0.009094,0.009383,0.006029,0.004736,0.003469,0.00582,0.01369,0.186,0.7441,
0.8679,0.3436,0.009073,0.008583,0.009094,0.00934,0.006029,0.004736,0.003468,0.005819,0.01402,0.1856,0.7442,
0.8667,0.3391,0.008878,0.008583,0.009094,0.009308,0.005993,0.004728,0.003468,0.005819,0.01401,0.1857,0.7445,
0.8661,0.3544,0.008739,0.008587,0.009088,0.009265,0.00595,0.004717,0.003498,0.005949,0.01384,0.1859,0.7444,
0.8666,0.3499,0.008772,0.008594,0.009082,0.009251,0.005932,0.004677,0.003493,0.006163,0.01383,0.1857,0.7445,
0.866,0.3533,0.008751,0.008606,0.009091,0.009237,0.005914,0.004705,0.003479,0.006591,0.01308,0.186,0.7445,
0.8688,0.3488,0.008867,0.008608,0.009095,0.009275,0.005923,0.004707,0.003485,0.006657,0.01377,0.1853,0.7444,
0.8685,0.3527,0.008659,0.008599,0.0091,0.009242,0.005919,0.004703,0.003483,0.006783,0.01363,0.1858,0.7441,
0.867,0.3731,0.008638,0.008579,0.009108,0.009172,0.007513,0.003067,0.003601,0.006812,0.01343,0.1859,0.7442,
0.8685,0.3673,0.008602,0.008571,0.009115,0.009184,0.007531,0.003085,0.003583,0.007136,0.01361,0.1854,0.7442,
0.8684,0.3731,0.008592,0.008558,0.009122,0.009178,0.007508,0.003066,0.00362,0.007557,0.01314,0.1854,0.7443,
0.8672,0.3695,0.008332,0.008554,0.009131,0.009188,0.007483,0.003066,0.003638,0.007624,0.013,0.1854,0.7445,
0.8689,0.3493,0.008459,0.008556,0.009138,0.00916,0.00752,0.003104,0.003563,0.00785,0.01321,0.185,0.7444,
0.8714,0.3438,0.008678,0.008546,0.009126,0.009178,0.00753,0.003132,0.003544,0.008226,0.01334,0.1845,0.7442,
0.8712,0.3495,0.008645,0.008523,0.009128,0.009179,0.00753,0.00315,0.003558,0.008531,0.01293,0.1846,0.7443,
0.872,0.347,0.00856,0.008504,0.009092,0.009152,0.007479,0.003127,0.003578,0.008792,0.01277,0.1855,0.7435,
0.8715,0.3542,0.008454,0.008495,0.009113,0.009153,0.007405,0.00314,0.003558,0.009023,0.01254,0.1856,0.7435,
0.8715,0.3462,0.008478,0.008503,0.009123,0.009111,0.0074,0.003122,0.003557,0.009202,0.01239,0.1856,0.7435,
0.8713,0.3517,0.00846,0.008487,0.009144,0.009097,0.007375,0.003123,0.003556,0.009493,0.01208,0.1856,0.7436,
0.8725,0.36,0.008467,0.008493,0.009158,0.009099,0.007383,0.003066,0.003626,0.009727,0.01224,0.1851,0.7436,
0.8719,0.3495,0.008378,0.008492,0.009169,0.009163,0.007344,0.003035,0.003605,0.009727,0.01224,0.1851,0.7437,
0.8703,0.3503,0.008158,0.008475,0.009175,0.009136,0.007217,0.003034,0.003604,0.009964,0.012,0.1851,0.7441,
0.8693,0.3629,0.007873,0.008466,0.009182,0.009275,0.007171,0.003036,0.003586,0.01017,0.0118,0.1851,0.7443,
0.8687,0.3804,0.007751,0.008479,0.009183,0.009353,0.007189,0.004449,0.002154,0.01044,0.01149,0.1852,0.7443,
0.8689,0.3651,0.007745,0.008465,0.009193,0.009349,0.007186,0.004447,0.002153,0.01061,0.01124,0.1856,0.744,
0.8705,0.3614,0.007842,0.008454,0.009205,0.009314,0.007186,0.004465,0.002152,0.01068,0.0116,0.1852,0.7439,
0.8701,0.3643,0.007827,0.008456,0.009208,0.009282,0.007084,0.004434,0.002182,0.01082,0.01142,0.1855,0.7438,
0.8721,0.3643,0.008048,0.008447,0.009219,0.009266,0.007083,0.004483,0.002133,0.01102,0.01159,0.1852,0.7435,
0.872,0.3679,0.00804,0.008432,0.009221,0.009259,0.007102,0.00442,0.00215,0.01131,0.01122,0.1855,0.7433,
0.8697,0.3651,0.007635,0.008427,0.009232,0.009362,0.006951,0.004395,0.002145,0.01135,0.01118,0.1855,0.7438,
0.8687,0.3666,0.007424,0.008431,0.009238,0.009349,0.006969,0.004376,0.002145,0.01158,0.01096,0.1855,0.744,
0.8695,0.3696,0.007522,0.008442,0.009241,0.009331,0.006979,0.004366,0.002144,0.01158,0.01109,0.1854,0.744,
0.8694,0.3699,0.007511,0.008441,0.009249,0.009329,0.006949,0.004377,0.002118,0.01162,0.01104,0.1855,0.7439,
0.8689,0.3714,0.007417,0.008438,0.009257,0.009329,0.006934,0.004373,0.002114,0.01169,0.01098,0.1855,0.744,
0.8685,0.3721,0.0074,0.008441,0.009227,0.009319,0.006887,0.004373,0.002151,0.01168,0.01095,0.1855,0.7441,
0.8697,0.3676,0.007476,0.008432,0.009233,0.009309,0.006885,0.00439,0.002132,0.0119,0.01095,0.1854,0.7439,
0.8697,0.3596,0.007547,0.008445,0.009242,0.009295,0.006784,0.004399,0.002153,0.01188,0.01097,0.1854,0.7439,
0.869,0.3633,0.00747,0.008455,0.009189,0.009295,0.006784,0.004399,0.00218,0.0121,0.01066,0.1855,0.744,
0.8687,0.3755,0.00746,0.008453,0.0092,0.009252,0.006776,0.004384,0.00221,0.01212,0.01061,0.1855,0.744,
0.8678,0.3681,0.007361,0.00845,0.009207,0.009209,0.006739,0.00436,0.00221,0.01228,0.01046,0.1855,0.7442,
0.8668,0.3607,0.007246,0.008456,0.009211,0.009271,0.006694,0.004382,0.002209,0.01397,0.008732,0.1855,0.7443,
0.8664,0.3613,0.007227,0.008461,0.009215,0.009265,0.006633,0.0044,0.002191,0.01412,0.008579,0.1855,0.7444,
0.8661,0.3957,0.007204,0.008463,0.009219,0.009269,0.006614,0.004401,0.002191,0.01419,0.00849,0.1855,0.7445,
0.8658,0.3826,0.007192,0.008462,0.009232,0.009269,0.006567,0.004379,0.002268,0.0142,0.008397,0.1855,0.7445,
0.8655,0.3746,0.007191,0.008456,0.009237,0.009269,0.006485,0.004416,0.002261,0.01436,0.008275,0.1854,0.7446,
0.8672,0.366,0.00722,0.008439,0.009253,0.00926,0.006503,0.004397,0.00228,0.01444,0.008684,0.1849,0.7446,
0.8666,0.3651,0.00721,0.008442,0.009261,0.009223,0.006479,0.004397,0.002341,0.01451,0.008456,0.185,0.7447,
0.8664,0.3639,0.007195,0.008451,0.009267,0.009168,0.006493,0.0044,0.002371,0.01449,0.008424,0.185,0.7447,
0.8661,0.3663,0.007185,0.008452,0.009269,0.00916,0.006502,0.004387,0.002371,0.0147,0.008189,0.185,0.7448,
0.8667,0.3668,0.007136,0.008447,0.00922,0.009213,0.006532,0.00435,0.002425,0.01487,0.008043,0.1854,0.7444,
0.8655,0.3934,0.007117,0.008436,0.009234,0.009193,0.007868,0.002989,0.002467,0.01494,0.007919,0.1854,0.7444,
0.8647,0.3718,0.007012,0.008432,0.009248,0.009265,0.007785,0.002989,0.0025,0.01498,0.007758,0.1855,0.7445,
0.8638,0.3697,0.006905,0.008434,0.009254,0.00923,0.00776,0.002986,0.002538,0.01509,0.007592,0.1855,0.7447,
0.8638,0.3886,0.006889,0.008441,0.009263,0.00923,0.00776,0.002986,0.002556,0.01513,0.007537,0.1855,0.7447,
0.8635,0.37,0.006876,0.008448,0.00927,0.00923,0.007755,0.002973,0.002566,0.0152,0.007408,0.1856,0.7447,
0.8627,0.3896,0.006816,0.008444,0.009231,0.009285,0.007675,0.002988,0.002576,0.01547,0.007093,0.1856,0.7449,
0.8617,0.389,0.006783,0.008462,0.009172,0.009262,0.007675,0.003698,0.001915,0.0156,0.006849,0.1856,0.745,
0.8624,0.3847,0.006812,0.008459,0.009181,0.009264,0.007663,0.003668,0.001951,0.01577,0.006965,0.1852,0.7451,
0.8641,0.39,0.006924,0.008467,0.009188,0.009249,0.007613,0.003687,0.001995,0.01571,0.007339,0.1848,0.745,
0.8643,0.3739,0.006889,0.008468,0.0092,0.009265,0.007627,0.003672,0.00201,0.01574,0.007386,0.1847,0.745,
0.8633,0.3739,0.006839,0.008454,0.009217,0.009239,0.007525,0.003692,0.001989,0.01581,0.007269,0.1847,0.7452,
0.8634,0.3747,0.006908,0.008451,0.00922,0.009231,0.007407,0.003729,0.002,0.01579,0.007349,0.1846,0.7453,
0.8626,0.3766,0.006791,0.008441,0.009216,0.009292,0.007238,0.003747,0.001978,0.01594,0.007088,0.1854,0.7449,
0.8622,0.3735,0.006776,0.008448,0.009221,0.00928,0.007193,0.003742,0.001963,0.01599,0.007035,0.1854,0.745,
0.8636,0.3857,0.006958,0.008443,0.009228,0.009279,0.007183,0.003788,0.001953,0.01593,0.007175,0.1854,0.7447,
0.8629,0.37,0.006685,0.008449,0.009237,0.009324,0.007013,0.003822,0.001984,0.01587,0.007474,0.1851,0.7451,
0.8674,0.3931,0.006655,0.008411,0.009237,0.009304,0.007029,0.003783,0.005812,0.01213,0.007384,0.1851,0.7452,
0.8696,0.3913,0.00688,0.008404,0.009242,0.009282,0.006986,0.00378,0.005868,0.01224,0.007698,0.1846,0.745,
0.8694,0.3905,0.006779,0.008396,0.009257,0.009286,0.00682,0.003795,0.005873,0.01282,0.007523,0.1841,0.7453,
0.8696,0.3869,0.006821,0.008382,0.00927,0.009315,0.006781,0.003795,0.005936,0.01284,0.007434,0.1842,0.7453,
0.8687,0.3877,0.00682,0.00837,0.009268,0.009289,0.006697,0.00379,0.005977,0.01283,0.007335,0.1842,0.7454,
0.8687,0.3827,0.006891,0.008354,0.009266,0.009252,0.00645,0.003769,0.006074,0.0128,0.007214,0.1852,0.7448,
0.8721,0.3838,0.007002,0.008347,0.009233,0.009252,0.006395,0.003783,0.006143,0.01298,0.008013,0.1841,0.7448,
0.8715,0.3714,0.007001,0.008297,0.009246,0.00924,0.006344,0.003765,0.006192,0.01305,0.007892,0.1841,0.7449,
0.8698,0.3721,0.006987,0.008285,0.009246,0.009231,0.008309,0.001741,0.006234,0.0131,0.007707,0.185,0.7442,
0.8685,0.3702,0.006904,0.008283,0.009258,0.009203,0.008163,0.001736,0.006245,0.01329,0.007495,0.185,0.7444,
0.8688,0.3668,0.006819,0.008262,0.009282,0.009174,0.008088,0.001738,0.006269,0.01327,0.007859,0.1846,0.7446,
0.8687,0.3828,0.006798,0.008255,0.009279,0.009173,0.008089,0.001756,0.006269,0.01334,0.007778,0.1846,0.7446,
0.8692,0.4012,0.00683,0.008247,0.00929,0.009165,0.008089,0.001793,0.006259,0.01334,0.007838,0.1845,0.7446,
0.8701,0.3855,0.00698,0.008235,0.009298,0.00911,0.008087,0.001802,0.006226,0.01337,0.007824,0.1849,0.7442,
0.8694,0.3767,0.006906,0.008233,0.009303,0.00915,0.008007,0.001802,0.006225,0.01348,0.007677,0.185,0.7442,
0.8695,0.4024,0.006749,0.008231,0.009264,0.009137,0.008019,0.004795,0.003254,0.01353,0.007586,0.1849,0.7445,
0.8692,0.4114,0.006587,0.008216,0.009265,0.00927,0.008049,0.004816,0.003226,0.0136,0.007501,0.185,0.7445,
0.8707,0.447,0.006712,0.008195,0.009273,0.00925,0.008026,0.00481,0.003225,0.01363,0.007737,0.1849,0.7442,
0.8717,0.4234,0.006735,0.008185,0.00928,0.009232,0.008014,0.004797,0.003188,0.01366,0.008026,0.1849,0.744,
0.8712,0.4056,0.006732,0.008174,0.009281,0.009217,0.007945,0.004779,0.003219,0.01367,0.00799,0.1849,0.7441,
0.8707,0.3997,0.006517,0.008172,0.00929,0.009259,0.007901,0.004757,0.003219,0.01367,0.008177,0.1847,0.7444,
0.8699,0.4142,0.00639,0.008158,0.009256,0.009239,0.007877,0.004756,0.003233,0.01368,0.008142,0.1848,0.7444,
0.8688,0.3969,0.006356,0.008152,0.009253,0.009195,0.007728,0.004775,0.003214,0.0137,0.008124,0.1848,0.7447,
0.8695,0.4173,0.006383,0.008159,0.009254,0.009252,0.007683,0.004816,0.00319,0.0137,0.008215,0.1848,0.7445,
0.8645,0.412,0.006422,0.008151,0.009255,0.009253,0.006543,0.004798,0.003201,0.01365,0.008321,0.1847,0.7457,
0.8642,0.406,0.006376,0.008151,0.00926,0.00924,0.006516,0.00484,0.003173,0.01374,0.00821,0.1848,0.7457,
0.8628,0.4048,0.006295,0.008136,0.00926,0.00922,0.006352,0.004851,0.003136,0.01384,0.008142,0.1848,0.7459,
0.862,0.3957,0.006242,0.008133,0.009267,0.009186,0.006347,0.004813,0.003154,0.01409,0.007872,0.1848,0.7461,
0.8631,0.3799,0.00643,0.008134,0.009274,0.009186,0.006287,0.004852,0.003131,0.01435,0.007781,0.1846,0.7459,
0.863,0.3798,0.006416,0.008122,0.009278,0.009182,0.006179,0.004899,0.003081,0.01453,0.007709,0.1848,0.7458,
0.8625,0.3913,0.006308,0.008113,0.009289,0.009142,0.006194,0.00494,0.003044,0.01462,0.007657,0.1847,0.746,
0.865,0.3841,0.00638,0.0081,0.009257,0.009152,0.00619,0.004952,0.003095,0.01467,0.008089,0.1847,0.7454,
0.865,0.3815,0.006347,0.008077,0.009264,0.009185,0.006106,0.004947,0.003138,0.01475,0.008128,0.1845,0.7455,
0.8673,0.3547,0.006569,0.008064,0.009263,0.009158,0.00612,0.004947,0.003176,0.0148,0.008473,0.1841,0.7453,
0.866,0.352,0.006301,0.008056,0.009267,0.009133,0.006155,0.004888,0.003293,0.0147,0.008455,0.1841,0.7457,
0.8648,0.3564,0.006157,0.008048,0.009277,0.00912,0.006167,0.004973,0.003197,0.01473,0.008298,0.1842,0.7458,
0.8653,0.3567,0.00621,0.008049,0.009292,0.009092,0.006123,0.00501,0.00316,0.0149,0.00833,0.184,0.7458,
0.8656,0.3662,0.006175,0.008036,0.009297,0.009085,0.006306,0.004864,0.003111,0.01499,0.008226,0.1846,0.7453,
0.8662,0.3552,0.006222,0.008026,0.00931,0.009055,0.006321,0.004861,0.003118,0.01504,0.008313,0.1845,0.7453,
0.8658,0.3597,0.006168,0.00802,0.009313,0.009048,0.006321,0.004898,0.003081,0.0151,0.008253,0.1845,0.7453,
0.8668,0.3695,0.006247,0.008031,0.009319,0.009033,0.006369,0.004849,0.003095,0.01559,0.007989,0.1843,0.7451,
0.8673,0.3496,0.006302,0.008022,0.009199,0.009099,0.006377,0.004827,0.00312,0.0157,0.007947,0.1844,0.745,
0.8678,0.3502,0.006389,0.008026,0.009203,0.009084,0.006343,0.004833,0.00312,0.01599,0.007813,0.1843,0.7449,
0.8667,0.3542,0.006234,0.008012,0.009221,0.009075,0.006373,0.004772,0.00315,0.01615,0.007611,0.1843,0.7452,
0.8659,0.3544,0.006112,0.008013,0.009187,0.009071,0.006364,0.004757,0.003179,0.01615,0.00758,0.1843,0.7453,
0.8657,0.3588,0.006109,0.008005,0.009191,0.009069,0.006397,0.004761,0.003156,0.01634,0.00733,0.1845,0.7452,
0.8629,0.3665,0.006062,0.008,0.009202,0.00911,0.008882,0.0022,0.003162,0.01667,0.006961,0.1845,0.7453,
0.8623,0.3807,0.005966,0.008004,0.009213,0.009097,0.008874,0.002185,0.00323,0.01675,0.006807,0.1845,0.7454,
0.8633,0.3738,0.00594,0.008,0.009204,0.009193,0.008874,0.002279,0.003136,0.01682,0.006983,0.1843,0.7453,
0.8627,0.363,0.005837,0.007998,0.009208,0.009191,0.00887,0.002269,0.003108,0.01697,0.006821,0.1844,0.7453,
0.8631,0.3467,0.005884,0.007989,0.009214,0.009141,0.008747,0.002835,0.002541,0.01697,0.007091,0.1842,0.7454,
0.8621,0.3535,0.005731,0.007983,0.009219,0.009127,0.008709,0.002879,0.002515,0.01695,0.007091,0.1842,0.7456,
0.8628,0.3453,0.005813,0.007976,0.00918,0.009127,0.008724,0.002864,0.00254,0.01693,0.007211,0.1841,0.7456,
0.8664,0.3387,0.006058,0.007966,0.009179,0.009089,0.008731,0.002847,0.002556,0.01697,0.007698,0.1843,0.7446,
0.8656,0.3423,0.006054,0.00795,0.009191,0.009054,0.008625,0.002862,0.002533,0.01706,0.007604,0.1843,0.7448,
0.8652,0.3442,0.006047,0.007948,0.0092,0.009054,0.00855,0.002853,0.002564,0.01711,0.007515,0.1843,0.7449,
0.8648,0.3498,0.005994,0.007945,0.009205,0.00904,0.008531,0.002886,0.002553,0.01715,0.00745,0.1843,0.7449,
0.8652,0.3411,0.006078,0.007939,0.009197,0.008996,0.008531,0.002886,0.002553,0.01715,0.007514,0.1842,0.7449,
0.8654,0.3432,0.006158,0.007943,0.009203,0.008955,0.008468,0.002873,0.002536,0.01731,0.007533,0.1841,0.7449,
0.8653,0.3439,0.00614,0.007934,0.009213,0.008945,0.008468,0.00287,0.002526,0.01743,0.007389,0.1843,0.7448,
0.8669,0.3417,0.006317,0.007926,0.009229,0.008897,0.008447,0.002865,0.002525,0.0175,0.007679,0.1839,0.7447,
0.8683,0.3405,0.006426,0.007934,0.009233,0.008897,0.008447,0.002861,0.002522,0.01752,0.007938,0.1836,0.7446,
0.8708,0.3353,0.006588,0.007935,0.009239,0.008897,0.008471,0.002856,0.002539,0.01755,0.008431,0.1831,0.7444,
0.87,0.3519,0.006559,0.00792,0.009258,0.008891,0.00836,0.002889,0.002506,0.01782,0.008167,0.1831,0.7446,
0.8694,0.3638,0.006433,0.007904,0.009273,0.008882,0.008378,0.00289,0.002512,0.01783,0.008127,0.1831,0.7447,
0.8692,0.3697,0.006405,0.007889,0.009285,0.008885,0.008394,0.002881,0.002525,0.01779,0.008127,0.1831,0.7447,
0.8696,0.345,0.006387,0.007879,0.009283,0.008861,0.008304,0.002894,0.002497,0.01786,0.008025,0.1841,0.7439,
0.8682,0.3493,0.006339,0.007875,0.009238,0.008861,0.008134,0.002907,0.002491,0.01797,0.007879,0.1841,0.7442,
0.8678,0.3518,0.006268,0.007883,0.009243,0.008919,0.008134,0.002938,0.00246,0.01824,0.007572,0.1841,0.7442,
0.8693,0.3485,0.006491,0.007875,0.009248,0.008904,0.008044,0.002934,0.002467,0.0183,0.00773,0.184,0.744,
0.8689,0.3546,0.006487,0.007873,0.009253,0.008891,0.00799,0.002953,0.002517,0.01831,0.007603,0.1841,0.744,
0.8674,0.3596,0.006228,0.007858,0.00927,0.008853,0.007989,0.002943,0.002538,0.01833,0.007551,0.1841,0.7443,
0.8658,0.3331,0.006215,0.007838,0.009288,0.008853,0.009109,0.001822,0.002538,0.01846,0.007415,0.1841,0.7443,
0.8654,0.3327,0.006186,0.007819,0.009285,0.008855,0.009002,0.001837,0.002494,0.01863,0.007437,0.1839,0.7445,
0.8646,0.3485,0.006174,0.007816,0.009301,0.008855,0.009004,0.001724,0.002475,0.01863,0.007437,0.1839,0.7446,
0.8639,0.3376,0.006168,0.007805,0.009314,0.008854,0.008863,0.001724,0.002493,0.01878,0.00727,0.184,0.7447,
0.8625,0.3379,0.006152,0.007795,0.009325,0.008856,0.008648,0.001713,0.002477,0.01902,0.007022,0.1841,0.7449,
0.8622,0.3373,0.006094,0.007788,0.009332,0.008875,0.008606,0.001689,0.00251,0.01907,0.006995,0.184,0.745,
0.8599,0.3317,0.006033,0.007782,0.009342,0.008933,0.008092,0.001707,0.002518,0.01904,0.006995,0.184,0.7456,
0.8589,0.3323,0.006024,0.00777,0.009352,0.008901,0.007991,0.001706,0.002522,0.0191,0.006853,0.1841,0.7457,
0.8584,0.3339,0.006099,0.007766,0.009333,0.008891,0.00778,0.001706,0.002556,0.01906,0.006907,0.1841,0.7458,
0.8589,0.3315,0.006196,0.007767,0.009334,0.008863,0.007756,0.001714,0.002558,0.01904,0.006975,0.184,0.7458,
0.8587,0.3391,0.00625,0.007761,0.009342,0.008865,0.007586,0.001719,0.002589,0.01906,0.007021,0.1839,0.7459,
0.8575,0.3479,0.006318,0.007735,0.009311,0.00891,0.007399,0.001732,0.002627,0.01925,0.00665,0.184,0.7461,
0.8587,0.3451,0.006427,0.007729,0.009312,0.008906,0.007159,0.001704,0.00269,0.01921,0.007036,0.184,0.7459,
0.8575,0.3465,0.006325,0.007714,0.009323,0.008897,0.007092,0.001638,0.002736,0.01924,0.00696,0.184,0.7461,
0.8556,0.3533,0.006162,0.007701,0.009267,0.008867,0.006966,0.001638,0.002754,0.01932,0.006867,0.184,0.7465,
0.856,0.3568,0.006133,0.007692,0.009277,0.008894,0.006974,0.001629,0.003009,0.01904,0.006867,0.184,0.7465,
0.8567,0.3545,0.006291,0.007692,0.00928,0.00888,0.006905,0.001664,0.003021,0.01919,0.006804,0.1838,0.7464,
0.8566,0.3575,0.006269,0.007686,0.009293,0.008852,0.006914,0.001669,0.003059,0.01916,0.006786,0.1839,0.7465,
0.8582,0.365,0.006323,0.00769,0.009294,0.008841,0.006915,0.002442,0.002286,0.01916,0.007119,0.1835,0.7464,
0.8579,0.3671,0.006394,0.007683,0.009304,0.008827,0.006752,0.002442,0.002285,0.01922,0.007139,0.1835,0.7465,
0.8574,0.3545,0.006232,0.007686,0.009308,0.008866,0.006752,0.002442,0.002322,0.01921,0.007104,0.1835,0.7466,
0.8574,0.3556,0.006222,0.007681,0.00931,0.008848,0.006674,0.002494,0.002267,0.0192,0.0071,0.1839,0.7463,
0.8573,0.3554,0.006222,0.00767,0.009321,0.008848,0.006714,0.002455,0.002294,0.01925,0.007027,0.1839,0.7463,
0.8598,0.3654,0.00632,0.007661,0.009262,0.008843,0.00671,0.002472,0.002331,0.01936,0.007406,0.1838,0.7458,
0.86,0.3538,0.006328,0.007672,0.009264,0.008843,0.006688,0.002472,0.002331,0.01943,0.007426,0.1837,0.7458,
0.8591,0.3566,0.006041,0.007662,0.009268,0.008984,0.006702,0.002487,0.00232,0.01947,0.00732,0.1838,0.746,
0.8582,0.3595,0.005959,0.007659,0.009272,0.008963,0.006703,0.002487,0.002339,0.01973,0.007,0.1838,0.7461,
0.8574,0.3592,0.005811,0.007656,0.009276,0.008963,0.006691,0.002475,0.002353,0.01977,0.006946,0.1838,0.7462,
0.8564,0.3635,0.005637,0.007655,0.009289,0.008949,0.006691,0.002475,0.002372,0.01987,0.006832,0.1838,0.7464,
0.8552,0.3688,0.005593,0.007652,0.009305,0.00898,0.007663,0.001504,0.00239,0.01988,0.006797,0.1838,0.7464,
0.8553,0.3529,0.00565,0.007635,0.00931,0.008978,0.007688,0.001493,0.002375,0.02011,0.006648,0.1838,0.7464,
0.855,0.349,0.005569,0.007609,0.00932,0.008971,0.007697,0.001523,0.002397,0.02007,0.006617,0.1838,0.7464,
0.8548,0.3427,0.005563,0.007601,0.009335,0.008944,0.007712,0.001538,0.002385,0.02008,0.006561,0.1838,0.7465,
0.8546,0.3551,0.00556,0.007582,0.009342,0.008931,0.007731,0.001519,0.002421,0.02012,0.006479,0.1838,0.7465,
0.8537,0.3931,0.005469,0.007595,0.009349,0.008916,0.007723,0.001522,0.002421,0.02043,0.006152,0.1838,0.7466,
0.8536,0.3696,0.0054,0.007594,0.009354,0.008966,0.007723,0.001522,0.002478,0.02052,0.006006,0.1838,0.7466,
0.8534,0.3616,0.005396,0.007572,0.009342,0.008966,0.007758,0.001524,0.002517,0.0205,0.005951,0.1838,0.7466,
0.8533,0.3717,0.005392,0.007568,0.009346,0.008941,0.007757,0.001542,0.002513,0.02055,0.005883,0.1839,0.7467,
0.853,0.3676,0.005389,0.007552,0.00935,0.008928,0.007754,0.001523,0.002513,0.02055,0.005883,0.1839,0.7467,
0.8528,0.3547,0.00534,0.007542,0.009363,0.008974,0.007735,0.00154,0.002496,0.02053,0.005883,0.1839,0.7467,
0.8526,0.3503,0.005333,0.007549,0.009363,0.008974,0.007723,0.001557,0.002506,0.02064,0.005738,0.1839,0.7468,
0.8526,0.3508,0.005328,0.007549,0.009368,0.008974,0.007756,0.001539,0.00251,0.02064,0.005711,0.1839,0.7468,
0.8523,0.354,0.005324,0.007541,0.009376,0.008964,0.007757,0.001539,0.00251,0.02077,0.005587,0.1839,0.7468,
0.8529,0.3402,0.005395,0.007535,0.009343,0.008974,0.007757,0.001539,0.00251,0.02081,0.005668,0.1837,0.7467,
0.8529,0.3377,0.005378,0.007531,0.009349,0.00897,0.007767,0.001527,0.00251,0.02081,0.005667,0.1838,0.7467,
0.8531,0.3389,0.005366,0.00753,0.009361,0.00897,0.007789,0.001535,0.002578,0.02075,0.005627,0.1838,0.7467,
0.8529,0.3432,0.005292,0.007531,0.00937,0.009022,0.007766,0.001553,0.002601,0.02074,0.005594,0.1838,0.7467,
0.8528,0.3396,0.005285,0.007528,0.009379,0.009022,0.007766,0.001568,0.002587,0.02084,0.005491,0.1838,0.7467,
0.8519,0.3442,0.005187,0.007521,0.009299,0.009022,0.00778,0.001575,0.002611,0.0209,0.005384,0.1838,0.7469,
0.8514,0.3441,0.005182,0.007516,0.009303,0.008999,0.007742,0.001556,0.002626,0.02093,0.005341,0.1838,0.747,
0.851,0.3463,0.005166,0.007526,0.009307,0.008989,0.007676,0.001576,0.002605,0.02093,0.005332,0.1839,0.747,
0.8521,0.3445,0.005286,0.007536,0.009321,0.008989,0.007676,0.001576,0.002654,0.02088,0.005416,0.1838,0.7469,
0.8514,0.3531,0.005269,0.007539,0.009326,0.008983,0.007552,0.001576,0.002654,0.02088,0.00536,0.1839,0.747,
0.852,0.3518,0.005258,0.007532,0.009334,0.008994,0.007471,0.001534,0.003381,0.0202,0.005321,0.1839,0.7471,
0.8509,0.3556,0.005216,0.007529,0.009341,0.009017,0.007429,0.001504,0.003497,0.02069,0.004713,0.1839,0.7472,
0.8502,0.3624,0.005213,0.00753,0.009305,0.008926,0.007374,0.001516,0.003559,0.02067,0.004658,0.1839,0.7474,
0.8543,0.4056,0.005191,0.007526,0.009314,0.0089,0.00724,0.001525,0.007544,0.01667,0.004658,0.1839,0.7476,
0.8546,0.4255,0.005211,0.007507,0.009296,0.009003,0.007241,0.001502,0.007544,0.01681,0.004581,0.1838,0.7475,
0.8524,0.3878,0.005203,0.007499,0.009305,0.008952,0.007302,0.001374,0.007567,0.01776,0.003596,0.1838,0.7476,
0.8517,0.3576,0.005197,0.007496,0.009312,0.008937,0.007242,0.001316,0.007603,0.01772,0.003596,0.1839,0.7477,
0.8512,0.3585,0.005173,0.007478,0.009324,0.008939,0.007101,0.001476,0.007492,0.01771,0.003556,0.1839,0.7479,
0.8528,0.3616,0.005311,0.007467,0.009338,0.008926,0.007113,0.001441,0.007511,0.01779,0.003795,0.1836,0.7478,
0.8526,0.3711,0.005287,0.007464,0.009348,0.008942,0.007073,0.001428,0.007533,0.01776,0.003795,0.1836,0.7478,
0.8515,0.3684,0.005138,0.007456,0.009354,0.008939,0.006991,0.001416,0.00758,0.01782,0.003682,0.1838,0.7478,
0.8521,0.3833,0.00512,0.00744,0.009313,0.008941,0.006991,0.001437,0.009294,0.01616,0.003544,0.1839,0.7479,
0.8523,0.3753,0.005112,0.007439,0.009322,0.008941,0.006954,0.00144,0.01021,0.01523,0.003544,0.1839,0.7479,
0.8544,0.3578,0.00531,0.007445,0.009293,0.008941,0.006969,0.001425,0.01026,0.01532,0.00375,0.1836,0.7477,
0.8542,0.3945,0.005302,0.007427,0.009296,0.008938,0.006902,0.00142,0.01028,0.01531,0.00373,0.1838,0.7476,
0.8528,0.3673,0.005143,0.007407,0.009299,0.008924,0.006835,0.001421,0.01026,0.01538,0.003662,0.1838,0.7479,
0.8541,0.3603,0.005225,0.007406,0.009303,0.008917,0.006829,0.001442,0.01028,0.01533,0.003849,0.1838,0.7476,
0.8531,0.3612,0.005198,0.007401,0.00931,0.008898,0.007093,0.001145,0.01032,0.01525,0.003845,0.1838,0.7478,
0.8532,0.3477,0.005106,0.0074,0.009322,0.008863,0.007055,0.00114,0.01032,0.01534,0.004015,0.1835,0.7479,
0.8524,0.3907,0.005084,0.007396,0.009326,0.008766,0.007031,0.001122,0.01032,0.01538,0.003975,0.1835,0.7481,
0.8548,0.3605,0.005276,0.007392,0.009324,0.008745,0.007029,0.001121,0.01033,0.01539,0.004284,0.1834,0.7477,
0.8549,0.3616,0.005267,0.007381,0.009329,0.00872,0.007059,0.001112,0.01033,0.01536,0.004283,0.1837,0.7475,
0.854,0.3619,0.005072,0.007364,0.00934,0.00872,0.00706,0.001142,0.0103,0.01538,0.004264,0.1837,0.7477,
0.8533,0.3652,0.005055,0.007343,0.009339,0.008706,0.00702,0.00114,0.01031,0.01536,0.004226,0.1837,0.7478,
0.8551,0.3622,0.005086,0.007293,0.009343,0.008736,0.00694,0.00114,0.01044,0.01523,0.00475,0.1832,0.7478,
0.8544,0.4193,0.004977,0.00728,0.009341,0.008674,0.006912,0.001128,0.01042,0.01522,0.004747,0.1836,0.7477,
0.8545,0.3871,0.005074,0.007271,0.009351,0.008661,0.006706,0.001113,0.01045,0.0152,0.00494,0.1834,0.7478,
0.8582,0.3552,0.005062,0.007271,0.009363,0.008641,0.006693,0.007342,0.004219,0.0152,0.004932,0.1834,0.7478,
0.8575,0.3568,0.005057,0.007272,0.009366,0.00857,0.006635,0.007341,0.004201,0.0152,0.004932,0.1835,0.748,
0.8571,0.3511,0.005051,0.007275,0.00937,0.00857,0.00658,0.007359,0.004164,0.01526,0.004871,0.1835,0.7481,
0.8584,0.3501,0.005101,0.007269,0.009376,0.008552,0.006596,0.007365,0.004158,0.01526,0.005118,0.1834,0.7478,
0.8578,0.3524,0.005089,0.007267,0.009334,0.008542,0.006554,0.007383,0.004139,0.01542,0.004956,0.1834,0.748,
0.8577,0.3611,0.005062,0.007261,0.009333,0.008547,0.006554,0.007398,0.004156,0.01539,0.004956,0.1834,0.748,
0.8587,0.3616,0.005233,0.007263,0.009333,0.008519,0.006399,0.007406,0.004205,0.01538,0.005111,0.1834,0.7478,
0.8584,0.37,0.00519,0.007281,0.009336,0.008512,0.006399,0.007421,0.004254,0.01537,0.005005,0.1834,0.7478,
0.8591,0.3712,0.005221,0.007285,0.009338,0.008484,0.006399,0.007421,0.004291,0.01535,0.005156,0.1833,0.7478,
0.8583,0.3748,0.005145,0.007273,0.009341,0.008448,0.006327,0.007434,0.004293,0.01533,0.005079,0.1836,0.7477,
0.8577,0.3695,0.0051,0.007267,0.009349,0.008435,0.006282,0.007448,0.004296,0.01529,0.005079,0.1836,0.7478,
0.8575,0.39,0.005092,0.007267,0.009358,0.008423,0.0063,0.007407,0.004348,0.01527,0.005035,0.1836,0.7479,
0.8581,0.3495,0.005009,0.007233,0.009354,0.008407,0.006298,0.007382,0.004383,0.01523,0.005333,0.1835,0.7478,
0.8576,0.328,0.005008,0.007227,0.009361,0.008394,0.006242,0.007438,0.00446,0.01533,0.005086,0.1835,0.7479,
0.8564,0.3438,0.004873,0.007195,0.009342,0.008384,0.006207,0.007429,0.004492,0.01532,0.005047,0.1835,0.7482,
0.856,0.3439,0.004914,0.007182,0.009343,0.008371,0.006058,0.007443,0.00451,0.01533,0.005077,0.1835,0.7483,
0.8558,0.3403,0.004913,0.00718,0.009344,0.008356,0.006035,0.007455,0.004516,0.01529,0.005076,0.1835,0.7483,
0.8564,0.3398,0.005001,0.00718,0.009316,0.008342,0.006059,0.007475,0.004517,0.01527,0.00514,0.1834,0.7483,
0.8562,0.3431,0.004947,0.007183,0.009285,0.008288,0.005947,0.007474,0.004493,0.01526,0.005468,0.1831,0.7486,
0.8558,0.3462,0.004981,0.007175,0.009297,0.008288,0.005947,0.009074,0.002981,0.01517,0.005621,0.183,0.7485,
0.8544,0.3467,0.00494,0.007172,0.00919,0.008314,0.00581,0.009099,0.002962,0.01522,0.005551,0.183,0.7488,
0.8532,0.3509,0.004803,0.007156,0.009205,0.00826,0.005782,0.009105,0.002937,0.01524,0.005533,0.183,0.749,
0.8526,0.3618,0.004796,0.007157,0.009212,0.00826,0.005682,0.009086,0.002956,0.01524,0.005514,0.183,0.7491,
0.8548,0.3292,0.004939,0.007154,0.00922,0.00826,0.005644,0.009086,0.003001,0.01519,0.005954,0.1825,0.749,
0.8544,0.3286,0.004938,0.007141,0.009214,0.00826,0.005589,0.009067,0.003099,0.01524,0.005805,0.1825,0.7491,
0.8556,0.3261,0.005009,0.007138,0.009206,0.008225,0.005583,0.009077,0.003076,0.01528,0.005784,0.1833,0.7483,
0.8545,0.3461,0.00489,0.007135,0.009204,0.008211,0.005603,0.009035,0.003076,0.01534,0.005663,0.1834,0.7485,
0.8581,0.3416,0.00513,0.007112,0.009151,0.008261,0.00554,0.009006,0.003089,0.01531,0.006316,0.1833,0.7478,
0.8604,0.3479,0.005336,0.007099,0.009156,0.00828,0.005563,0.008979,0.003121,0.01541,0.006464,0.1832,0.7474,
0.8604,0.3427,0.005331,0.007073,0.009156,0.008285,0.005506,0.00899,0.00312,0.01553,0.006492,0.1831,0.7474,
0.86,0.3455,0.005414,0.007066,0.009124,0.008273,0.005321,0.009027,0.003101,0.01564,0.006494,0.1829,0.7476,
0.859,0.3416,0.005258,0.007052,0.00914,0.008273,0.005333,0.009015,0.003137,0.01567,0.006353,0.183,0.7478,
0.8602,0.336,0.005268,0.007041,0.009147,0.008253,0.005278,0.009021,0.00313,0.01566,0.006849,0.1825,0.7479,
0.8622,0.3375,0.00532,0.007026,0.009145,0.008244,0.005236,0.009013,0.003121,0.01562,0.007167,0.183,0.7471,
0.8628,0.3215,0.005361,0.007039,0.00915,0.008231,0.005213,0.009013,0.003369,0.01537,0.007222,0.183,0.747,
0.8616,0.3234,0.005186,0.007036,0.009156,0.008217,0.005141,0.009008,0.0034,0.01535,0.007203,0.183,0.7473,
0.8628,0.33,0.005337,0.007037,0.009162,0.008216,0.005081,0.009022,0.003406,0.01532,0.007378,0.183,0.747,
0.8611,0.3296,0.005185,0.007039,0.009167,0.008203,0.004941,0.009094,0.003348,0.01534,0.007308,0.183,0.7474,
0.8609,0.3451,0.005182,0.007031,0.009177,0.00819,0.004918,0.009108,0.003348,0.01532,0.007308,0.183,0.7474,
0.8619,0.346,0.005149,0.007025,0.009185,0.00819,0.004935,0.009156,0.003319,0.01529,0.007669,0.1827,0.7474,
0.864,0.3575,0.005241,0.007016,0.009198,0.008183,0.004935,0.009156,0.003338,0.01527,0.00818,0.1821,0.7473,
0.8639,0.358,0.005223,0.007015,0.009202,0.008183,0.004954,0.009153,0.003341,0.01535,0.008079,0.1822,0.7473,
0.8635,0.3357,0.005117,0.007029,0.009211,0.008183,0.005043,0.00909,0.003333,0.0154,0.008008,0.1822,0.7474,
0.8627,0.3293,0.004975,0.007006,0.009206,0.008247,0.004913,0.009024,0.003344,0.01543,0.007916,0.1829,0.7471,
0.8623,0.3329,0.004966,0.006992,0.00921,0.008208,0.004988,0.00899,0.003322,0.01577,0.007559,0.1829,0.7471,
0.8626,0.3389,0.004996,0.006978,0.009181,0.00817,0.005006,0.008993,0.003335,0.01573,0.007706,0.1827,0.7472,
0.8618,0.3446,0.004995,0.006973,0.009185,0.008086,0.005035,0.008998,0.003352,0.01614,0.007208,0.1828,0.7472,
0.8609,0.3286,0.004931,0.006935,0.009192,0.008071,0.00502,0.008995,0.003366,0.0162,0.007082,0.1828,0.7474,
0.8605,0.3283,0.005007,0.006925,0.009145,0.008057,0.004959,0.008958,0.003402,0.01633,0.006914,0.1829,0.7474,
0.8608,0.324,0.004965,0.006914,0.009159,0.008112,0.00501,0.008944,0.003366,0.0164,0.006943,0.1828,0.7474,
0.8604,0.3247,0.004961,0.006902,0.009166,0.008091,0.004966,0.008959,0.003369,0.0165,0.006829,0.1828,0.7475,
0.8597,0.3221,0.004866,0.00689,0.009167,0.008089,0.004953,0.008949,0.003346,0.01652,0.006809,0.1829,0.7475,
0.8603,0.3219,0.00493,0.006893,0.009169,0.008089,0.004989,0.008912,0.003364,0.01661,0.006791,0.1828,0.7474,
0.8615,0.3189,0.005046,0.006889,0.009172,0.008077,0.004975,0.008909,0.003378,0.01668,0.00693,0.1826,0.7474,
0.8621,0.3194,0.005099,0.006887,0.009175,0.008041,0.004996,0.008894,0.003366,0.01666,0.007123,0.1824,0.7474,
0.8615,0.3265,0.004995,0.006884,0.009176,0.008096,0.004988,0.008877,0.00337,0.01684,0.006927,0.1824,0.7474,
0.86,0.3344,0.004967,0.006876,0.009185,0.008096,0.004988,0.0104,0.00187,0.01685,0.007084,0.1822,0.7475,
0.86,0.3141,0.004966,0.006872,0.009191,0.008096,0.005017,0.01037,0.001889,0.01685,0.007065,0.1822,0.7475,
0.8606,0.3202,0.005128,0.006872,0.009172,0.008096,0.004999,0.01039,0.00186,0.01701,0.006945,0.1822,0.7473,
0.8612,0.3315,0.005157,0.006867,0.009178,0.008096,0.005014,0.01038,0.001878,0.01701,0.007067,0.182,0.7473,
0.8606,0.3265,0.005151,0.006838,0.009172,0.008083,0.004974,0.01037,0.001882,0.017,0.007029,0.1821,0.7474,
0.8624,0.3152,0.005266,0.006839,0.009165,0.008076,0.005002,0.01035,0.001864,0.0171,0.007066,0.1826,0.7467,
0.8637,0.3053,0.005413,0.006833,0.009174,0.008078,0.004996,0.0103,0.001879,0.01722,0.007169,0.1825,0.7464,
0.8633,0.3058,0.005408,0.006829,0.009182,0.008064,0.004964,0.01029,0.001903,0.01744,0.00691,0.1825,0.7465,
0.8629,0.3119,0.005391,0.006826,0.009169,0.008062,0.004959,0.01028,0.001868,0.01766,0.006692,0.1827,0.7464,
0.8661,0.3495,0.005491,0.006821,0.009177,0.008062,0.00889,0.006343,0.002069,0.01744,0.007208,0.1822,0.7463,
0.8656,0.3505,0.005412,0.006819,0.009139,0.008062,0.008929,0.006326,0.002072,0.01742,0.007208,0.1822,0.7464,
0.8655,0.3109,0.005313,0.006812,0.009141,0.008075,0.008976,0.006289,0.002053,0.01754,0.007072,0.1826,0.7461,
0.8648,0.3129,0.005246,0.006809,0.009103,0.008064,0.008967,0.006289,0.002053,0.01759,0.007015,0.1826,0.7462,
0.8646,0.3035,0.00524,0.006806,0.009111,0.008038,0.008985,0.006285,0.002065,0.0177,0.006876,0.1826,0.7463,
0.8635,0.3046,0.005127,0.006799,0.00905,0.008011,0.00897,0.006333,0.002054,0.0177,0.006831,0.1826,0.7465,
0.8641,0.3109,0.005187,0.006794,0.009018,0.008011,0.008966,0.006333,0.002035,0.01773,0.006981,0.1824,0.7465,
0.8648,0.3066,0.005192,0.006793,0.008984,0.008011,0.008977,0.006321,0.00215,0.01766,0.007148,0.1822,0.7465,
0.8666,0.3055,0.005359,0.006788,0.008983,0.007968,0.008991,0.00631,0.002167,0.01772,0.007275,0.1824,0.746,
0.865,0.3045,0.005238,0.00677,0.008969,0.007979,0.00878,0.006303,0.002209,0.0177,0.007222,0.1825,0.7463,
0.8653,0.3013,0.005285,0.006776,0.008972,0.007979,0.008739,0.006322,0.002223,0.01776,0.007207,0.1824,0.7463,
0.867,0.3109,0.005272,0.006783,0.008924,0.00794,0.008639,0.006306,0.003792,0.01629,0.007105,0.1824,0.7465,
0.8688,0.3189,0.00546,0.006778,0.008929,0.00794,0.008509,0.006283,0.004031,0.01612,0.007442,0.182,0.7465,
0.87,0.3129,0.005654,0.006758,0.008904,0.007909,0.008347,0.006264,0.004097,0.01605,0.007848,0.1816,0.7466,
0.8696,0.3147,0.00566,0.006741,0.00889,0.007913,0.008346,0.006208,0.004115,0.01604,0.007848,0.1816,0.7466,
0.8693,0.3367,0.005684,0.006729,0.008864,0.007884,0.008341,0.006189,0.004115,0.01614,0.007742,0.1816,0.7467,
0.8695,0.3316,0.005699,0.006732,0.00886,0.007877,0.008205,0.006171,0.004115,0.01616,0.007681,0.1824,0.7461,
0.8695,0.3269,0.005688,0.006741,0.008863,0.007877,0.008205,0.006171,0.004115,0.0162,0.007649,0.1824,0.7461,
0.8631,0.3114,0.005379,0.006736,0.008864,0.007877,0.007198,0.006133,0.004133,0.01626,0.00757,0.1824,0.7475,
0.8624,0.318,0.005363,0.006747,0.008867,0.007864,0.007111,0.00616,0.004157,0.01645,0.007312,0.1824,0.7476,
0.8602,0.3128,0.005027,0.00674,0.008875,0.007864,0.007006,0.006144,0.004171,0.01643,0.007312,0.1824,0.748,
0.8589,0.3174,0.004887,0.006732,0.008886,0.007852,0.006899,0.006144,0.004194,0.01643,0.007279,0.1824,0.7483,
0.8595,0.3179,0.004934,0.006731,0.008894,0.007869,0.006781,0.006162,0.004164,0.01643,0.007561,0.1821,0.7484,
0.8584,0.3192,0.004783,0.006732,0.008899,0.007798,0.006781,0.006181,0.004146,0.0165,0.007486,0.1821,0.7486,
0.8587,0.3197,0.004839,0.006738,0.008898,0.007754,0.006747,0.006172,0.004115,0.01674,0.007349,0.1823,0.7484,
0.8583,0.3203,0.004832,0.006734,0.008909,0.007754,0.006694,0.006171,0.004096,0.01681,0.007278,0.1823,0.7484,
0.8617,0.3188,0.005044,0.006728,0.008913,0.007738,0.006708,0.006102,0.004095,0.01687,0.007924,0.182,0.7479,
0.8596,0.3388,0.00496,0.006723,0.008919,0.007748,0.006705,0.007664,0.002468,0.01708,0.007715,0.182,0.7481,
0.8594,0.3286,0.004928,0.006722,0.008868,0.007722,0.006739,0.007644,0.002496,0.01709,0.007648,0.1822,0.7479,
0.8619,0.3187,0.005042,0.006708,0.008874,0.007705,0.006762,0.007635,0.002488,0.01707,0.00812,0.1821,0.7475,
0.8637,0.3087,0.005172,0.006707,0.008873,0.007689,0.006736,0.007611,0.00252,0.01731,0.008249,0.182,0.7471,
0.8635,0.3132,0.005082,0.006699,0.008887,0.007674,0.006754,0.007592,0.002549,0.01731,0.008306,0.1819,0.7472,
0.863,0.3071,0.005024,0.006691,0.008895,0.007659,0.006736,0.007625,0.002528,0.01733,0.008271,0.1819,0.7473,
0.862,0.3003,0.004901,0.006683,0.008888,0.007652,0.00671,0.007601,0.002528,0.01735,0.00821,0.182,0.7475,
0.8619,0.3014,0.004894,0.006682,0.008894,0.007638,0.006709,0.00763,0.002497,0.01737,0.008191,0.1821,0.7474,
0.8622,0.3027,0.004932,0.006677,0.008902,0.007663,0.006715,0.007594,0.002535,0.01735,0.008183,0.182,0.7474,
0.8638,0.2935,0.005015,0.006672,0.008912,0.007761,0.007691,0.006561,0.002493,0.01735,0.008594,0.1816,0.7473,
0.8633,0.2931,0.004853,0.006662,0.008919,0.007758,0.007687,0.006597,0.002454,0.01752,0.00842,0.182,0.7471,
0.8629,0.2927,0.004849,0.006663,0.008922,0.007758,0.007711,0.006549,0.00249,0.01773,0.00815,0.182,0.7472,
0.8654,0.3061,0.005008,0.006639,0.008896,0.00777,0.007797,0.00646,0.002514,0.01791,0.008526,0.1816,0.7469,
0.8668,0.3137,0.005236,0.006636,0.008901,0.007763,0.007764,0.006481,0.002554,0.01794,0.008552,0.1814,0.7467,
0.8677,0.3073,0.005215,0.006626,0.008909,0.007792,0.007746,0.006491,0.002599,0.01805,0.00871,0.1811,0.7467,
0.8684,0.3127,0.005383,0.00661,0.008886,0.00779,0.007666,0.006473,0.002621,0.01814,0.008801,0.1809,0.7467,
0.8677,0.311,0.00508,0.006595,0.008886,0.007782,0.0077,0.006452,0.002624,0.01839,0.00849,0.1818,0.7462,
0.8702,0.3091,0.005078,0.006595,0.008894,0.007768,0.007728,0.006383,0.002687,0.01845,0.009277,0.1809,0.7463,
0.8699,0.3082,0.005076,0.006585,0.008896,0.00775,0.007777,0.006297,0.002732,0.01846,0.009222,0.1809,0.7463,
0.8703,0.324,0.005181,0.006577,0.008906,0.00775,0.007705,0.006292,0.002732,0.01855,0.009199,0.1808,0.7463,
0.87,0.3269,0.00518,0.006572,0.008869,0.00775,0.00776,0.006267,0.002758,0.01872,0.008975,0.1808,0.7463,
0.8692,0.3336,0.005125,0.006559,0.008832,0.007735,0.00771,0.006293,0.002822,0.01865,0.008919,0.1809,0.7465,
0.8684,0.3247,0.005111,0.006566,0.008839,0.007735,0.007538,0.006314,0.002816,0.01863,0.008919,0.1809,0.7467,
0.8698,0.3208,0.005125,0.006566,0.008838,0.007728,0.007325,0.006298,0.002985,0.01857,0.009191,0.1812,0.7462,
0.8693,0.325,0.005116,0.006564,0.008841,0.007725,0.007303,0.007177,0.002159,0.01857,0.009115,0.1815,0.7459,
0.8693,0.3245,0.005066,0.006567,0.008853,0.00776,0.007303,0.007188,0.002196,0.01858,0.009054,0.1815,0.7459,
0.869,0.3273,0.005019,0.006568,0.008853,0.007792,0.007285,0.007202,0.002195,0.01873,0.008887,0.1815,0.7459,
0.8688,0.328,0.004984,0.006562,0.00886,0.007792,0.0073,0.007199,0.002207,0.01875,0.00885,0.1815,0.746,
0.8687,0.3738,0.00507,0.006558,0.008809,0.007792,0.007198,0.007144,0.002207,0.01901,0.008784,0.1814,0.7461,
0.8684,0.3757,0.005051,0.00655,0.00882,0.007779,0.00719,0.007108,0.002231,0.01902,0.008748,0.1814,0.7461,
0.8671,0.3411,0.005032,0.006559,0.008768,0.007739,0.007097,0.007084,0.002249,0.019,0.008574,0.1817,0.7462,
0.8665,0.3057,0.004985,0.00655,0.008786,0.00774,0.007061,0.007081,0.002263,0.01898,0.008575,0.1816,0.7464,
0.8644,0.3102,0.004629,0.006554,0.008751,0.00774,0.007004,0.007093,0.002266,0.01897,0.008575,0.1816,0.7469,
