entropy,entropyInd,RabA,RabB,RabC,RabD,RabE,RabF,RabG,RabH,RabI,xPM,
0.2357,0.2279,0.01748,0.004153,0.003137,0.005731,0.002495,0.001803,0.001402,0.00156,0.001604,0.9606,
0.2355,0.2284,0.01744,0.004154,0.003137,0.005713,0.002495,0.001803,0.001402,0.00156,0.001604,0.9607,
0.2354,0.2283,0.01744,0.004154,0.003136,0.005694,0.002495,0.001803,0.001402,0.00156,0.001603,0.9607,
0.2353,0.2279,0.01744,0.004153,0.003135,0.005689,0.002493,0.001803,0.001402,0.001559,0.001603,0.9607,
0.2406,0.2229,0.0174,0.00415,0.003133,0.005684,0.00249,0.001801,0.0014,0.001558,0.002497,0.9599,
0.2416,0.2219,0.0174,0.004149,0.003132,0.005683,0.00249,0.001801,0.0014,0.001557,0.002685,0.9597,
0.2415,0.2216,0.01737,0.004149,0.003131,0.005677,0.002488,0.001801,0.0014,0.001557,0.002684,0.9597,
0.2414,0.2239,0.01735,0.004149,0.003131,0.005677,0.002488,0.001801,0.0014,0.001557,0.002684,0.9598,
0.2413,0.224,0.01733,0.004149,0.003131,0.005677,0.002488,0.001801,0.0014,0.001557,0.002685,0.9598,
0.2411,0.2254,0.01729,0.004149,0.003131,0.005678,0.002488,0.001801,0.0014,0.001557,0.002685,0.9598,
0.241,0.2256,0.01725,0.004149,0.003131,0.005678,0.002488,0.001801,0.0014,0.001557,0.002685,0.9599,
0.241,0.2256,0.01725,0.004149,0.003131,0.005678,0.002488,0.001801,0.0014,0.001557,0.002685,0.9599,
0.2409,0.225,0.01723,0.004149,0.003132,0.005678,0.002488,0.001801,0.0014,0.001557,0.002685,0.9599,
0.2439,0.2217,0.01722,0.004147,0.00313,0.005656,0.002486,0.0018,0.001399,0.001556,0.003244,0.9594,
0.2439,0.2217,0.01722,0.004147,0.00313,0.005656,0.002486,0.0018,0.001399,0.001556,0.003244,0.9594,
0.2437,0.221,0.0172,0.004147,0.00313,0.005656,0.002467,0.001795,0.001393,0.001556,0.003244,0.9594,
0.2437,0.221,0.0172,0.004147,0.00313,0.005656,0.002467,0.001795,0.001393,0.001556,0.003244,0.9594,
0.2431,0.2216,0.01718,0.004147,0.00313,0.005656,0.002374,0.001795,0.001393,0.001556,0.003244,0.9595,
0.243,0.2217,0.01716,0.004147,0.00313,0.005656,0.002374,0.001795,0.001393,0.001556,0.003244,0.9595,
0.2451,0.2193,0.01738,0.004146,0.003129,0.005655,0.002374,0.001795,0.001393,0.001556,0.003473,0.9591,
0.2449,0.2196,0.01732,0.004146,0.003129,0.005655,0.002374,0.001795,0.001393,0.001556,0.003473,0.9592,
0.2447,0.2232,0.01728,0.004147,0.003129,0.005655,0.002374,0.001795,0.001393,0.001556,0.003473,0.9592,
0.2464,0.2206,0.01727,0.004145,0.003128,0.005653,0.002287,0.00178,0.001392,0.001555,0.003887,0.9589,
0.2463,0.2207,0.01725,0.004145,0.003128,0.005653,0.002287,0.00178,0.001393,0.001555,0.003887,0.9589,
0.2455,0.2216,0.01721,0.004145,0.003128,0.005653,0.002181,0.00178,0.001393,0.001555,0.003887,0.9591,
0.2454,0.2216,0.01719,0.004145,0.003128,0.005654,0.002181,0.001781,0.001393,0.001555,0.003887,0.9591,
0.2472,0.2169,0.01739,0.004144,0.003127,0.005633,0.002181,0.00178,0.001392,0.001555,0.004102,0.9587,
0.2472,0.2169,0.01739,0.004144,0.003127,0.005633,0.002181,0.00178,0.001392,0.001555,0.004102,0.9587,
0.2472,0.2159,0.01739,0.004144,0.003127,0.005633,0.002181,0.00178,0.001392,0.001555,0.004102,0.9587,
0.2471,0.2161,0.01735,0.004145,0.003128,0.005634,0.002181,0.00178,0.001392,0.001555,0.004102,0.9587,
0.2469,0.2163,0.01731,0.004145,0.003128,0.005634,0.002181,0.00178,0.001392,0.001555,0.004102,0.9588,
0.2509,0.2205,0.01728,0.00415,0.003133,0.00563,0.002224,0.001734,0.001415,0.001757,0.004594,0.9581,
0.2507,0.2215,0.01723,0.004154,0.003141,0.005612,0.002224,0.001734,0.001415,0.001757,0.004593,0.9581,
0.254,0.2165,0.01719,0.004159,0.003142,0.005608,0.002222,0.001733,0.001414,0.001756,0.005251,0.9575,
0.254,0.2181,0.01718,0.004152,0.003157,0.005608,0.002222,0.001733,0.001414,0.001756,0.005251,0.9575,
0.2533,0.2244,0.01709,0.004173,0.003159,0.005671,0.003343,6.125E-4,0.001414,0.002028,0.004979,0.9575,
0.2546,0.2171,0.01703,0.004176,0.003161,0.005679,0.003341,6.122E-4,0.001414,0.002027,0.005259,0.9573,
0.2554,0.2211,0.01702,0.004181,0.003166,0.005678,0.00334,6.121E-4,0.001451,0.002029,0.005355,0.9572,
0.2565,0.2194,0.017,0.004188,0.003168,0.005659,0.003359,5.928E-4,0.00145,0.002029,0.005607,0.9569,
0.2587,0.2192,0.017,0.00417,0.003185,0.005656,0.003357,6.482E-4,0.001394,0.002028,0.006038,0.9565,
0.2614,0.2156,0.01694,0.004173,0.00319,0.005688,0.003379,6.479E-4,0.001369,0.002027,0.006592,0.956,
0.2613,0.2142,0.01694,0.004166,0.003201,0.00567,0.003379,6.479E-4,0.001413,0.001982,0.006592,0.956,
0.2615,0.2176,0.01681,0.004158,0.003213,0.005785,0.003379,6.863E-4,0.001375,0.002038,0.006536,0.956,
0.2614,0.2312,0.01681,0.004159,0.00322,0.005785,0.003349,0.001413,6.481E-4,0.002082,0.006492,0.956,
0.2608,0.2315,0.01679,0.004171,0.003226,0.005786,0.00335,0.001453,6.273E-4,0.002063,0.006358,0.9562,
0.2613,0.2328,0.01679,0.00417,0.0032,0.005785,0.003349,0.001453,6.272E-4,0.002062,0.006509,0.9561,
0.2614,0.2334,0.01678,0.004176,0.003203,0.005785,0.003349,0.001453,6.272E-4,0.002106,0.006465,0.9561,
0.265,0.2373,0.01676,0.004167,0.003213,0.005781,0.003371,0.001428,6.268E-4,0.002105,0.007223,0.9553,
0.265,0.2295,0.01675,0.00416,0.003227,0.005781,0.003371,0.001428,6.268E-4,0.002105,0.007223,0.9553,
0.2648,0.2304,0.01675,0.004158,0.003179,0.005781,0.003371,0.001428,6.268E-4,0.002163,0.007164,0.9554,
0.2647,0.2334,0.01674,0.004152,0.003188,0.005746,0.003383,0.00144,6.028E-4,0.002291,0.007037,0.9554,
0.2664,0.2339,0.01687,0.004155,0.00311,0.005726,0.003382,0.001439,6.265E-4,0.002467,0.007136,0.9551,
0.2672,0.2351,0.01686,0.004153,0.003116,0.005725,0.003381,0.001439,6.264E-4,0.002535,0.00721,0.955,
0.2672,0.2357,0.01685,0.00416,0.003118,0.005707,0.003381,0.001439,6.263E-4,0.002657,0.007088,0.955,
0.271,0.2297,0.01683,0.004158,0.00312,0.005702,0.003379,0.001438,6.258E-4,0.002655,0.007892,0.9542,
0.2756,0.2261,0.0168,0.00416,0.003125,0.005696,0.003375,0.001436,6.252E-4,0.002676,0.008874,0.9532,
0.2766,0.2804,0.01618,0.004777,0.003129,0.005696,0.003375,0.001436,7.711E-4,0.002554,0.00885,0.9532,
0.2767,0.2815,0.01617,0.004776,0.00313,0.005687,0.003375,0.001437,7.711E-4,0.002645,0.008759,0.9532,
0.2768,0.2829,0.0163,0.004776,0.003134,0.005669,0.003314,0.001437,7.707E-4,0.002645,0.008759,0.9532,
0.2768,0.2826,0.01629,0.004784,0.003141,0.005669,0.003314,0.001437,7.947E-4,0.002621,0.008759,0.9532,
0.278,0.2824,0.01629,0.004775,0.003149,0.005667,0.003313,0.001436,7.945E-4,0.00268,0.008941,0.953,
0.278,0.2893,0.01618,0.004786,0.00316,0.005748,0.003251,0.001436,8.647E-4,0.002792,0.008758,0.953,
0.2789,0.2812,0.01617,0.00479,0.00316,0.005747,0.003251,0.001436,8.646E-4,0.002883,0.00883,0.9529,
0.2784,0.2825,0.01614,0.004794,0.003066,0.005772,0.003251,0.001436,8.646E-4,0.002883,0.00883,0.953,
0.2784,0.2892,0.01614,0.00479,0.003073,0.005753,0.003213,0.001411,8.883E-4,0.003347,0.008342,0.953,
0.2782,0.2913,0.01614,0.004775,0.003088,0.005754,0.003249,0.001375,8.884E-4,0.003407,0.008233,0.9531,
0.2784,0.2956,0.01613,0.004764,0.003106,0.005754,0.003249,0.001375,9.123E-4,0.003483,0.008133,0.9531,
0.278,0.2985,0.01613,0.004761,0.003113,0.005754,0.00325,0.001375,9.124E-4,0.003539,0.007988,0.9532,
0.2777,0.2961,0.01612,0.004761,0.003118,0.005754,0.003204,0.001351,9.124E-4,0.00362,0.007907,0.9532,
0.2778,0.2967,0.01603,0.004766,0.003131,0.005829,0.003204,0.001351,9.124E-4,0.00362,0.007907,0.9532,
0.2766,0.3105,0.01602,0.004763,0.003148,0.005829,0.004058,4.971E-4,9.124E-4,0.00362,0.007907,0.9532,
0.2775,0.2776,0.01614,0.004758,0.003151,0.005809,0.004008,4.968E-4,9.121E-4,0.003703,0.00797,0.9531,
0.2776,0.3584,0.005753,0.004777,0.003151,0.01618,0.004008,5.121E-4,9.367E-4,0.003823,0.00781,0.9531,
0.2775,0.3611,0.005612,0.004776,0.003157,0.01631,0.004008,5.121E-4,9.367E-4,0.003908,0.007724,0.9531,
0.2776,0.3665,0.005609,0.00477,0.003166,0.01631,0.004008,5.121E-4,0.001007,0.003838,0.007724,0.9531,
0.2778,0.3643,0.005552,0.004774,0.003168,0.01637,0.004008,5.575E-4,9.808E-4,0.004078,0.007465,0.9531,
0.2779,0.3662,0.00555,0.004766,0.003179,0.01637,0.004008,5.575E-4,9.808E-4,0.004232,0.007311,0.9531,
0.2779,0.3684,0.005537,0.004775,0.003182,0.01637,0.004008,5.575E-4,9.808E-4,0.004232,0.007311,0.9531,
0.278,0.3745,0.005497,0.004772,0.003185,0.01641,0.004008,5.575E-4,0.001045,0.004308,0.007172,0.9531,
0.2806,0.3662,0.00568,0.004779,0.003184,0.0164,0.004006,5.573E-4,0.001044,0.00433,0.007493,0.9525,
0.2805,0.3677,0.00565,0.004787,0.003187,0.0164,0.004033,5.307E-4,0.001044,0.00437,0.007454,0.9525,
0.2804,0.3701,0.005578,0.004799,0.003191,0.01646,0.004003,5.665E-4,0.001009,0.004416,0.007408,0.9526,
0.2804,0.3468,0.005567,0.004799,0.003199,0.01644,0.004003,5.665E-4,0.001009,0.004626,0.007198,0.9526,
0.2809,0.3444,0.005558,0.004799,0.003208,0.01644,0.004023,5.699E-4,9.845E-4,0.004814,0.007108,0.9525,
0.2812,0.3453,0.005517,0.004803,0.003223,0.01644,0.004023,5.699E-4,9.845E-4,0.004814,0.007198,0.9524,
0.2813,0.3478,0.005485,0.004803,0.003229,0.01646,0.004023,5.699E-4,0.001036,0.004831,0.00713,0.9524,
0.2815,0.3195,0.005407,0.004803,0.00324,0.01649,0.004022,5.698E-4,0.001035,0.00483,0.007213,0.9524,
0.2847,0.3098,0.005393,0.004804,0.003244,0.01646,0.00402,5.694E-4,0.001035,0.005102,0.007631,0.9517,
0.2848,0.3145,0.005341,0.004802,0.003247,0.01651,0.00402,5.694E-4,0.001035,0.005271,0.007463,0.9517,
0.2855,0.3142,0.005323,0.004812,0.003252,0.01649,0.004019,5.885E-4,0.001039,0.005322,0.007555,0.9516,
0.2853,0.3215,0.005323,0.00481,0.003194,0.01649,0.004019,5.885E-4,0.001039,0.00557,0.007306,0.9517,
0.2852,0.315,0.005313,0.00482,0.003194,0.01647,0.004019,5.885E-4,0.001039,0.005723,0.007154,0.9517,
0.2852,0.316,0.005313,0.004816,0.003197,0.01643,0.004019,5.885E-4,0.001058,0.005988,0.006869,0.9517,
0.2852,0.3193,0.00531,0.004814,0.003201,0.01643,0.004019,5.885E-4,0.001058,0.006226,0.006632,0.9517,
0.2852,0.3184,0.00531,0.004812,0.003203,0.01643,0.004019,5.885E-4,0.001058,0.006226,0.006632,0.9517,
0.2863,0.3156,0.005411,0.004803,0.003212,0.01643,0.004019,5.884E-4,0.001058,0.006347,0.006629,0.9515,
0.2863,0.3129,0.005399,0.004812,0.003215,0.01643,0.004019,5.884E-4,0.001082,0.006532,0.006419,0.9515,
0.2863,0.3189,0.005397,0.004809,0.00322,0.01643,0.004019,5.884E-4,0.001082,0.006759,0.006192,0.9515,
0.2868,0.3237,0.005388,0.00481,0.003226,0.01643,0.004031,5.761E-4,0.001119,0.006745,0.006255,0.9514,
0.287,0.3157,0.00531,0.004811,0.003231,0.01648,0.004031,5.759E-4,0.001329,0.00669,0.0061,0.9514,
0.287,0.3157,0.00531,0.004803,0.003239,0.01648,0.004043,5.876E-4,0.001305,0.006714,0.006076,0.9514,
0.2864,0.3192,0.005286,0.004814,0.003251,0.01646,0.004155,4.614E-4,0.00129,0.006951,0.005839,0.9515,
0.2874,0.3212,0.005285,0.004813,0.003251,0.01644,0.004155,4.68E-4,0.001381,0.006968,0.005912,0.9513,
0.289,0.3218,0.005275,0.00482,0.00325,0.01644,0.004154,4.678E-4,0.00138,0.007159,0.006046,0.951,
0.2889,0.3265,0.005269,0.004809,0.003266,0.01644,0.004192,4.296E-4,0.001399,0.00714,0.006046,0.951,
0.289,0.3259,0.005267,0.004802,0.003276,0.01644,0.004192,4.296E-4,0.001447,0.007092,0.006046,0.951,
0.2913,0.3158,0.005263,0.004793,0.003282,0.01643,0.004239,3.8E-4,0.001466,0.007223,0.006383,0.9505,
0.2915,0.306,0.005151,0.004785,0.003294,0.01653,0.004239,4.118E-4,0.001434,0.007314,0.006362,0.9505,
0.2915,0.3061,0.005141,0.004769,0.003319,0.01653,0.004263,4.07E-4,0.001414,0.007362,0.006315,0.9505,
0.2915,0.2907,0.005138,0.004764,0.003325,0.0165,0.004263,4.262E-4,0.001451,0.007424,0.006197,0.9505,
0.2916,0.2914,0.005133,0.004766,0.003329,0.0165,0.004263,4.453E-4,0.00148,0.007376,0.006197,0.9505,
0.2925,0.2919,0.005128,0.004766,0.003331,0.01649,0.004262,4.751E-4,0.00145,0.007399,0.006362,0.9503,
0.2923,0.2976,0.005096,0.00476,0.003342,0.0165,0.004232,4.751E-4,0.001493,0.007517,0.006201,0.9504,
0.293,0.2958,0.005045,0.004766,0.003349,0.01652,0.004247,4.788E-4,0.001497,0.007632,0.006243,0.9502,
0.2943,0.2973,0.005034,0.004765,0.003358,0.01651,0.004246,4.787E-4,0.001521,0.00769,0.00641,0.95,
0.2944,0.2976,0.005034,0.004754,0.003369,0.01651,0.004246,5.026E-4,0.001532,0.007655,0.00641,0.95,
0.2944,0.3017,0.005029,0.004753,0.003376,0.01651,0.004246,5.026E-4,0.001611,0.007951,0.006035,0.95,
0.2966,0.3028,0.005015,0.004753,0.003384,0.0165,0.004244,5.393E-4,0.001722,0.007852,0.00639,0.9496,
0.2966,0.3029,0.005012,0.004756,0.003384,0.0165,0.004244,5.584E-4,0.001703,0.007954,0.006287,0.9496,
0.2963,0.3113,0.004996,0.004762,0.003394,0.01651,0.004244,5.823E-4,0.001679,0.008239,0.005953,0.9496,
0.2963,0.3081,0.004978,0.004776,0.003398,0.01649,0.004244,5.823E-4,0.001679,0.008239,0.005953,0.9497,
0.2958,0.3033,0.004971,0.004782,0.003399,0.01645,0.004175,5.823E-4,0.00172,0.008198,0.005953,0.9498,
0.2957,0.2983,0.004958,0.004768,0.003406,0.01645,0.004175,5.823E-4,0.001757,0.008185,0.005929,0.9498,
0.2953,0.2997,0.004952,0.004769,0.003412,0.01645,0.004199,5.84E-4,0.001731,0.008275,0.005754,0.9499,
0.2952,0.3185,0.004866,0.004772,0.003415,0.01653,0.004199,5.84E-4,0.001731,0.008299,0.00573,0.9499,
0.2952,0.3111,0.00485,0.004784,0.003418,0.01653,0.004199,5.84E-4,0.001751,0.008375,0.005634,0.9499,
0.295,0.3097,0.004847,0.004777,0.00343,0.01651,0.004226,5.862E-4,0.001721,0.008443,0.005567,0.9499,
0.2987,0.31,0.00499,0.004772,0.003433,0.01662,0.004224,6.05E-4,0.00172,0.008785,0.00572,0.9491,
0.2985,0.3083,0.00498,0.004775,0.00344,0.01662,0.004174,6.394E-4,0.001686,0.008785,0.00572,0.9492,
0.3002,0.3085,0.004932,0.004792,0.003443,0.01664,0.004173,6.735E-4,0.001651,0.008782,0.006069,0.9488,
0.3012,0.3088,0.004928,0.004792,0.003444,0.01663,0.004172,7.077E-4,0.001635,0.008844,0.006194,0.9486,
0.3031,0.3173,0.004917,0.004785,0.003456,0.01663,0.00417,7.074E-4,0.001635,0.008975,0.006466,0.9483,
0.3027,0.3025,0.004744,0.004784,0.00346,0.01674,0.00417,7.07E-4,0.001635,0.009021,0.006419,0.9483,
0.3035,0.3103,0.004734,0.004792,0.003459,0.01674,0.00417,7.068E-4,0.001698,0.009326,0.006229,0.9481,
0.3035,0.304,0.004729,0.004788,0.003468,0.01674,0.00417,7.45E-4,0.00166,0.0094,0.006155,0.9481,
0.3035,0.2963,0.004724,0.004789,0.003472,0.01674,0.00417,7.45E-4,0.001692,0.009451,0.006071,0.9481,
0.3058,0.2941,0.004719,0.004789,0.00347,0.01673,0.004154,7.086E-4,0.001691,0.009494,0.00657,0.9477,
0.3078,0.2953,0.004539,0.004783,0.003474,0.0169,0.004152,7.32E-4,0.001666,0.009616,0.006925,0.9472,
0.3078,0.2969,0.004528,0.00479,0.003478,0.0169,0.004176,7.361E-4,0.001638,0.00964,0.006902,0.9472,
0.3075,0.3025,0.004525,0.004789,0.003481,0.01688,0.004216,7.144E-4,0.001619,0.01003,0.006509,0.9472,
0.3074,0.309,0.004514,0.00479,0.00349,0.01682,0.004216,7.738E-4,0.001584,0.01001,0.006509,0.9473,
0.3074,0.3037,0.004513,0.004788,0.003493,0.01682,0.004216,7.976E-4,0.00156,0.0101,0.006419,0.9473,
0.3104,0.3045,0.004509,0.004778,0.003499,0.01681,0.004229,0.00129,0.00107,0.01007,0.007024,0.9467,
0.3102,0.31,0.004433,0.004784,0.003502,0.01688,0.004229,0.001383,9.767E-4,0.01012,0.006977,0.9467,
0.31,0.3064,0.004419,0.004787,0.003509,0.01683,0.004229,0.001383,9.997E-4,0.01025,0.006824,0.9468,
0.3105,0.3078,0.00439,0.004784,0.003514,0.01685,0.004305,0.001307,0.001081,0.01017,0.00691,0.9467,
0.3113,0.3085,0.004371,0.004795,0.00352,0.01685,0.004304,0.001336,0.001075,0.01018,0.007048,0.9465,
0.3113,0.3091,0.004361,0.004791,0.003515,0.01685,0.004304,0.001365,0.001114,0.01028,0.006886,0.9465,
0.3113,0.308,0.004356,0.004789,0.003521,0.01685,0.004319,0.001405,0.001059,0.01028,0.006886,0.9465,
0.3113,0.3116,0.004352,0.004787,0.003528,0.01685,0.004319,0.00143,0.001071,0.01039,0.00674,0.9465,
0.3117,0.3123,0.004351,0.004777,0.003537,0.01685,0.004319,0.001454,0.001047,0.01057,0.006661,0.9464,
0.313,0.3117,0.004326,0.004766,0.003546,0.01685,0.004355,0.001415,0.001081,0.01057,0.006914,0.9462,
0.313,0.3131,0.004322,0.004767,0.003548,0.01685,0.004355,0.00143,0.001085,0.01062,0.006847,0.9462,
0.3131,0.3127,0.004318,0.004765,0.003555,0.01685,0.004355,0.001446,0.001117,0.01063,0.00679,0.9462,
0.3152,0.3112,0.004316,0.004757,0.003559,0.01684,0.004354,0.001445,0.001141,0.01067,0.007159,0.9458,
0.3176,0.3092,0.004311,0.004744,0.00355,0.01681,0.004351,0.001444,0.001199,0.01065,0.007663,0.9453,
0.3202,0.3062,0.004306,0.004739,0.003554,0.01681,0.004349,0.001444,0.00123,0.01061,0.008204,0.9448,
0.3212,0.3044,0.004304,0.00473,0.00356,0.0168,0.004248,0.001443,0.001229,0.01061,0.008542,0.9445,
0.3212,0.3086,0.004285,0.004746,0.003564,0.0168,0.004248,0.001443,0.001293,0.01083,0.008256,0.9445,
0.3211,0.3055,0.004281,0.004743,0.003568,0.01675,0.004303,0.001407,0.00134,0.0108,0.008217,0.9446,
0.3226,0.3049,0.004277,0.004736,0.003575,0.01668,0.004317,0.00141,0.001367,0.01075,0.008581,0.9443,
0.3236,0.3083,0.004269,0.004733,0.003583,0.01668,0.004316,0.001437,0.001411,0.01083,0.008629,0.9441,
0.327,0.345,0.004265,0.004735,0.003585,0.01668,0.004316,0.001453,0.004102,0.008123,0.008629,0.9441,
0.3271,0.3502,0.004253,0.00474,0.003592,0.01668,0.004328,0.00144,0.004144,0.008396,0.008313,0.9441,
0.3284,0.3513,0.004252,0.004736,0.003594,0.01667,0.004327,0.001465,0.004165,0.008533,0.008411,0.9438,
0.3283,0.3541,0.004243,0.004739,0.0036,0.01667,0.004315,0.001462,0.004293,0.008533,0.008269,0.9439,
0.3284,0.3601,0.004236,0.00474,0.003607,0.01667,0.00433,0.001478,0.004305,0.00849,0.008269,0.9439,
0.3284,0.3431,0.004232,0.00474,0.00361,0.01667,0.00433,0.001478,0.004329,0.008467,0.008269,0.9439,
0.3285,0.3448,0.004232,0.004735,0.003615,0.01667,0.00433,0.001493,0.004409,0.008449,0.008192,0.9439,
0.3285,0.3461,0.004223,0.004736,0.003623,0.01667,0.00433,0.001512,0.004437,0.008441,0.008152,0.9439,
0.3286,0.3482,0.004211,0.004739,0.003633,0.01667,0.004373,0.001526,0.004403,0.008417,0.008152,0.9439,
0.3322,0.3423,0.00437,0.004742,0.003632,0.01666,0.004394,0.001543,0.004397,0.008557,0.008568,0.9431,
0.3322,0.3446,0.00437,0.00474,0.003633,0.01666,0.004413,0.001524,0.004421,0.008623,0.008478,0.9431,
0.3322,0.3482,0.004365,0.004741,0.003637,0.01666,0.004413,0.001524,0.004457,0.00882,0.008246,0.9431,
0.3322,0.3643,0.004363,0.004736,0.003644,0.01666,0.004413,0.001553,0.004428,0.009138,0.007928,0.9431,
0.3322,0.3592,0.00436,0.004735,0.003649,0.01666,0.004437,0.001529,0.004497,0.009273,0.007724,0.9431,
0.3318,0.3403,0.004353,0.004725,0.003665,0.01666,0.004383,0.001545,0.004465,0.009273,0.007724,0.9432,
0.3354,0.322,0.00435,0.004717,0.003666,0.01665,0.004379,0.00157,0.004503,0.009262,0.008439,0.9425,
0.3354,0.3378,0.00433,0.004735,0.003669,0.01665,0.004379,0.00157,0.004503,0.009436,0.008266,0.9425,
0.3353,0.3252,0.004313,0.004746,0.003675,0.01665,0.004391,0.001576,0.004484,0.009893,0.007809,0.9425,
0.3349,0.3268,0.004314,0.00474,0.003681,0.01665,0.004415,0.001553,0.004484,0.01019,0.007438,0.9425,
0.3366,0.3164,0.004309,0.00473,0.00369,0.01665,0.004436,0.001529,0.004482,0.01023,0.007773,0.9422,
0.3366,0.3167,0.004307,0.004729,0.003694,0.01665,0.004436,0.001576,0.004436,0.01023,0.007773,0.9422,
0.3371,0.3118,0.004306,0.004719,0.003703,0.01664,0.004436,0.001595,0.004416,0.01023,0.007864,0.9421,
0.3361,0.3048,0.004307,0.004711,0.003712,0.01665,0.0049,0.00115,0.004442,0.01051,0.007464,0.9422,
0.3376,0.3107,0.00429,0.004709,0.003726,0.01664,0.004898,0.001169,0.004445,0.01056,0.007694,0.9419,
0.3381,0.3257,0.004277,0.004722,0.003726,0.01661,0.004918,0.003103,0.002492,0.0106,0.007602,0.942,
0.3414,0.3273,0.004264,0.004716,0.003736,0.01659,0.004929,0.003109,0.002467,0.01082,0.008123,0.9412,
0.341,0.3322,0.004181,0.00471,0.003742,0.01668,0.004929,0.003133,0.002467,0.0108,0.008045,0.9413,
0.3423,0.3252,0.00418,0.004702,0.003747,0.01667,0.004878,0.003171,0.002427,0.01098,0.008217,0.941,
0.3422,0.3252,0.004166,0.004714,0.003748,0.01667,0.004878,0.003171,0.002427,0.01118,0.008016,0.941,
0.3422,0.3332,0.004163,0.004716,0.00375,0.01667,0.004878,0.003239,0.002359,0.01124,0.007953,0.941,
0.3433,0.3245,0.004155,0.00472,0.003751,0.01667,0.004899,0.003216,0.00239,0.01121,0.008197,0.9408,
0.3432,0.327,0.004141,0.004726,0.003759,0.01667,0.004919,0.003214,0.002371,0.01147,0.007936,0.9408,
0.3431,0.3397,0.004131,0.004731,0.003763,0.01665,0.004919,0.003233,0.002352,0.01163,0.007776,0.9408,
0.343,0.3123,0.004131,0.004728,0.003766,0.01665,0.004942,0.003249,0.002314,0.0118,0.007605,0.9408,
0.3427,0.3127,0.004124,0.004731,0.00377,0.0166,0.004941,0.003307,0.002256,0.01188,0.007524,0.9409,
0.3424,0.317,0.004119,0.004732,0.003774,0.01658,0.004965,0.003283,0.002275,0.0123,0.007087,0.9409,
0.3435,0.3135,0.004239,0.004727,0.003785,0.01657,0.004949,0.003359,0.00219,0.01232,0.007185,0.9407,
0.3435,0.3045,0.004239,0.004723,0.003788,0.01657,0.004968,0.003359,0.002171,0.01232,0.007185,0.9407,
0.3435,0.3075,0.004238,0.004717,0.003795,0.01657,0.004966,0.00333,0.002267,0.01222,0.007185,0.9407,
0.3432,0.31,0.004238,0.004705,0.003807,0.01657,0.004992,0.003279,0.00228,0.01218,0.007185,0.9408,
0.3449,0.312,0.004233,0.004698,0.003808,0.01655,0.005002,0.003265,0.002279,0.01246,0.007319,0.9404,
0.3449,0.3217,0.004215,0.004711,0.003813,0.01655,0.005022,0.0033,0.002271,0.0126,0.007133,0.9404,
0.3446,0.3232,0.004211,0.004712,0.003817,0.01656,0.005022,0.003348,0.002263,0.01261,0.007034,0.9404,
0.3476,0.315,0.004205,0.004709,0.003817,0.01654,0.005019,0.003346,0.002262,0.01266,0.007617,0.9398,
0.3493,0.3236,0.004203,0.004706,0.003817,0.01654,0.004991,0.003338,0.002375,0.0126,0.007939,0.9395,
0.3493,0.3204,0.004201,0.004699,0.003826,0.01654,0.00503,0.003336,0.002379,0.01256,0.007939,0.9395,
0.3493,0.3228,0.004189,0.004709,0.003828,0.01654,0.00503,0.003379,0.002371,0.01262,0.007838,0.9395,
0.3519,0.3213,0.00433,0.004699,0.003837,0.01653,0.005065,0.003472,0.002321,0.01256,0.00819,0.939,
0.3516,0.3235,0.004329,0.004695,0.003787,0.01653,0.005086,0.003476,0.002321,0.01254,0.00819,0.939,
0.3513,0.339,0.0043,0.004686,0.003796,0.01656,0.005086,0.0035,0.002381,0.01252,0.008035,0.9391,
0.3514,0.3322,0.004297,0.004683,0.003803,0.01656,0.005086,0.003554,0.002421,0.01247,0.007988,0.9391,
0.3514,0.3533,0.00429,0.004687,0.003806,0.01656,0.005124,0.003516,0.002421,0.01247,0.007988,0.9391,
0.3511,0.3481,0.004278,0.004697,0.003808,0.01656,0.005148,0.003553,0.002361,0.0125,0.007916,0.9392,
0.3509,0.3371,0.00427,0.004694,0.003818,0.01655,0.00516,0.003541,0.002361,0.01278,0.007636,0.9392,
0.3513,0.3386,0.004254,0.004702,0.003826,0.01655,0.005178,0.003522,0.002606,0.01253,0.007636,0.9392,
0.3512,0.3369,0.004236,0.004714,0.003831,0.01655,0.005194,0.003507,0.00263,0.0126,0.007541,0.9392,
0.352,0.3371,0.004229,0.004715,0.003836,0.01654,0.005193,0.003506,0.002649,0.01262,0.007658,0.939,
0.3519,0.3416,0.004218,0.004718,0.00384,0.01653,0.005193,0.003506,0.002727,0.01275,0.007456,0.9391,
0.3527,0.3643,0.004171,0.00472,0.003842,0.01657,0.005204,0.003524,0.00272,0.01272,0.00763,0.9389,
0.3525,0.3367,0.004158,0.004729,0.003846,0.01657,0.005204,0.003524,0.00272,0.01303,0.007325,0.9389,
0.3525,0.3373,0.004151,0.004732,0.003849,0.01657,0.005223,0.003505,0.002744,0.01312,0.007213,0.9389,
0.3531,0.3329,0.004142,0.004728,0.003811,0.01656,0.005222,0.003504,0.002767,0.01314,0.007346,0.9388,
0.3512,0.345,0.004142,0.004723,0.003763,0.01656,0.006815,0.001886,0.002761,0.01323,0.007238,0.9389,
0.3526,0.3292,0.004295,0.004728,0.003764,0.01656,0.006834,0.001865,0.002795,0.01335,0.007217,0.9386,
0.3522,0.3316,0.004293,0.004728,0.003767,0.01656,0.00685,0.001835,0.002823,0.01332,0.007154,0.9387,
0.3547,0.3263,0.004278,0.004733,0.003769,0.01655,0.006891,0.001789,0.002821,0.01331,0.007728,0.9381,
0.3558,0.3265,0.004256,0.004738,0.003774,0.01654,0.006908,0.001792,0.002797,0.0133,0.007989,0.9379,
0.3566,0.3343,0.004255,0.004731,0.003779,0.01654,0.006959,0.001739,0.002815,0.0135,0.007982,0.9377,
0.3561,0.3333,0.004246,0.004734,0.003786,0.01652,0.006959,0.001787,0.002767,0.01363,0.007749,0.9378,
0.356,0.3318,0.004236,0.00474,0.00379,0.01652,0.006959,0.001787,0.002767,0.01371,0.007671,0.9378,
0.357,0.3379,0.00423,0.004743,0.003791,0.01652,0.006958,0.001897,0.002691,0.01382,0.007729,0.9376,
0.3568,0.3334,0.004223,0.004747,0.003793,0.01652,0.006946,0.001942,0.002639,0.01382,0.007723,0.9376,
0.3567,0.3393,0.004209,0.00476,0.003794,0.01652,0.006969,0.001919,0.002639,0.01389,0.007648,0.9376,
0.3567,0.3396,0.004206,0.004756,0.003802,0.01652,0.007017,0.001915,0.002595,0.01389,0.007648,0.9376,
0.3568,0.3456,0.004196,0.004758,0.003809,0.0165,0.007046,0.001884,0.002737,0.01385,0.007552,0.9377,
0.3554,0.3456,0.004165,0.004756,0.003784,0.01645,0.006997,0.001826,0.002771,0.01388,0.007432,0.9379,
0.355,0.3123,0.004131,0.004759,0.003796,0.01645,0.006992,0.001801,0.002795,0.01394,0.007321,0.938,
0.3554,0.3137,0.00425,0.004757,0.003803,0.01645,0.006992,0.00182,0.002817,0.01427,0.006939,0.9379,
0.3567,0.3158,0.004409,0.004748,0.003811,0.01645,0.006992,0.00182,0.002817,0.01448,0.006851,0.9376,
0.3565,0.3186,0.004371,0.004742,0.003816,0.01645,0.006992,0.001893,0.002779,0.01449,0.006808,0.9377,
0.3563,0.3167,0.004363,0.004744,0.003823,0.01645,0.006992,0.001893,0.002779,0.01455,0.006693,0.9377,
0.3561,0.3232,0.004315,0.004743,0.003825,0.0165,0.006992,0.001893,0.002779,0.01504,0.006269,0.9377,
0.356,0.3255,0.004262,0.004749,0.003833,0.01654,0.007011,0.001889,0.002764,0.01506,0.006245,0.9377,
0.3559,0.3419,0.004255,0.004751,0.003838,0.01654,0.007011,0.001889,0.002764,0.01514,0.006162,0.9377,
0.3557,0.3409,0.004244,0.004761,0.003838,0.01654,0.007026,0.001874,0.002764,0.01535,0.00595,0.9377,
0.3556,0.3364,0.004241,0.004753,0.003849,0.01654,0.007026,0.001874,0.002783,0.01548,0.005807,0.9377,
0.3552,0.3329,0.004156,0.004756,0.003855,0.0166,0.007041,0.001897,0.002809,0.01548,0.00569,0.9377,
0.3574,0.3142,0.004148,0.004754,0.003858,0.01657,0.007038,0.001921,0.002782,0.01564,0.006032,0.9373,
0.3574,0.3147,0.004141,0.004756,0.003862,0.01657,0.007088,0.001909,0.002763,0.01562,0.006032,0.9373,
0.3608,0.3273,0.004132,0.004752,0.003866,0.01656,0.007095,0.001927,0.002729,0.01593,0.006497,0.9365,
0.3605,0.3131,0.004124,0.004749,0.003877,0.01654,0.007134,0.001888,0.002729,0.01616,0.006268,0.9365,
0.3621,0.3136,0.004117,0.004747,0.003881,0.01653,0.007132,0.001887,0.002774,0.01611,0.006582,0.9362,
0.3621,0.3145,0.004116,0.004743,0.003887,0.01653,0.007193,0.001826,0.00284,0.01606,0.006559,0.9362,
0.362,0.3255,0.004091,0.004759,0.003895,0.01653,0.007193,0.001841,0.002848,0.01621,0.006394,0.9362,
0.367,0.3581,0.004068,0.004771,0.003903,0.01653,0.007147,0.001822,0.007076,0.01229,0.006312,0.9361,
0.3671,0.3737,0.004066,0.00477,0.003907,0.01653,0.007147,0.001845,0.007134,0.01227,0.006249,0.9361,
0.3671,0.3637,0.004055,0.004775,0.003912,0.01653,0.007147,0.001892,0.007124,0.0123,0.006182,0.9361,
0.3673,0.363,0.004055,0.004774,0.003912,0.01653,0.007165,0.001896,0.0071,0.0125,0.006047,0.936,
0.3669,0.3628,0.00405,0.004772,0.003919,0.01651,0.007086,0.001967,0.007084,0.01252,0.005975,0.9361,
0.3668,0.3639,0.004007,0.004775,0.003924,0.01653,0.007105,0.001948,0.007126,0.01247,0.005974,0.9361,
0.3705,0.3558,0.004208,0.004769,0.003926,0.01652,0.007152,0.001928,0.007183,0.01244,0.006475,0.9354,
0.3759,0.353,0.004183,0.004762,0.003924,0.0165,0.00717,0.0019,0.007234,0.01236,0.007654,0.9343,
0.376,0.3667,0.004179,0.004764,0.003926,0.0165,0.00721,0.001887,0.007835,0.01173,0.007607,0.9344,
0.379,0.3534,0.004169,0.004765,0.003926,0.01649,0.007205,0.001886,0.007853,0.01181,0.008193,0.9337,
0.3828,0.3501,0.00416,0.00476,0.003928,0.01647,0.007199,0.001884,0.007893,0.01175,0.00905,0.9329,
0.3828,0.349,0.004153,0.004764,0.003931,0.01647,0.007199,0.001884,0.007893,0.01178,0.009026,0.9329,
0.3837,0.3455,0.004141,0.00476,0.003946,0.01647,0.007164,0.001932,0.009483,0.01024,0.009052,0.9328,
0.3849,0.3487,0.00413,0.004761,0.003952,0.01647,0.007185,0.001908,0.009515,0.0102,0.009345,0.9325,
0.3868,0.3394,0.004122,0.004754,0.00396,0.01644,0.007181,0.001893,0.00951,0.01022,0.009798,0.9321,
0.3867,0.3375,0.004117,0.004754,0.003965,0.01644,0.007212,0.001863,0.009565,0.01023,0.009731,0.9321,
0.3871,0.348,0.004111,0.004754,0.003967,0.01642,0.007471,0.001589,0.009566,0.01022,0.009955,0.9319,
0.387,0.3318,0.004102,0.004759,0.003969,0.01639,0.007471,0.00159,0.009589,0.01019,0.009955,0.932,
0.387,0.3463,0.004095,0.004763,0.003972,0.01639,0.007471,0.00159,0.00966,0.01012,0.009955,0.932,
0.387,0.3458,0.004091,0.004765,0.003975,0.01639,0.007471,0.001613,0.009636,0.01018,0.009899,0.932,
0.387,0.2801,0.004088,0.004753,0.003989,0.01637,0.007471,0.001628,0.009645,0.01024,0.009817,0.932,
0.3883,0.2919,0.004085,0.00475,0.003992,0.01636,0.007469,0.001627,0.009642,0.01024,0.01013,0.9317,
0.3884,0.298,0.004082,0.004751,0.003994,0.01636,0.007469,0.001651,0.009686,0.01025,0.01004,0.9317,
0.3908,0.3036,0.004048,0.004757,0.003996,0.01637,0.007488,0.001627,0.009699,0.01023,0.01063,0.9312,
0.3911,0.296,0.004037,0.004766,0.003997,0.01637,0.007507,0.001606,0.009716,0.01021,0.01071,0.9311,
0.392,0.2835,0.004034,0.004757,0.004006,0.01636,0.007505,0.001606,0.009813,0.01011,0.01094,0.9309,
0.3952,0.3236,0.003907,0.004757,0.004014,0.01648,0.007505,0.006084,0.0054,0.01065,0.01033,0.9309,
0.3966,0.322,0.004077,0.004747,0.004021,0.01648,0.00745,0.006054,0.005375,0.01061,0.01061,0.9306,
0.3961,0.3288,0.004071,0.004747,0.00393,0.01648,0.007489,0.006043,0.005346,0.01077,0.01045,0.9307,
0.3961,0.3025,0.004071,0.004745,0.003932,0.01648,0.007538,0.005994,0.005414,0.01082,0.01034,0.9307,
0.3961,0.3046,0.004071,0.004741,0.003936,0.01648,0.007538,0.005994,0.005445,0.01079,0.01034,0.9307,
0.3961,0.3084,0.004067,0.004732,0.003949,0.01648,0.007561,0.005989,0.005426,0.01083,0.01029,0.9307,
0.3961,0.327,0.004057,0.004738,0.003952,0.01648,0.007561,0.005989,0.005426,0.01083,0.01029,0.9307,
0.3973,0.3137,0.00414,0.004741,0.003957,0.01648,0.007628,0.00592,0.005425,0.01085,0.01044,0.9304,
0.3973,0.3036,0.004095,0.004749,0.003959,0.01651,0.007628,0.00592,0.005425,0.01085,0.01044,0.9304,
0.3968,0.2986,0.004094,0.004738,0.003969,0.01649,0.007541,0.00592,0.005444,0.01083,0.01044,0.9305,
0.3967,0.2952,0.004088,0.004739,0.003974,0.01647,0.00756,0.005902,0.005475,0.01089,0.01036,0.9305,
0.3981,0.2955,0.004142,0.004749,0.003977,0.01647,0.007558,0.0059,0.005511,0.01104,0.0104,0.9303,
0.3979,0.3089,0.004128,0.004737,0.003984,0.01647,0.007539,0.005923,0.005501,0.01101,0.0104,0.9303,
0.3979,0.3153,0.004125,0.004741,0.003984,0.01647,0.007539,0.005923,0.005501,0.01105,0.01037,0.9303,
0.3988,0.3028,0.004121,0.004739,0.003986,0.01647,0.007561,0.005931,0.005468,0.01131,0.01033,0.9301,
0.3999,0.302,0.00412,0.004732,0.003991,0.01646,0.007559,0.005953,0.005443,0.01155,0.01036,0.9298,
0.3994,0.3024,0.004002,0.004733,0.003999,0.01656,0.007559,0.005997,0.005445,0.01192,0.009877,0.9299,
0.3994,0.2959,0.003999,0.004734,0.004,0.01656,0.007578,0.006002,0.005445,0.01192,0.009853,0.9299,
0.3997,0.2961,0.003992,0.004733,0.004007,0.01655,0.007578,0.006001,0.005482,0.01203,0.009787,0.9298,
0.4004,0.2852,0.003992,0.00473,0.004008,0.01653,0.007599,0.005977,0.005521,0.01227,0.009689,0.9297,
0.4012,0.2989,0.003979,0.004738,0.004009,0.01653,0.007616,0.005976,0.005501,0.0129,0.009292,0.9295,
0.4012,0.2981,0.003979,0.00473,0.004018,0.01653,0.007635,0.005957,0.005519,0.01297,0.009202,0.9295,
0.4025,0.3168,0.003976,0.004729,0.004018,0.01653,0.007632,0.006021,0.005452,0.013,0.009458,0.9292,
0.404,0.3143,0.004037,0.004725,0.004019,0.01652,0.007623,0.006063,0.00545,0.01293,0.009754,0.9289,
0.4039,0.3195,0.004031,0.004728,0.004023,0.01652,0.007623,0.006063,0.00545,0.01308,0.009604,0.9289,
0.4053,0.3089,0.003997,0.004735,0.004027,0.01653,0.007607,0.006053,0.00542,0.01329,0.009802,0.9285,
0.4044,0.302,0.003989,0.004742,0.004029,0.01652,0.007593,0.00605,0.005416,0.01355,0.009396,0.9287,
0.403,0.3215,0.003979,0.00475,0.004031,0.01652,0.007593,0.008574,0.002915,0.01368,0.009236,0.9287,
0.404,0.3148,0.003974,0.004751,0.004031,0.01651,0.007543,0.008572,0.002938,0.01375,0.009445,0.9285,
0.4072,0.3149,0.004078,0.004734,0.004047,0.0165,0.007538,0.008566,0.002936,0.01381,0.009994,0.9278,
0.4086,0.3064,0.004074,0.004733,0.004048,0.0165,0.007556,0.008544,0.002935,0.01388,0.01024,0.9275,
0.4097,0.2888,0.00407,0.004725,0.004056,0.01649,0.007577,0.008518,0.002934,0.01397,0.01041,0.9272,
0.4107,0.2938,0.004169,0.004725,0.003989,0.01649,0.007575,0.008554,0.002895,0.01414,0.01045,0.927,
0.4106,0.2874,0.004169,0.00472,0.003993,0.01649,0.007599,0.008556,0.00291,0.01427,0.01028,0.927,
0.4105,0.31,0.00415,0.004736,0.003996,0.01649,0.007599,0.008603,0.002863,0.01445,0.0101,0.927,
0.4113,0.3079,0.00415,0.004732,0.003999,0.01649,0.007644,0.008554,0.002863,0.0147,0.01005,0.9268,
0.4111,0.305,0.004149,0.004728,0.004003,0.01649,0.009279,0.006938,0.002844,0.01474,0.01001,0.9268,
0.411,0.3236,0.004136,0.004738,0.004006,0.01649,0.009279,0.006989,0.002794,0.01491,0.009842,0.9268,
0.412,0.3174,0.004135,0.004737,0.004005,0.01648,0.00925,0.006986,0.002769,0.01515,0.009911,0.9266,
0.4119,0.3134,0.004135,0.00473,0.004012,0.01648,0.009292,0.007003,0.002735,0.0152,0.009841,0.9266,
0.4119,0.3123,0.004135,0.004727,0.004014,0.01648,0.009292,0.007053,0.002715,0.01524,0.009763,0.9266,
0.4139,0.3113,0.004124,0.004731,0.004015,0.01647,0.00933,0.007026,0.002741,0.01531,0.01011,0.9261,
0.4146,0.2979,0.004023,0.004729,0.00402,0.01662,0.009301,0.007053,0.002712,0.01537,0.01025,0.9259,
0.4152,0.3279,0.004021,0.004726,0.004022,0.01662,0.009299,0.007066,0.002697,0.01543,0.01032,0.9258,
0.4147,0.2976,0.003949,0.00473,0.004028,0.01668,0.009323,0.007067,0.002697,0.01575,0.009933,0.9258,
0.4146,0.2725,0.003946,0.004731,0.004029,0.01668,0.009384,0.007048,0.002655,0.01583,0.009847,0.9258,
0.4145,0.2664,0.003939,0.004731,0.004036,0.01668,0.009406,0.007058,0.002646,0.01604,0.009622,0.9258,
0.415,0.2672,0.003834,0.004726,0.004044,0.01678,0.00942,0.007057,0.002662,0.01609,0.009688,0.9257,
0.415,0.2711,0.003834,0.004721,0.004048,0.01678,0.009474,0.007025,0.002684,0.01618,0.00955,0.9257,
0.4146,0.2604,0.003825,0.004731,0.004048,0.01677,0.009429,0.007026,0.002739,0.01628,0.009376,0.9258,
0.4145,0.2564,0.003822,0.004728,0.004052,0.01677,0.009429,0.007062,0.002745,0.01646,0.009153,0.9258,
0.4154,0.2567,0.00393,0.004739,0.004056,0.01675,0.009454,0.007035,0.002768,0.01656,0.009097,0.9256,
0.4153,0.2842,0.003923,0.004742,0.00406,0.01675,0.009524,0.006966,0.002768,0.01674,0.008917,0.9256,
0.4152,0.2758,0.003916,0.004743,0.004066,0.01675,0.009547,0.007027,0.002683,0.01681,0.008855,0.9256,
0.4148,0.2628,0.003915,0.004734,0.004075,0.01673,0.009502,0.007034,0.002672,0.01679,0.008853,0.9257,
0.4172,0.2547,0.003905,0.004734,0.004076,0.01672,0.009423,0.006977,0.002679,0.017,0.009342,0.9251,
0.4192,0.2524,0.003926,0.004733,0.004078,0.01674,0.009419,0.007021,0.002665,0.01696,0.009741,0.9247,
0.4187,0.2605,0.003901,0.004729,0.004082,0.01676,0.009387,0.007127,0.00254,0.01718,0.009522,0.9248,
0.4184,0.2519,0.003901,0.004723,0.004088,0.01676,0.009329,0.007127,0.00254,0.01724,0.009464,0.9248,
0.4186,0.2538,0.003889,0.004716,0.004087,0.01676,0.009363,0.007094,0.002766,0.01707,0.009411,0.9248,
0.4181,0.2577,0.003838,0.004712,0.004089,0.01678,0.009314,0.007074,0.002784,0.01714,0.009318,0.9249,
0.4181,0.2566,0.003827,0.004718,0.004094,0.01678,0.009337,0.007051,0.002803,0.01718,0.009264,0.9249,
0.4197,0.2645,0.004037,0.004714,0.004103,0.01678,0.009388,0.006999,0.002841,0.01725,0.009261,0.9246,
0.423,0.2641,0.00403,0.004701,0.00411,0.01675,0.00938,0.006994,0.002839,0.01731,0.009975,0.9239,
0.4223,0.2683,0.00403,0.004691,0.004121,0.01675,0.009451,0.007404,0.002359,0.01759,0.009694,0.9239,
0.4221,0.2637,0.004026,0.004682,0.004134,0.01672,0.00945,0.007442,0.002355,0.01763,0.009617,0.9239,
0.4228,0.2643,0.004104,0.004669,0.004148,0.01672,0.009424,0.007407,0.002354,0.0177,0.009686,0.9238,
0.4232,0.2656,0.004085,0.004682,0.004152,0.0167,0.009423,0.007407,0.002403,0.0178,0.009632,0.9237,
0.4231,0.2704,0.004076,0.004687,0.004155,0.0167,0.009446,0.007384,0.002403,0.01788,0.00955,0.9237,
0.4231,0.2649,0.004074,0.004687,0.004157,0.0167,0.009446,0.007402,0.002384,0.01792,0.009508,0.9237,
0.4235,0.2724,0.004182,0.004681,0.004165,0.0167,0.009399,0.00739,0.002384,0.01804,0.00942,0.9236,
0.4228,0.2737,0.004182,0.004675,0.004173,0.01668,0.009377,0.007365,0.002488,0.01818,0.009089,0.9238,
0.4239,0.2771,0.004173,0.004681,0.004173,0.01666,0.009376,0.007387,0.002581,0.01806,0.009303,0.9236,
0.4232,0.2728,0.004171,0.004679,0.004177,0.01666,0.009229,0.007387,0.00265,0.01824,0.009049,0.9238,
0.4223,0.2818,0.004083,0.004667,0.00419,0.01673,0.01022,0.006331,0.002697,0.01828,0.00896,0.9238,
0.4216,0.2778,0.004081,0.004666,0.004145,0.01673,0.01019,0.006285,0.00278,0.0185,0.008657,0.924,
0.4212,0.2755,0.004078,0.004662,0.004153,0.01673,0.01019,0.006213,0.00278,0.01863,0.008525,0.924,
0.4201,0.2834,0.004062,0.004674,0.004156,0.01673,0.01165,0.004773,0.002812,0.01879,0.008314,0.924,
0.4212,0.277,0.004194,0.004674,0.004158,0.01673,0.01153,0.004722,0.002881,0.01876,0.00851,0.9238,
0.4243,0.275,0.004437,0.004669,0.00416,0.01681,0.0115,0.005483,0.0021,0.01919,0.008636,0.923,
0.4241,0.2805,0.004436,0.004662,0.004169,0.01681,0.01151,0.005507,0.002065,0.01926,0.008536,0.923,
0.4237,0.2742,0.004426,0.00467,0.00417,0.0168,0.01146,0.00555,0.002022,0.01926,0.00853,0.9231,
0.4232,0.2795,0.004416,0.004675,0.004175,0.0168,0.01146,0.005527,0.002008,0.01946,0.008298,0.9232,
0.425,0.2728,0.004598,0.004671,0.00418,0.01679,0.01148,0.005507,0.002085,0.0195,0.008348,0.9228,
0.4245,0.2727,0.004584,0.004683,0.004183,0.01679,0.01142,0.005484,0.002112,0.01958,0.008231,0.9229,
0.4273,0.2647,0.004718,0.004676,0.004186,0.01677,0.01136,0.005469,0.002157,0.01989,0.008449,0.9223,
0.427,0.2587,0.004691,0.004676,0.004189,0.01679,0.01127,0.005469,0.002219,0.01983,0.008449,0.9224,
0.4271,0.2581,0.004689,0.004667,0.0042,0.01679,0.01127,0.005469,0.002294,0.01985,0.008359,0.9224,
0.4264,0.2633,0.004689,0.004665,0.004201,0.01679,0.01127,0.005478,0.002306,0.02033,0.007804,0.9225,
0.425,0.3089,0.004833,0.004663,0.004201,0.01679,0.01459,0.002152,0.002375,0.02027,0.0082,0.9219,
0.4245,0.2839,0.004731,0.004667,0.004201,0.01687,0.01457,0.002176,0.00234,0.02038,0.008076,0.922,
0.4244,0.2823,0.004731,0.004666,0.004202,0.01687,0.01459,0.002176,0.002325,0.02043,0.008026,0.922,
0.4239,0.2673,0.004723,0.004674,0.004202,0.01687,0.01459,0.002123,0.002343,0.02061,0.007821,0.9221,
0.4237,0.2559,0.004701,0.004673,0.004207,0.01688,0.01454,0.002123,0.002343,0.02061,0.007821,0.9221,
0.4235,0.2538,0.004698,0.004674,0.00421,0.01689,0.01454,0.00215,0.002386,0.02061,0.007686,0.9222,
0.4232,0.2447,0.004698,0.004671,0.004213,0.01689,0.01447,0.002174,0.002363,0.02061,0.007686,0.9222,
0.4248,0.2417,0.004815,0.004685,0.004218,0.01688,0.01447,0.002173,0.002362,0.02061,0.007864,0.9219,
0.4282,0.2518,0.004993,0.00468,0.004224,0.01691,0.01451,0.002169,0.002313,0.02079,0.008249,0.9212,
0.4278,0.2383,0.004945,0.004674,0.00423,0.01696,0.01451,0.00224,0.002243,0.02111,0.007931,0.9212,
0.4316,0.2619,0.004936,0.004679,0.004233,0.01696,0.01445,0.00226,0.004759,0.01888,0.007596,0.9213,
0.4334,0.2604,0.005091,0.004676,0.004238,0.01695,0.01444,0.002278,0.004739,0.01887,0.007807,0.9209,
0.4361,0.2801,0.005081,0.004679,0.004236,0.0169,0.01445,0.004583,0.002541,0.01898,0.008198,0.9204,
0.4385,0.2869,0.00507,0.004658,0.004239,0.01689,0.01449,0.00452,0.002484,0.01916,0.008709,0.9198,
0.4383,0.3142,0.004882,0.004666,0.004241,0.01705,0.01449,0.00452,0.002576,0.01924,0.008538,0.9198,
0.4382,0.3128,0.00488,0.004665,0.004245,0.01705,0.01453,0.004504,0.002547,0.01924,0.008538,0.9198,
0.4379,0.2999,0.00487,0.004671,0.004249,0.01705,0.01448,0.004522,0.002565,0.01942,0.008319,0.9199,
0.4384,0.2831,0.004858,0.004661,0.004255,0.01704,0.01439,0.004546,0.002617,0.0194,0.008446,0.9198,
0.4381,0.2737,0.004857,0.004657,0.004258,0.01703,0.01442,0.004523,0.002617,0.01956,0.008275,0.9198,
0.438,0.244,0.004814,0.004651,0.004266,0.01707,0.01442,0.004564,0.002576,0.01963,0.00821,0.9198,
0.4411,0.2662,0.004726,0.004644,0.004267,0.01714,0.01443,0.004481,0.004937,0.01731,0.008168,0.9199,
0.441,0.2652,0.004724,0.00464,0.004273,0.01714,0.01443,0.004536,0.004882,0.01748,0.007998,0.9199,
0.441,0.2948,0.00471,0.004648,0.004279,0.01714,0.01444,0.004524,0.004905,0.01746,0.007998,0.9199,
0.442,0.2868,0.004798,0.004641,0.004284,0.01712,0.01441,0.004513,0.00493,0.01743,0.008165,0.9197,
0.4435,0.2825,0.004984,0.004629,0.004292,0.01711,0.01445,0.004531,0.004868,0.01748,0.008254,0.9194,
0.4443,0.2703,0.004976,0.004634,0.004293,0.01711,0.0145,0.004529,0.00484,0.01759,0.008331,0.9192,
0.443,0.2559,0.004976,0.004634,0.004293,0.01711,0.01533,0.003687,0.004836,0.01768,0.008223,0.9192,
0.4436,0.2614,0.004968,0.004636,0.004297,0.01711,0.01538,0.003704,0.004758,0.01767,0.008379,0.9191,
