entropy,entropyInd,RabA,RabB,RabC,RabD,RabE,RabF,RabG,RabH,RabI,xER,xPM,
0.8684,0.4196,0.0113,0.008895,0.009409,0.01005,0.007531,0.004842,0.003547,0.005856,0.008246,0.1865,0.7438,
0.8674,0.4076,0.0113,0.008895,0.009409,0.01005,0.007324,0.004833,0.003542,0.005856,0.008246,0.1865,0.744,
0.8678,0.4073,0.01138,0.008892,0.009406,0.01004,0.007199,0.004827,0.003541,0.005854,0.008356,0.1867,0.7438,
0.8676,0.3869,0.01138,0.008892,0.009406,0.01004,0.007149,0.004827,0.003541,0.005854,0.008356,0.1867,0.7438,
0.8691,0.3846,0.01144,0.008892,0.009406,0.01004,0.007051,0.004827,0.003541,0.005854,0.008918,0.1861,0.7439,
0.8676,0.3871,0.01144,0.008886,0.009402,0.01004,0.006751,0.004815,0.003536,0.005854,0.008918,0.1861,0.7442,
0.868,0.3906,0.01143,0.00888,0.009395,0.01004,0.006708,0.004812,0.003534,0.00585,0.008912,0.1867,0.7438,
0.8674,0.3902,0.01143,0.00888,0.009371,0.01003,0.00663,0.004812,0.003534,0.00585,0.008912,0.1867,0.7439,
0.8659,0.3873,0.01143,0.008877,0.009366,0.00996,0.006388,0.004807,0.003534,0.00585,0.008912,0.1867,0.7442,
0.8648,0.3861,0.01142,0.008877,0.009366,0.009947,0.006154,0.004807,0.003534,0.00585,0.008912,0.1867,0.7444,
0.866,0.3846,0.0115,0.008873,0.009361,0.009931,0.006021,0.004805,0.003532,0.005847,0.00932,0.1866,0.7442,
0.8622,0.3911,0.01076,0.008855,0.009308,0.009918,0.005926,0.004805,0.003532,0.005847,0.009353,0.1866,0.7451,
0.8607,0.3835,0.01046,0.008837,0.009305,0.009879,0.005848,0.0048,0.003532,0.005847,0.009485,0.1865,0.7455,
0.8585,0.3879,0.01014,0.008774,0.009255,0.009824,0.0058,0.004799,0.003532,0.005846,0.009484,0.1866,0.7459,
0.858,0.3819,0.009909,0.008662,0.009251,0.00981,0.005761,0.004799,0.003532,0.005846,0.009911,0.1862,0.7463,
0.8574,0.3784,0.009743,0.008641,0.009248,0.00977,0.005707,0.004799,0.003532,0.005846,0.01015,0.186,0.7466,
0.8537,0.383,0.00901,0.008606,0.009248,0.009755,0.005654,0.004796,0.003528,0.005842,0.01015,0.186,0.7474,
0.8524,0.3672,0.00858,0.00857,0.009247,0.009745,0.005616,0.004796,0.003528,0.005842,0.0105,0.1856,0.7479,
0.8514,0.3694,0.008218,0.008553,0.009236,0.009708,0.0056,0.004788,0.003521,0.005832,0.01048,0.1865,0.7476,
0.848,0.3716,0.007837,0.008546,0.009236,0.009693,0.005335,0.004765,0.003521,0.00582,0.01047,0.1865,0.7483,
0.8471,0.3669,0.007708,0.008546,0.009236,0.009693,0.005274,0.004761,0.003521,0.00582,0.01047,0.1865,0.7485,
0.8474,0.3644,0.007802,0.00854,0.009185,0.009689,0.005274,0.004761,0.003521,0.00582,0.01052,0.1864,0.7485,
0.8464,0.3659,0.007593,0.00854,0.009185,0.009674,0.005274,0.004761,0.003521,0.00582,0.01052,0.1864,0.7487,
0.8457,0.3679,0.007585,0.008531,0.009183,0.009664,0.00516,0.004761,0.003521,0.00582,0.01052,0.1864,0.7488,
0.8458,0.3673,0.007647,0.008513,0.009179,0.009628,0.005145,0.004757,0.003516,0.00582,0.01054,0.1865,0.7488,
0.8445,0.3634,0.007434,0.008512,0.009178,0.009619,0.005102,0.004757,0.003516,0.005819,0.01054,0.1865,0.749,
0.8439,0.3631,0.007356,0.008512,0.009177,0.009606,0.005051,0.004757,0.003515,0.005819,0.01054,0.1865,0.7492,
0.8439,0.3647,0.007356,0.008512,0.009177,0.009606,0.005051,0.004757,0.003515,0.005819,0.01054,0.1865,0.7492,
0.845,0.3603,0.007295,0.008498,0.009177,0.009591,0.00501,0.004757,0.003515,0.005819,0.01117,0.1859,0.7493,
0.845,0.3518,0.007288,0.008493,0.009172,0.009514,0.004972,0.004745,0.003508,0.005816,0.01116,0.1864,0.7489,
0.8448,0.3523,0.007286,0.008487,0.009167,0.009484,0.004972,0.004745,0.003508,0.005816,0.01116,0.1864,0.749,
0.8446,0.3605,0.007184,0.008491,0.009108,0.009557,0.005007,0.004753,0.003467,0.006165,0.01081,0.1864,0.7491,
0.8438,0.3712,0.007084,0.008491,0.009112,0.009565,0.0065,0.003271,0.003499,0.006261,0.01067,0.1864,0.7491,
0.8433,0.3687,0.006951,0.008498,0.009112,0.009647,0.00643,0.003342,0.003465,0.006476,0.01038,0.1865,0.7492,
0.8423,0.3702,0.006846,0.00849,0.009115,0.009602,0.006368,0.003326,0.003465,0.006724,0.01014,0.1864,0.7495,
0.8411,0.3917,0.006701,0.008486,0.00912,0.009564,0.006368,0.004904,0.00197,0.007189,0.009588,0.1864,0.7497,
0.8405,0.3869,0.006577,0.008482,0.00913,0.009548,0.006415,0.004887,0.001977,0.007188,0.009552,0.1865,0.7498,
0.839,0.3959,0.006404,0.008444,0.00914,0.009588,0.006257,0.004887,0.002002,0.007337,0.009378,0.1865,0.7501,
0.8422,0.3771,0.006556,0.008429,0.009143,0.009601,0.006191,0.004865,0.001981,0.007369,0.01008,0.1863,0.7495,
0.8405,0.3799,0.006443,0.00842,0.009156,0.009534,0.006015,0.004892,0.001946,0.007486,0.009966,0.1863,0.7498,
0.8397,0.3824,0.00643,0.008426,0.009163,0.009492,0.005861,0.004929,0.001935,0.007577,0.009848,0.1863,0.75,
0.8392,0.38,0.006397,0.008426,0.009164,0.009471,0.005877,0.004905,0.001909,0.00782,0.009571,0.1864,0.75,
0.8397,0.3825,0.00639,0.008427,0.00917,0.009543,0.005837,0.004919,0.001891,0.0081,0.009432,0.1863,0.75,
0.8371,0.383,0.006378,0.008416,0.009177,0.00953,0.005349,0.004896,0.001903,0.008197,0.009304,0.1863,0.7506,
0.8361,0.3908,0.006355,0.008377,0.009144,0.009518,0.005277,0.004884,0.001885,0.008821,0.008654,0.1864,0.7507,
0.8353,0.399,0.006346,0.008385,0.009147,0.009503,0.005144,0.004866,0.001885,0.008941,0.008535,0.1864,0.7509,
0.8362,0.3814,0.006474,0.00839,0.009156,0.009457,0.005125,0.004861,0.001885,0.009136,0.008507,0.1862,0.7508,
0.8359,0.3923,0.00637,0.00839,0.009164,0.009548,0.005069,0.004846,0.001885,0.009153,0.008487,0.1863,0.7508,
0.8355,0.3793,0.006351,0.008391,0.00917,0.00953,0.005022,0.004883,0.001866,0.009166,0.008456,0.1863,0.7508,
0.8365,0.3794,0.006396,0.008389,0.00918,0.00953,0.004968,0.004901,0.001866,0.009147,0.008781,0.186,0.7508,
0.8356,0.3869,0.006287,0.008387,0.009184,0.009543,0.004866,0.004901,0.001866,0.009243,0.008685,0.186,0.751,
0.8356,0.3835,0.006245,0.008387,0.009188,0.009581,0.0049,0.004868,0.001885,0.009316,0.008594,0.186,0.751,
0.8367,0.3922,0.006289,0.008391,0.009194,0.009593,0.004915,0.004849,0.001884,0.00943,0.008632,0.1861,0.7507,
0.8358,0.383,0.006162,0.008382,0.009157,0.009611,0.004847,0.004846,0.001929,0.009381,0.0087,0.1861,0.7509,
0.8354,0.3717,0.006119,0.008378,0.00916,0.009584,0.004859,0.004833,0.001953,0.009409,0.008608,0.1861,0.751,
0.8362,0.3793,0.006247,0.008369,0.009168,0.009536,0.004839,0.004865,0.001916,0.009488,0.008632,0.1862,0.7508,
0.8361,0.3778,0.006242,0.008352,0.009186,0.009521,0.00482,0.004879,0.001897,0.009748,0.008371,0.1863,0.7507,
0.8357,0.3764,0.006223,0.008323,0.009206,0.009522,0.004854,0.004904,0.001838,0.009865,0.008216,0.1863,0.7508,
0.8353,0.3751,0.006219,0.008302,0.009169,0.009514,0.004873,0.004911,0.001813,0.0102,0.007882,0.1863,0.7508,
0.8362,0.372,0.006256,0.008284,0.009178,0.009566,0.004937,0.004866,0.001794,0.01033,0.007934,0.1861,0.7508,
0.836,0.3727,0.006248,0.008285,0.009184,0.009538,0.00497,0.004871,0.001773,0.01051,0.007733,0.1861,0.7508,
0.836,0.3832,0.006215,0.008286,0.009195,0.009523,0.00504,0.004796,0.001837,0.01045,0.007713,0.1862,0.7507,
0.8393,0.367,0.006317,0.008253,0.009177,0.009488,0.005055,0.004799,0.001861,0.01052,0.0086,0.1853,0.7507,
0.8391,0.3992,0.006314,0.008252,0.009178,0.009467,0.005124,0.004726,0.001857,0.01056,0.008534,0.1853,0.7507,
0.8386,0.3957,0.006172,0.008258,0.00919,0.00954,0.005161,0.004699,0.001823,0.01072,0.008376,0.1853,0.7508,
0.8392,0.4,0.006384,0.008247,0.009159,0.009509,0.005132,0.00471,0.001854,0.01072,0.008324,0.1853,0.7507,
0.8396,0.3949,0.006374,0.00824,0.009152,0.0095,0.005162,0.004631,0.001852,0.01098,0.008007,0.1861,0.75,
0.8406,0.3626,0.006439,0.008236,0.009157,0.009463,0.005273,0.004521,0.001852,0.01102,0.00824,0.1859,0.7499,
0.8401,0.3684,0.006431,0.008239,0.009162,0.00942,0.005285,0.00473,0.001631,0.01134,0.007917,0.1859,0.75,
0.8398,0.3691,0.006343,0.008243,0.009168,0.009403,0.005269,0.004725,0.001641,0.01134,0.007896,0.1861,0.7499,
0.8403,0.3701,0.006462,0.008232,0.009124,0.009381,0.005322,0.004716,0.001596,0.01136,0.008003,0.186,0.7499,
0.839,0.3754,0.006301,0.008209,0.009133,0.009366,0.006368,0.003623,0.001596,0.01143,0.007933,0.1861,0.75,
0.8381,0.3737,0.006143,0.008192,0.009154,0.009351,0.006437,0.003572,0.001608,0.01152,0.007807,0.1861,0.7502,
0.839,0.3907,0.00627,0.008199,0.00916,0.00933,0.006435,0.003572,0.001608,0.01162,0.007827,0.1859,0.75,
0.8381,0.3618,0.006148,0.008188,0.009171,0.009317,0.006361,0.003606,0.001573,0.01168,0.007768,0.186,0.7501,
0.8373,0.3633,0.006134,0.008186,0.009139,0.009267,0.006413,0.003531,0.001573,0.01192,0.007492,0.1861,0.7503,
0.8372,0.3626,0.006122,0.008158,0.009141,0.009265,0.006232,0.003534,0.001627,0.01187,0.007669,0.186,0.7503,
0.8364,0.3647,0.006056,0.00813,0.009143,0.009256,0.006229,0.003491,0.001627,0.01197,0.007577,0.186,0.7505,
0.8354,0.3649,0.00588,0.00812,0.009156,0.009245,0.006233,0.003468,0.001623,0.01204,0.007507,0.186,0.7507,
0.8347,0.3676,0.005818,0.008087,0.009174,0.009245,0.006273,0.003406,0.001608,0.01215,0.007395,0.186,0.7508,
0.8319,0.3687,0.005807,0.008081,0.009182,0.009224,0.005756,0.003462,0.001549,0.01244,0.007109,0.186,0.7513,
0.832,0.3687,0.005789,0.008056,0.009184,0.00921,0.005687,0.003451,0.001606,0.01245,0.007284,0.1858,0.7515,
0.8326,0.3707,0.005722,0.008048,0.00919,0.009207,0.00567,0.003446,0.001643,0.0125,0.007425,0.1857,0.7514,
0.8314,0.374,0.005671,0.008041,0.009198,0.009211,0.006655,0.002444,0.001676,0.0126,0.00724,0.1858,0.7515,
0.8308,0.3862,0.005661,0.008032,0.009151,0.009202,0.006666,0.002422,0.001678,0.01269,0.007054,0.186,0.7515,
0.83,0.3744,0.005509,0.008032,0.009156,0.009202,0.006662,0.002414,0.001743,0.0126,0.007054,0.186,0.7516,
0.8296,0.3775,0.005499,0.00803,0.009167,0.009202,0.006603,0.002394,0.001777,0.01265,0.006965,0.186,0.7517,
0.8305,0.388,0.005493,0.008016,0.009178,0.009097,0.006596,0.002397,0.002674,0.01181,0.00689,0.186,0.7518,
0.8252,0.3963,0.005413,0.008008,0.009169,0.009093,0.005664,0.002394,0.002658,0.01188,0.006769,0.186,0.7529,
0.824,0.3934,0.005238,0.008008,0.009177,0.009032,0.005679,0.002394,0.00268,0.0119,0.006685,0.186,0.7532,
0.8228,0.4108,0.005221,0.008007,0.009181,0.008972,0.005611,0.003245,0.00183,0.01211,0.00641,0.1861,0.7533,
0.8225,0.401,0.005185,0.007987,0.00919,0.008945,0.005631,0.003226,0.001884,0.01217,0.0063,0.1861,0.7534,
0.8272,0.3969,0.005477,0.00798,0.009202,0.008945,0.005586,0.003263,0.001924,0.01216,0.00724,0.1851,0.7531,
0.8263,0.403,0.005468,0.007976,0.009136,0.008932,0.005586,0.003263,0.001957,0.01219,0.007023,0.1853,0.7532,
0.8272,0.4023,0.005528,0.007962,0.009138,0.008925,0.005552,0.003246,0.00203,0.01214,0.006981,0.186,0.7525,
0.8277,0.4048,0.005587,0.007964,0.009147,0.008944,0.00609,0.002728,0.002043,0.01223,0.007011,0.1858,0.7525,
0.8275,0.3996,0.005518,0.007949,0.009156,0.008952,0.006107,0.002752,0.002026,0.01227,0.006938,0.1859,0.7524,
0.8274,0.3939,0.005497,0.007942,0.009165,0.00897,0.006107,0.002729,0.002063,0.01229,0.006889,0.1859,0.7525,
0.8268,0.3931,0.005491,0.007936,0.009176,0.008925,0.006102,0.002725,0.002058,0.01252,0.006595,0.1859,0.7525,
0.8253,0.3933,0.005314,0.007933,0.009183,0.008916,0.006049,0.002712,0.002077,0.0126,0.006436,0.186,0.7528,
0.8248,0.4127,0.005294,0.007934,0.009149,0.00893,0.006046,0.002705,0.002114,0.01286,0.006131,0.1859,0.7529,
0.8246,0.3935,0.005183,0.00792,0.009155,0.00892,0.00606,0.002686,0.002114,0.01285,0.006293,0.1858,0.7531,
0.8241,0.3849,0.005182,0.007906,0.009162,0.008897,0.006075,0.002671,0.002147,0.01317,0.005882,0.1858,0.7531,
0.8238,0.374,0.005153,0.007904,0.009172,0.00889,0.006076,0.002661,0.002253,0.01308,0.005802,0.1859,0.7531,
0.822,0.3963,0.004821,0.007876,0.009177,0.008862,0.006092,0.002668,0.002292,0.01302,0.005802,0.1859,0.7535,
0.8215,0.3704,0.004813,0.007869,0.009182,0.008813,0.006024,0.002668,0.002348,0.01298,0.005783,0.1859,0.7536,
0.8212,0.3747,0.004806,0.007862,0.009197,0.008813,0.006024,0.002668,0.002377,0.01319,0.005508,0.1859,0.7536,
0.821,0.3774,0.004794,0.007866,0.009203,0.0088,0.006013,0.002642,0.002428,0.01314,0.00549,0.1859,0.7537,
0.8211,0.3926,0.004818,0.007838,0.009208,0.008791,0.00602,0.002649,0.002406,0.01325,0.005446,0.1859,0.7537,
0.8204,0.3868,0.004723,0.007816,0.009199,0.008777,0.006066,0.002604,0.002462,0.01334,0.005303,0.1859,0.7538,
0.8203,0.3948,0.004841,0.007808,0.00915,0.008711,0.006034,0.002632,0.002433,0.01345,0.005229,0.1859,0.7539,
0.8211,0.3702,0.004866,0.007798,0.009162,0.008669,0.006042,0.002647,0.002392,0.01359,0.00529,0.1859,0.7536,
0.82,0.3721,0.004835,0.007781,0.009168,0.008683,0.005986,0.002641,0.002392,0.01368,0.005068,0.1861,0.7537,
0.8215,0.3732,0.004911,0.00778,0.009175,0.00867,0.005983,0.002652,0.002363,0.01368,0.005457,0.1856,0.7538,
0.8213,0.3736,0.004812,0.007753,0.009184,0.008756,0.005992,0.002657,0.002377,0.01375,0.005358,0.1856,0.7538,
0.8232,0.372,0.004888,0.007745,0.009179,0.00875,0.005988,0.00269,0.002365,0.01383,0.00552,0.1858,0.7532,
0.8228,0.3669,0.004887,0.007741,0.009184,0.00875,0.005948,0.002661,0.002365,0.01383,0.00552,0.1858,0.7533,
0.8226,0.3653,0.004874,0.007742,0.009189,0.008728,0.005948,0.002683,0.002343,0.01391,0.005434,0.1859,0.7533,
0.821,0.3666,0.004789,0.007736,0.009197,0.008715,0.006972,0.001677,0.002339,0.0139,0.005434,0.1859,0.7534,
0.8207,0.3778,0.004787,0.007721,0.009205,0.008708,0.007013,0.001613,0.002366,0.01395,0.005354,0.1859,0.7534,
0.8206,0.3723,0.004786,0.007713,0.009215,0.008708,0.007029,0.00164,0.002327,0.01393,0.005354,0.1859,0.7534,
0.8202,0.3642,0.004722,0.007693,0.00923,0.008708,0.007006,0.001673,0.002294,0.01395,0.005335,0.1859,0.7535,
0.8218,0.363,0.004791,0.007689,0.009184,0.00866,0.007022,0.001654,0.002319,0.01396,0.005663,0.1858,0.7533,
0.822,0.3662,0.004923,0.007683,0.00915,0.008636,0.006968,0.001666,0.002344,0.01428,0.005381,0.1858,0.7532,
0.8229,0.3707,0.005082,0.007689,0.009154,0.008599,0.006964,0.001689,0.002341,0.01453,0.005232,0.1857,0.753,
0.8224,0.3739,0.005077,0.007687,0.009159,0.008577,0.006933,0.001681,0.002338,0.01452,0.005176,0.1857,0.7531,
0.8223,0.3629,0.005067,0.007678,0.009163,0.008577,0.006933,0.001702,0.002342,0.0145,0.005176,0.1857,0.7531,
0.8215,0.3656,0.005066,0.007671,0.009172,0.008577,0.006852,0.001714,0.00233,0.0145,0.005053,0.1859,0.7532,
0.8213,0.3686,0.004998,0.00766,0.009182,0.008631,0.006851,0.001768,0.002276,0.01459,0.004959,0.1859,0.7532,
0.8211,0.3685,0.004992,0.007658,0.00919,0.008618,0.006837,0.001777,0.002299,0.01463,0.004891,0.1858,0.7533,
0.8208,0.3698,0.004967,0.007655,0.009196,0.008597,0.006809,0.001776,0.002351,0.01456,0.004891,0.1858,0.7534,
0.8204,0.3716,0.004924,0.007647,0.009164,0.008597,0.006786,0.001776,0.002425,0.01456,0.004814,0.1858,0.7535,
0.8214,0.3739,0.00509,0.00765,0.009164,0.008582,0.006736,0.001776,0.002421,0.01462,0.004879,0.1858,0.7533,
0.8234,0.3634,0.005313,0.007656,0.009171,0.008582,0.006736,0.001776,0.002421,0.01468,0.005066,0.1856,0.753,
0.8228,0.3681,0.005297,0.007637,0.009173,0.008569,0.006703,0.001804,0.002398,0.01488,0.004847,0.1856,0.7531,
0.8219,0.3675,0.005245,0.007641,0.009181,0.008527,0.006606,0.001767,0.002425,0.01487,0.004816,0.1858,0.7531,
0.8218,0.3688,0.005236,0.007639,0.009184,0.008519,0.006606,0.0018,0.002392,0.01498,0.004704,0.1858,0.7531,
0.8205,0.3751,0.005083,0.007644,0.00919,0.008506,0.006559,0.001819,0.002372,0.0151,0.004566,0.1858,0.7534,
0.8204,0.376,0.005067,0.007639,0.009198,0.00849,0.006597,0.001819,0.002397,0.01512,0.004486,0.1858,0.7534,
0.8195,0.3937,0.004939,0.007642,0.009202,0.00848,0.006597,0.001819,0.002472,0.01524,0.004254,0.1858,0.7535,
0.8195,0.3758,0.004977,0.007632,0.009208,0.008404,0.006496,0.001814,0.002522,0.01527,0.004354,0.1856,0.7537,
0.8194,0.3776,0.004975,0.007622,0.009218,0.008364,0.006515,0.001847,0.002546,0.01519,0.004353,0.1857,0.7537,
0.819,0.3771,0.0049,0.007594,0.009226,0.008391,0.006496,0.001866,0.002549,0.01517,0.004353,0.1857,0.7538,
0.8182,0.3945,0.004693,0.007585,0.009234,0.00842,0.006513,0.001904,0.002545,0.01511,0.004353,0.1857,0.754,
0.8177,0.3805,0.004629,0.007576,0.009242,0.008443,0.006735,0.001706,0.002541,0.01513,0.004316,0.1857,0.754,
0.8165,0.3804,0.004328,0.007552,0.009246,0.008459,0.006772,0.00223,0.002023,0.01517,0.004344,0.1856,0.7543,
0.8165,0.3817,0.00432,0.007549,0.009258,0.008459,0.006788,0.002214,0.00205,0.01518,0.004302,0.1856,0.7543,
0.8155,0.3826,0.004159,0.007533,0.009231,0.008452,0.006805,0.00221,0.002091,0.01513,0.004302,0.1856,0.7545,
0.8194,0.4029,0.00422,0.007533,0.009232,0.008435,0.006835,0.002176,0.003974,0.01329,0.004359,0.1858,0.7542,
0.8174,0.4083,0.004018,0.00739,0.00924,0.00845,0.006819,0.002215,0.003949,0.01335,0.004218,0.1859,0.7545,
0.817,0.404,0.003982,0.007386,0.009199,0.008484,0.006816,0.002213,0.003931,0.01339,0.004177,0.1859,0.7546,
0.8183,0.4165,0.003982,0.00738,0.009203,0.008456,0.006813,0.002228,0.005529,0.01175,0.004138,0.1859,0.7546,
0.8204,0.431,0.004096,0.007385,0.009205,0.008456,0.006822,0.002237,0.006688,0.01055,0.004368,0.1857,0.7545,
0.8196,0.4284,0.004092,0.007359,0.009184,0.008429,0.006822,0.002213,0.006744,0.01085,0.004015,0.1857,0.7546,
0.8192,0.4251,0.00409,0.00735,0.009144,0.008414,0.006797,0.002195,0.006739,0.01087,0.003996,0.1858,0.7546,
0.82,0.4337,0.004202,0.007346,0.009113,0.008414,0.006793,0.002234,0.007997,0.009688,0.003893,0.1857,0.7546,
0.8203,0.4443,0.004264,0.007342,0.009118,0.008393,0.006841,0.002197,0.008072,0.009632,0.003916,0.1857,0.7545,
0.8203,0.4749,0.004257,0.007333,0.009127,0.008385,0.006841,0.002245,0.008042,0.00966,0.00387,0.1857,0.7545,
0.8201,0.4314,0.004226,0.00733,0.009129,0.008362,0.00684,0.002276,0.008024,0.009662,0.00385,0.1857,0.7546,
0.8219,0.4281,0.00437,0.00732,0.009087,0.008362,0.006849,0.002288,0.008003,0.009662,0.004199,0.1854,0.7545,
0.8219,0.4373,0.004356,0.007318,0.009091,0.008362,0.006869,0.002269,0.008003,0.009731,0.004168,0.1853,0.7545,
0.8212,0.4184,0.00428,0.00729,0.009103,0.008338,0.006881,0.00228,0.007979,0.009867,0.004032,0.1853,0.7546,
0.823,0.4456,0.004398,0.007279,0.009101,0.008324,0.006873,0.002279,0.007993,0.009931,0.004121,0.1857,0.754,
0.8221,0.4287,0.00432,0.00727,0.009111,0.008222,0.006866,0.002293,0.007978,0.009991,0.00406,0.1857,0.7542,
0.822,0.4275,0.004319,0.007259,0.009124,0.008222,0.006866,0.002308,0.00799,0.01012,0.003903,0.1857,0.7542,
0.8232,0.4269,0.004389,0.007255,0.009128,0.008179,0.006876,0.002338,0.007942,0.01012,0.004174,0.1855,0.7541,
0.824,0.4224,0.004368,0.007244,0.009137,0.008179,0.006913,0.002301,0.007985,0.01008,0.004428,0.1852,0.7542,
0.8236,0.4235,0.004304,0.007232,0.009148,0.008166,0.0069,0.002348,0.007999,0.01001,0.004428,0.1852,0.7543,
0.8258,0.4213,0.004349,0.007226,0.009143,0.008155,0.006922,0.002355,0.007955,0.009998,0.004761,0.1856,0.7536,
0.8279,0.4199,0.004445,0.007216,0.009148,0.008155,0.006923,0.002355,0.007974,0.009979,0.005188,0.1852,0.7535,
0.829,0.415,0.004539,0.007213,0.009154,0.008155,0.006895,0.002377,0.007955,0.01018,0.005234,0.1849,0.7534,
0.829,0.4158,0.004535,0.007198,0.009084,0.008137,0.00686,0.002378,0.007987,0.01012,0.00523,0.1855,0.753,
0.8283,0.4089,0.004527,0.00719,0.009048,0.008133,0.006779,0.002395,0.007989,0.01007,0.00523,0.1855,0.7532,
0.8278,0.4146,0.004523,0.007182,0.009012,0.008106,0.006771,0.002436,0.00795,0.0101,0.005171,0.1855,0.7533,
0.8302,0.4084,0.004596,0.007168,0.009015,0.008052,0.006699,0.002448,0.007956,0.01014,0.005695,0.1854,0.7529,
0.8308,0.408,0.004694,0.007153,0.009027,0.008009,0.00673,0.002425,0.007963,0.01016,0.005751,0.1853,0.7528,
0.8304,0.4081,0.004688,0.007148,0.00903,0.007978,0.006736,0.002429,0.008106,0.0101,0.005597,0.1853,0.7529,
0.831,0.3871,0.004695,0.007152,0.009038,0.007962,0.006736,0.002481,0.008073,0.01009,0.00576,0.1851,0.7529,
0.829,0.3856,0.004389,0.007133,0.009045,0.007886,0.006735,0.00248,0.00809,0.01007,0.005689,0.1854,0.7531,
0.828,0.3869,0.004229,0.007121,0.009036,0.007879,0.006724,0.002544,0.008002,0.01007,0.005689,0.1854,0.7533,
0.8284,0.4208,0.004222,0.007104,0.009002,0.007879,0.006724,0.00347,0.007071,0.01018,0.005554,0.1854,0.7534,
0.8274,0.4069,0.004089,0.007098,0.00901,0.007879,0.006668,0.003461,0.007071,0.0102,0.005535,0.1854,0.7536,
0.827,0.4066,0.004045,0.007099,0.009016,0.007866,0.006765,0.003382,0.007052,0.0103,0.005434,0.1854,0.7537,
0.827,0.4095,0.004045,0.007096,0.009019,0.007866,0.006801,0.003391,0.007074,0.01033,0.005343,0.1854,0.7537,
0.8265,0.4107,0.00404,0.007096,0.008953,0.007852,0.006778,0.003406,0.007105,0.01028,0.005343,0.1854,0.7538,
0.8265,0.4189,0.004186,0.007077,0.008968,0.007852,0.006558,0.003407,0.007086,0.0103,0.005408,0.1854,0.7538,
0.8262,0.4159,0.004179,0.007076,0.008951,0.007841,0.00657,0.00337,0.007141,0.01024,0.005408,0.1854,0.7539,
0.826,0.4173,0.004179,0.007067,0.008959,0.007841,0.006541,0.003384,0.007169,0.01019,0.005408,0.1854,0.7539,
0.8258,0.4204,0.004178,0.007058,0.00897,0.007841,0.00651,0.003369,0.007169,0.0102,0.005389,0.1854,0.7539,
0.8263,0.4085,0.004305,0.007057,0.008875,0.007841,0.007014,0.002861,0.007168,0.01017,0.005624,0.1851,0.754,
0.8275,0.4083,0.004374,0.007053,0.008882,0.007839,0.00699,0.002848,0.007185,0.01025,0.005784,0.185,0.7538,
0.8277,0.4232,0.00437,0.007043,0.008891,0.007823,0.007003,0.00287,0.007173,0.01024,0.005758,0.1853,0.7536,
0.8289,0.4191,0.004321,0.007039,0.008889,0.007809,0.006979,0.002948,0.007117,0.01029,0.006159,0.1848,0.7537,
0.8292,0.4175,0.004317,0.007031,0.00889,0.007805,0.006973,0.00295,0.007109,0.01034,0.006079,0.1852,0.7533,
0.8301,0.4225,0.004423,0.007028,0.008895,0.007805,0.006992,0.003023,0.007091,0.01037,0.006058,0.1851,0.7532,
0.8308,0.4297,0.004486,0.007024,0.008866,0.007778,0.007042,0.003002,0.007056,0.01037,0.006238,0.185,0.7531,
0.8307,0.4145,0.00445,0.007023,0.008872,0.00781,0.007036,0.002985,0.007122,0.01031,0.006238,0.185,0.7532,
0.8312,0.4297,0.004403,0.007013,0.008885,0.007784,0.007083,0.005115,0.004945,0.01035,0.006198,0.185,0.7532,
0.8309,0.4298,0.004396,0.007011,0.008866,0.007758,0.007112,0.005087,0.004982,0.01041,0.006101,0.185,0.7533,
0.8304,0.4333,0.004394,0.007008,0.00887,0.007745,0.007075,0.005138,0.004915,0.01058,0.005911,0.185,0.7534,
0.8303,0.4362,0.004158,0.006994,0.008881,0.007808,0.007074,0.005172,0.00488,0.01058,0.006123,0.1849,0.7534,
0.8297,0.4504,0.004153,0.006993,0.008841,0.007808,0.007093,0.006444,0.003626,0.01062,0.006046,0.1849,0.7535,
0.8305,0.47,0.00422,0.006988,0.008845,0.007793,0.007121,0.006451,0.00363,0.01063,0.006084,0.185,0.7532,
0.8317,0.4612,0.004302,0.00698,0.00885,0.00779,0.007042,0.006449,0.003647,0.01071,0.006216,0.1851,0.753,
0.8317,0.4214,0.004056,0.006967,0.008857,0.007851,0.007068,0.006422,0.004893,0.009482,0.006198,0.1851,0.7531,
0.8321,0.4187,0.004042,0.006941,0.008865,0.00781,0.007087,0.006442,0.004854,0.009553,0.006356,0.1848,0.7532,
0.831,0.4194,0.003871,0.006939,0.008846,0.00781,0.007079,0.006427,0.004854,0.009637,0.006272,0.1848,0.7534,
0.8309,0.4184,0.003828,0.006932,0.008846,0.007838,0.007088,0.006418,0.004873,0.009653,0.006238,0.1848,0.7534,
0.8307,0.4246,0.003826,0.006925,0.00885,0.007836,0.00704,0.00639,0.00489,0.00965,0.006219,0.185,0.7533,
0.8289,0.4102,0.00382,0.006914,0.008866,0.007836,0.006995,0.008512,0.002784,0.009857,0.005975,0.185,0.7534,
0.8302,0.409,0.003834,0.006908,0.008868,0.00785,0.006859,0.00847,0.002791,0.009825,0.006451,0.1849,0.7532,
0.8297,0.4219,0.003828,0.006906,0.008876,0.007822,0.006799,0.008535,0.002721,0.009825,0.006451,0.185,0.7533,
0.8292,0.3952,0.003794,0.006895,0.008809,0.007829,0.0068,0.008549,0.002705,0.009897,0.006378,0.185,0.7534,
0.8297,0.3793,0.003805,0.006881,0.008815,0.007801,0.006739,0.008542,0.002735,0.009856,0.006677,0.1847,0.7535,
0.8299,0.3779,0.003846,0.006864,0.008818,0.007785,0.006617,0.008527,0.002715,0.009933,0.006759,0.1848,0.7534,
0.8277,0.4118,0.003712,0.006847,0.008781,0.007757,0.006425,0.008512,0.002667,0.009932,0.006739,0.1849,0.7537,
0.8303,0.4167,0.003919,0.006836,0.008793,0.007775,0.006467,0.008447,0.002685,0.009913,0.007196,0.1844,0.7535,
0.8326,0.4076,0.004006,0.006828,0.008792,0.007768,0.006454,0.008428,0.002694,0.009945,0.007525,0.1847,0.7528,
0.8339,0.3827,0.004089,0.006824,0.008802,0.007756,0.006454,0.008453,0.00266,0.009969,0.00782,0.1844,0.7528,
0.8336,0.407,0.004085,0.00681,0.008809,0.007728,0.009106,0.005756,0.002644,0.01004,0.007741,0.1847,0.7526,
0.8338,0.4029,0.004132,0.006797,0.008814,0.007699,0.009136,0.005722,0.002624,0.0101,0.00776,0.1847,0.7525,
0.8329,0.3849,0.004128,0.006765,0.008806,0.007672,0.009085,0.005725,0.00261,0.01015,0.007647,0.1847,0.7527,
0.8338,0.3844,0.004223,0.00676,0.008814,0.007672,0.009116,0.005685,0.002595,0.01023,0.007733,0.1845,0.7526,
0.8337,0.3886,0.004235,0.006753,0.008819,0.007612,0.009166,0.00565,0.00258,0.01042,0.007618,0.1845,0.7527,
0.8343,0.3992,0.004383,0.006738,0.008835,0.007612,0.009026,0.005578,0.002591,0.01038,0.007882,0.1842,0.7528,
0.8332,0.4217,0.004305,0.006724,0.008846,0.007623,0.0089,0.005564,0.002609,0.01034,0.007882,0.1842,0.753,
0.8313,0.3988,0.004199,0.006717,0.008854,0.00761,0.008695,0.00554,0.002599,0.01053,0.007671,0.1842,0.7534,
0.8292,0.3914,0.004076,0.006703,0.008862,0.007595,0.008477,0.005448,0.002633,0.01061,0.007558,0.1842,0.7538,
0.8285,0.3911,0.004062,0.006696,0.008863,0.007575,0.008284,0.00546,0.002628,0.0107,0.007423,0.1846,0.7537,
0.8281,0.3956,0.004064,0.006689,0.008869,0.007594,0.008053,0.005455,0.002627,0.01094,0.007367,0.1844,0.7539,
0.8266,0.3948,0.004031,0.006684,0.008869,0.007599,0.007725,0.005449,0.002881,0.01086,0.007152,0.1846,0.7541,
0.8271,0.397,0.004132,0.006683,0.008834,0.00759,0.007658,0.005434,0.00288,0.01087,0.007304,0.1844,0.7542,
0.8264,0.3894,0.004125,0.006641,0.008845,0.00757,0.007604,0.005411,0.002879,0.01093,0.00723,0.1844,0.7543,
0.8237,0.3971,0.003629,0.006632,0.008854,0.007621,0.007541,0.005395,0.002888,0.01099,0.007115,0.1847,0.7547,
0.8205,0.3931,0.003695,0.006627,0.008859,0.007613,0.006844,0.005355,0.002892,0.01102,0.007082,0.1846,0.7554,
0.8198,0.4166,0.003693,0.006624,0.008861,0.007604,0.007778,0.004393,0.00291,0.01102,0.007045,0.1846,0.7555,
0.8197,0.3943,0.003786,0.006612,0.008873,0.007604,0.007674,0.00513,0.002172,0.01102,0.007157,0.1845,0.7555,
0.8207,0.3869,0.003985,0.006598,0.008872,0.007584,0.007714,0.005107,0.002166,0.011,0.007162,0.1845,0.7553,
0.8204,0.3905,0.003983,0.006592,0.008882,0.007545,0.007736,0.005039,0.002165,0.01108,0.007149,0.1845,0.7554,
0.8192,0.3886,0.003863,0.006591,0.008835,0.007524,0.00773,0.005053,0.002161,0.01135,0.006849,0.1845,0.7556,
0.8184,0.3916,0.00383,0.006569,0.00884,0.007521,0.007608,0.005071,0.002143,0.01141,0.006788,0.1845,0.7557,
0.8186,0.3979,0.003869,0.006549,0.008848,0.007508,0.007365,0.005083,0.002126,0.01165,0.006822,0.1845,0.7556,
0.8199,0.3829,0.00396,0.00654,0.008859,0.007495,0.007252,0.005041,0.002104,0.01171,0.007303,0.184,0.7557,
0.8224,0.3798,0.004044,0.006525,0.008849,0.007459,0.007226,0.005004,0.002101,0.01169,0.007784,0.1844,0.7549,
0.8237,0.3768,0.004217,0.006522,0.008806,0.007441,0.007187,0.005015,0.002092,0.01173,0.008033,0.1841,0.7549,
0.8208,0.3737,0.004368,0.006488,0.008804,0.007422,0.006418,0.005044,0.00205,0.01185,0.007925,0.1843,0.7553,
0.8204,0.3794,0.004311,0.006482,0.008811,0.007422,0.006386,0.005063,0.002138,0.01181,0.007849,0.1843,0.7554,
0.8192,0.3789,0.004212,0.00648,0.008764,0.007422,0.006347,0.005023,0.002181,0.0118,0.007767,0.1844,0.7556,
0.818,0.3747,0.004044,0.006474,0.008718,0.007422,0.006378,0.004993,0.002181,0.01197,0.007597,0.1843,0.7559,
0.8177,0.3865,0.004041,0.006468,0.008726,0.007408,0.006393,0.004993,0.002167,0.01211,0.007407,0.1844,0.7559,
0.8175,0.3882,0.004035,0.00646,0.008738,0.007395,0.006423,0.004978,0.002152,0.01228,0.00724,0.1844,0.7559,
0.8171,0.3827,0.004031,0.006452,0.008749,0.007356,0.006442,0.005015,0.002096,0.01232,0.007169,0.1844,0.756,
0.8171,0.3884,0.004023,0.00644,0.00877,0.007356,0.006486,0.004989,0.002154,0.01235,0.00706,0.1844,0.756,
0.8163,0.3964,0.003971,0.006425,0.008775,0.007356,0.006436,0.004955,0.002178,0.01259,0.00679,0.1844,0.7562,
0.8152,0.397,0.003853,0.006425,0.00878,0.007382,0.006424,0.004969,0.00213,0.01302,0.006364,0.1844,0.7563,
0.8147,0.4095,0.003759,0.006415,0.00879,0.007382,0.006424,0.005038,0.00208,0.01306,0.006302,0.1844,0.7564,
0.8136,0.4049,0.003572,0.006409,0.008812,0.007409,0.006389,0.005023,0.00208,0.0131,0.006271,0.1844,0.7566,
0.815,0.3975,0.003712,0.006404,0.008813,0.007375,0.006389,0.005002,0.002086,0.01313,0.006515,0.1841,0.7565,
0.8145,0.4045,0.00371,0.006396,0.008816,0.007317,0.006341,0.005002,0.002115,0.01317,0.006441,0.1841,0.7566,
0.8136,0.3859,0.003593,0.006384,0.008832,0.007286,0.006322,0.004997,0.002133,0.01316,0.006441,0.1841,0.7568,
0.813,0.3803,0.003524,0.00636,0.008831,0.007253,0.006339,0.00532,0.001806,0.01326,0.006321,0.1843,0.7566,
0.8125,0.388,0.003515,0.006336,0.008834,0.007253,0.006358,0.005301,0.001833,0.01323,0.006218,0.1845,0.7567,
0.8128,0.3857,0.003467,0.006331,0.008844,0.007285,0.006373,0.005306,0.00211,0.01301,0.006145,0.1844,0.7568,
0.8128,0.3751,0.003455,0.00631,0.008854,0.007285,0.006355,0.005301,0.002124,0.01304,0.006171,0.1843,0.7568,
0.8126,0.3935,0.003382,0.006297,0.008868,0.007357,0.006367,0.005319,0.00211,0.0132,0.005995,0.1843,0.7568,
0.8134,0.3797,0.003427,0.006297,0.008825,0.0073,0.006325,0.005347,0.002069,0.01324,0.006345,0.1839,0.7569,
0.8142,0.3822,0.003468,0.00629,0.008833,0.0073,0.006344,0.005347,0.002069,0.0134,0.006378,0.1837,0.7569,
0.8137,0.3733,0.0034,0.006278,0.008834,0.007293,0.006325,0.005354,0.002097,0.01338,0.00636,0.1837,0.757,
0.8138,0.375,0.003436,0.006276,0.008837,0.007293,0.006362,0.005317,0.002097,0.01344,0.006269,0.1837,0.7569,
0.8142,0.3761,0.003433,0.006263,0.00884,0.007289,0.006395,0.005277,0.002096,0.01355,0.006151,0.1843,0.7564,
0.8136,0.3815,0.003433,0.006259,0.008812,0.007273,0.006314,0.005277,0.002129,0.01365,0.006019,0.1843,0.7566,
0.8135,0.3895,0.003429,0.006257,0.008819,0.007273,0.006348,0.005266,0.002108,0.01369,0.005976,0.1843,0.7566,
0.8132,0.3916,0.003428,0.006246,0.00882,0.007256,0.006335,0.005254,0.002092,0.01373,0.005941,0.1843,0.7566,
0.8127,0.3747,0.003308,0.006231,0.008827,0.007232,0.006289,0.005255,0.002113,0.01369,0.006062,0.1843,0.7567,
0.8121,0.3703,0.003286,0.006204,0.008832,0.007232,0.006309,0.005275,0.002074,0.01389,0.005805,0.1843,0.7568,
0.8145,0.3688,0.00342,0.006198,0.008835,0.007222,0.006303,0.005261,0.002087,0.0139,0.006263,0.184,0.7565,
0.8136,0.3639,0.003358,0.00619,0.008844,0.007193,0.00634,0.005224,0.002087,0.01416,0.005957,0.184,0.7566,
0.815,0.3384,0.003237,0.006167,0.008849,0.007188,0.006318,0.005235,0.002085,0.01413,0.006409,0.1841,0.7563,
0.8143,0.34,0.003089,0.006163,0.008855,0.007203,0.006355,0.005198,0.0021,0.01412,0.006409,0.1841,0.7564,
0.8176,0.3363,0.003141,0.006161,0.008861,0.007188,0.006386,0.005207,0.00206,0.01417,0.007307,0.1832,0.7563,
0.8193,0.3493,0.003513,0.006153,0.008871,0.007174,0.006342,0.005216,0.002133,0.01426,0.00712,0.1832,0.756,
0.8191,0.3405,0.003511,0.00615,0.008867,0.007167,0.006337,0.005197,0.002133,0.01431,0.007069,0.1832,0.7561,
0.8189,0.3408,0.003505,0.006152,0.008871,0.007167,0.006374,0.00516,0.002152,0.01461,0.006754,0.1832,0.7561,
0.8193,0.3426,0.003531,0.006142,0.00887,0.007161,0.006339,0.005235,0.002054,0.01481,0.006517,0.1839,0.7554,
0.8189,0.3458,0.00353,0.006134,0.008879,0.007161,0.00634,0.005193,0.002058,0.01485,0.006446,0.1839,0.7555,
0.8216,0.3466,0.003702,0.006131,0.008884,0.007216,0.006321,0.005207,0.002039,0.01496,0.006854,0.1834,0.7553,
0.822,0.3397,0.003663,0.006117,0.00889,0.007212,0.006342,0.00518,0.002098,0.01489,0.00685,0.1839,0.7549,
0.8215,0.3547,0.003648,0.006131,0.008889,0.007173,0.006357,0.005181,0.002108,0.01497,0.006691,0.1839,0.755,
0.8214,0.3444,0.00364,0.006135,0.008893,0.007146,0.006372,0.005166,0.002141,0.01493,0.006691,0.1839,0.755,
0.8209,0.3453,0.003638,0.006131,0.008899,0.007146,0.006383,0.005166,0.002159,0.0149,0.006511,0.1841,0.755,
0.8228,0.3378,0.003682,0.006125,0.008901,0.007144,0.006389,0.005118,0.002193,0.01487,0.006987,0.1838,0.7548,
0.8235,0.3373,0.003652,0.006112,0.008912,0.007134,0.006407,0.005115,0.002178,0.01491,0.007223,0.1836,0.7548,
0.8248,0.347,0.00362,0.006112,0.008919,0.007134,0.006407,0.005115,0.002203,0.01491,0.007631,0.1831,0.7548,
0.8238,0.3409,0.003447,0.006107,0.008909,0.007134,0.006411,0.005093,0.002198,0.015,0.007601,0.1831,0.755,
0.8249,0.3387,0.003527,0.006102,0.008855,0.007117,0.006359,0.005147,0.00212,0.01505,0.007746,0.1835,0.7545,
0.825,0.3411,0.003489,0.006097,0.008858,0.007102,0.006345,0.005131,0.002131,0.01514,0.00775,0.1835,0.7544,
0.8244,0.356,0.003489,0.006093,0.00886,0.007062,0.006287,0.005153,0.002109,0.0152,0.007686,0.1835,0.7545,
0.8252,0.3487,0.003391,0.006085,0.008869,0.007081,0.006237,0.005112,0.002152,0.01527,0.008097,0.183,0.7547,
0.8253,0.3604,0.003385,0.006076,0.008867,0.007076,0.006189,0.005103,0.002126,0.01532,0.008017,0.1836,0.7543,
0.8265,0.3442,0.003486,0.006059,0.008883,0.007076,0.006189,0.005121,0.002132,0.0153,0.008234,0.1833,0.7542,
