entropy,entropyInd,RabA,RabB,RabC,RabD,RabE,RabF,RabG,RabH,RabI,xER,xPM,
0.8923,0.3774,0.01033,0.009296,0.006561,0.01344,0.0152,0.007128,0.007695,0.004022,0.005507,0.1748,0.746,
0.8856,0.3817,0.01033,0.009292,0.006508,0.01335,0.01371,0.007112,0.00769,0.004015,0.005496,0.1749,0.7476,
0.8821,0.3876,0.01031,0.00928,0.0065,0.01333,0.01268,0.007103,0.00768,0.004007,0.00549,0.1756,0.748,
0.8792,0.3855,0.01031,0.00928,0.0065,0.01329,0.01204,0.007095,0.007669,0.003999,0.005489,0.1756,0.7487,
0.8799,0.3836,0.01045,0.00927,0.006498,0.01329,0.01177,0.007089,0.007663,0.003998,0.005765,0.1755,0.7487,
0.8784,0.3802,0.01039,0.009266,0.006498,0.01325,0.01154,0.007081,0.007663,0.003998,0.005765,0.1756,0.749,
0.8774,0.3675,0.01039,0.009266,0.006498,0.0132,0.01134,0.007081,0.007664,0.003999,0.005765,0.1756,0.7492,
0.877,0.3666,0.01054,0.009264,0.006497,0.01314,0.01089,0.007074,0.007656,0.003989,0.006027,0.1755,0.7494,
0.8763,0.3705,0.01054,0.009264,0.006497,0.01312,0.01077,0.007054,0.007655,0.003989,0.006027,0.1755,0.7496,
0.8752,0.3687,0.01054,0.009265,0.00645,0.01305,0.01065,0.007041,0.007656,0.003989,0.006027,0.1755,0.7498,
0.8687,0.3698,0.01053,0.009265,0.006429,0.01301,0.00925,0.00703,0.007644,0.003978,0.006023,0.1756,0.7513,
0.8699,0.366,0.01075,0.009262,0.006427,0.01299,0.008936,0.007028,0.007641,0.003977,0.006407,0.1755,0.7511,
0.8689,0.3686,0.01073,0.009262,0.006388,0.01293,0.008825,0.007028,0.007642,0.003977,0.006407,0.1755,0.7513,
0.8711,0.3643,0.01083,0.009257,0.006387,0.01287,0.008707,0.007019,0.007636,0.003976,0.007108,0.175,0.7512,
0.8713,0.3661,0.01089,0.009251,0.006361,0.01285,0.008414,0.007014,0.007631,0.003974,0.007344,0.1753,0.7509,
0.8706,0.3648,0.01089,0.009251,0.006361,0.01285,0.008269,0.007011,0.007626,0.003974,0.007344,0.1753,0.7511,
0.8702,0.3651,0.01089,0.00925,0.006361,0.01284,0.008191,0.007007,0.007622,0.003974,0.007344,0.1753,0.7512,
0.8712,0.3632,0.01105,0.009232,0.006343,0.01284,0.008075,0.007007,0.007622,0.003974,0.007658,0.175,0.7512,
0.8706,0.3679,0.01105,0.009229,0.006341,0.01281,0.007947,0.006978,0.007613,0.003973,0.007656,0.1753,0.7511,
0.8712,0.3665,0.01113,0.009229,0.006341,0.01277,0.007909,0.006978,0.007613,0.003973,0.007837,0.1751,0.7511,
0.8714,0.3627,0.01123,0.009216,0.006341,0.01275,0.007803,0.006978,0.007613,0.003973,0.007957,0.175,0.7511,
0.8708,0.3699,0.01121,0.009216,0.006341,0.01275,0.007703,0.006973,0.007613,0.003973,0.007957,0.175,0.7513,
0.8709,0.3689,0.01118,0.009203,0.006338,0.01275,0.0077,0.006971,0.007611,0.003972,0.007955,0.1753,0.7511,
0.8704,0.3682,0.01118,0.009203,0.006338,0.01275,0.007586,0.006971,0.007611,0.003972,0.007955,0.1753,0.7512,
0.87,0.3744,0.01118,0.009203,0.006338,0.01275,0.007513,0.006963,0.007606,0.003972,0.007955,0.1753,0.7513,
0.8705,0.3765,0.01132,0.009203,0.006338,0.01275,0.007406,0.006959,0.007606,0.003972,0.008098,0.1751,0.7512,
0.8696,0.3702,0.01132,0.009185,0.006319,0.01275,0.007242,0.006959,0.007606,0.003972,0.008098,0.1751,0.7514,
0.8695,0.3729,0.01132,0.009185,0.00632,0.01273,0.007242,0.006959,0.007606,0.003972,0.008098,0.1751,0.7515,
0.869,0.3698,0.01127,0.009158,0.006264,0.01273,0.007224,0.006954,0.007605,0.003971,0.008097,0.1752,0.7515,
0.8694,0.371,0.01136,0.009147,0.006264,0.01268,0.00721,0.006951,0.007601,0.003971,0.008232,0.1751,0.7515,
0.8698,0.3693,0.01151,0.00914,0.006263,0.01263,0.00717,0.006946,0.007595,0.003969,0.008299,0.1751,0.7514,
0.8711,0.377,0.01156,0.009143,0.00626,0.01261,0.00723,0.007986,0.006442,0.004071,0.008469,0.1752,0.751,
0.8708,0.3668,0.01151,0.009152,0.006267,0.01262,0.007212,0.008042,0.006413,0.004058,0.00843,0.1752,0.7511,
0.8711,0.3722,0.01146,0.009166,0.006269,0.01269,0.007147,0.008037,0.00643,0.004185,0.008368,0.1752,0.7511,
0.8711,0.3662,0.01155,0.009175,0.006275,0.01267,0.007096,0.008057,0.006346,0.004255,0.008356,0.1751,0.7511,
0.871,0.3616,0.01154,0.00918,0.00628,0.01267,0.00713,0.008075,0.006285,0.0043,0.008285,0.1751,0.7511,
0.8708,0.3632,0.01153,0.00918,0.006296,0.01267,0.007083,0.008121,0.006207,0.004514,0.00807,0.1752,0.7512,
0.8705,0.3799,0.01144,0.009201,0.006298,0.01273,0.007077,0.008128,0.006122,0.004625,0.007959,0.1752,0.7512,
0.8691,0.3744,0.01141,0.009188,0.006289,0.01266,0.006897,0.008108,0.006101,0.004875,0.007709,0.1752,0.7516,
0.8692,0.3731,0.01141,0.009209,0.006298,0.01262,0.006899,0.008094,0.006098,0.004921,0.007727,0.1751,0.7516,
0.8684,0.3699,0.01138,0.009217,0.006307,0.0126,0.006781,0.008158,0.006005,0.005035,0.007613,0.1751,0.7518,
0.8691,0.3681,0.0115,0.009223,0.006313,0.01256,0.006793,0.008141,0.005983,0.005062,0.007669,0.1752,0.7516,
0.8689,0.3712,0.01149,0.009223,0.006325,0.01255,0.006798,0.008109,0.005965,0.005177,0.00755,0.1752,0.7516,
0.8696,0.3663,0.01154,0.009237,0.006315,0.01254,0.006789,0.008148,0.00593,0.005287,0.007594,0.175,0.7516,
0.8694,0.3653,0.01143,0.009213,0.00632,0.01262,0.006807,0.008184,0.005877,0.005339,0.007541,0.175,0.7517,
0.8693,0.3657,0.01135,0.009223,0.006336,0.01265,0.006844,0.008104,0.005872,0.0054,0.007479,0.1752,0.7516,
0.869,0.3656,0.01134,0.009228,0.006346,0.01259,0.006875,0.008069,0.005855,0.005475,0.007405,0.1752,0.7516,
0.8712,0.366,0.01142,0.009236,0.00635,0.01259,0.006806,0.008082,0.005812,0.005543,0.007859,0.1751,0.7512,
0.8709,0.3685,0.01117,0.009229,0.006363,0.01281,0.00677,0.008125,0.005762,0.005663,0.007739,0.1751,0.7513,
0.8706,0.3726,0.01115,0.009229,0.006374,0.0128,0.006726,0.008125,0.005744,0.005739,0.007663,0.1751,0.7514,
0.8715,0.3732,0.01121,0.009245,0.006377,0.01283,0.006735,0.008099,0.005709,0.00577,0.007856,0.1749,0.7513,
0.8711,0.3725,0.01118,0.009273,0.006383,0.01272,0.006753,0.008117,0.005675,0.005771,0.007856,0.1749,0.7514,
0.8679,0.4058,0.01109,0.009252,0.006368,0.01277,0.00663,0.01108,0.002693,0.005864,0.00776,0.1751,0.7514,
0.8678,0.4071,0.01119,0.009252,0.006381,0.01276,0.006497,0.01107,0.002676,0.006157,0.007523,0.175,0.7515,
0.8686,0.3987,0.01121,0.009265,0.006384,0.01278,0.006533,0.01107,0.002641,0.006232,0.007643,0.1748,0.7514,
0.8673,0.4016,0.01114,0.009287,0.006396,0.01287,0.006489,0.01108,0.002601,0.006444,0.00703,0.1753,0.7514,
0.8679,0.4029,0.01117,0.009308,0.006406,0.01287,0.006411,0.01108,0.002565,0.006445,0.007313,0.175,0.7514,
0.8676,0.373,0.01116,0.009309,0.006369,0.01291,0.006414,0.01101,0.002548,0.006464,0.007336,0.175,0.7515,
0.8675,0.3771,0.01115,0.009317,0.006376,0.01291,0.006467,0.01098,0.002548,0.006747,0.006987,0.175,0.7515,
0.8668,0.3769,0.01107,0.009318,0.00638,0.01296,0.006459,0.01093,0.002511,0.006763,0.006891,0.1752,0.7516,
0.8662,0.3804,0.01101,0.009307,0.006391,0.01295,0.006542,0.01076,0.002529,0.006745,0.006891,0.1752,0.7517,
0.8661,0.3816,0.01098,0.009317,0.00641,0.01295,0.006568,0.0107,0.002555,0.00689,0.006721,0.1751,0.7518,
0.8663,0.3826,0.01098,0.009331,0.006422,0.01293,0.006691,0.0106,0.002558,0.006904,0.006728,0.1751,0.7518,
0.8661,0.3829,0.01087,0.009344,0.006432,0.01298,0.006705,0.01058,0.002579,0.007058,0.006536,0.1751,0.7518,
0.8653,0.3807,0.01086,0.009346,0.006443,0.01295,0.006626,0.01052,0.002573,0.007114,0.006444,0.1751,0.752,
0.8672,0.378,0.01103,0.009355,0.006451,0.01292,0.006621,0.01041,0.002615,0.007098,0.006949,0.1746,0.7519,
0.8662,0.3859,0.01099,0.009358,0.006452,0.01287,0.006605,0.01075,0.002167,0.007345,0.006695,0.1751,0.7517,
0.866,0.3853,0.01096,0.00936,0.006459,0.01286,0.006666,0.01068,0.002188,0.007408,0.00659,0.1751,0.7518,
0.8659,0.3841,0.01093,0.009368,0.006474,0.01286,0.006722,0.01061,0.002184,0.007536,0.006462,0.1751,0.7518,
0.8654,0.3815,0.01081,0.009366,0.006443,0.01295,0.006773,0.01055,0.002153,0.007649,0.006349,0.1751,0.7519,
0.8662,0.3938,0.01078,0.009383,0.00646,0.01299,0.006791,0.01055,0.002135,0.007771,0.006412,0.1749,0.7518,
0.8656,0.393,0.01072,0.009381,0.006467,0.01303,0.006838,0.01046,0.002116,0.007859,0.006231,0.1751,0.7518,
0.8652,0.3755,0.01067,0.009384,0.006482,0.01306,0.006846,0.01042,0.002097,0.007913,0.006127,0.1751,0.7519,
0.865,0.3761,0.01061,0.009394,0.006495,0.01308,0.006913,0.01035,0.002114,0.007895,0.00611,0.1751,0.752,
0.8656,0.3813,0.01062,0.009378,0.00645,0.01318,0.006929,0.01035,0.002096,0.007963,0.006187,0.1749,0.7519,
0.8673,0.3871,0.01073,0.009363,0.00646,0.01319,0.006926,0.01035,0.00213,0.008284,0.006188,0.1746,0.7518,
0.8689,0.3812,0.01087,0.009356,0.006465,0.0132,0.00778,0.009455,0.00209,0.008341,0.006486,0.1742,0.7517,
0.869,0.3642,0.01097,0.009364,0.006474,0.01316,0.007784,0.009386,0.002146,0.008286,0.006486,0.1742,0.7517,
0.8685,0.3711,0.01089,0.009359,0.006441,0.0132,0.009407,0.007771,0.002117,0.008372,0.006401,0.1742,0.7518,
0.8682,0.365,0.01097,0.00938,0.006419,0.01318,0.009465,0.007622,0.002117,0.008404,0.006326,0.1743,0.7518,
0.8681,0.3663,0.01096,0.009376,0.006432,0.01317,0.009545,0.00752,0.002134,0.008404,0.006308,0.1743,0.7519,
0.8674,0.3722,0.01077,0.0094,0.006439,0.01332,0.00956,0.00744,0.002134,0.00866,0.005987,0.1743,0.7519,
0.8661,0.3854,0.01075,0.009404,0.006444,0.01327,0.009404,0.007418,0.002123,0.008909,0.005721,0.1744,0.7522,
0.8663,0.381,0.01073,0.009404,0.00644,0.01326,0.009406,0.00734,0.002122,0.008972,0.005591,0.175,0.7517,
0.8651,0.3892,0.01063,0.009424,0.006439,0.01331,0.00927,0.007249,0.002122,0.008972,0.005591,0.175,0.7519,
0.8649,0.3744,0.01054,0.009417,0.006452,0.01338,0.009279,0.007203,0.002163,0.008931,0.005591,0.175,0.752,
0.8599,0.3767,0.01057,0.009401,0.006447,0.01335,0.00774,0.007274,0.002075,0.008895,0.006096,0.1749,0.7532,
0.8586,0.3777,0.01054,0.009385,0.006453,0.01335,0.007499,0.007292,0.002058,0.008895,0.006097,0.1749,0.7535,
0.8584,0.3867,0.01049,0.009392,0.006463,0.01336,0.007512,0.007277,0.0021,0.008925,0.005982,0.175,0.7535,
0.8576,0.3857,0.01042,0.009388,0.006474,0.0134,0.00743,0.007229,0.002141,0.009111,0.005737,0.175,0.7537,
0.858,0.3813,0.01048,0.009393,0.00648,0.0134,0.007346,0.007218,0.002138,0.009093,0.005949,0.1748,0.7537,
0.8563,0.3912,0.01043,0.009385,0.006491,0.0134,0.007028,0.007196,0.002188,0.009197,0.005797,0.1748,0.7541,
0.8571,0.4065,0.0104,0.009387,0.006501,0.01339,0.006784,0.007156,0.005004,0.00638,0.005792,0.1748,0.7544,
0.8566,0.3991,0.01037,0.009411,0.006512,0.01337,0.006802,0.007064,0.005065,0.006389,0.005718,0.1748,0.7545,
0.8563,0.3967,0.01035,0.009419,0.006518,0.01335,0.006757,0.007324,0.004808,0.006382,0.005696,0.1749,0.7545,
0.8569,0.4008,0.01023,0.00941,0.006529,0.01348,0.006693,0.007301,0.004843,0.006348,0.005975,0.1746,0.7545,
0.8567,0.3923,0.01019,0.009397,0.006528,0.0135,0.006637,0.007302,0.004812,0.006346,0.005974,0.1749,0.7544,
0.8585,0.3973,0.0103,0.009406,0.006535,0.01348,0.006537,0.007285,0.004882,0.006346,0.006491,0.1743,0.7544,
0.8581,0.399,0.01029,0.009404,0.006543,0.01343,0.006535,0.007289,0.004913,0.006442,0.006289,0.1743,0.7545,
0.8584,0.3943,0.01034,0.009422,0.006552,0.01335,0.006562,0.007244,0.004895,0.006442,0.006435,0.1742,0.7545,
0.8587,0.3962,0.01032,0.009421,0.006557,0.0133,0.00651,0.007239,0.004892,0.006493,0.006375,0.1748,0.7541,
0.8581,0.4083,0.01029,0.009443,0.006565,0.01327,0.00824,0.005456,0.00508,0.006654,0.006026,0.1748,0.7542,
0.8584,0.3885,0.01033,0.009454,0.006575,0.01326,0.008159,0.005473,0.005062,0.006686,0.006122,0.1747,0.7542,
0.8576,0.3917,0.01031,0.009453,0.006562,0.01325,0.008082,0.005484,0.005064,0.006641,0.006065,0.1748,0.7543,
0.857,0.3984,0.01015,0.009457,0.00658,0.01333,0.008059,0.00551,0.005016,0.006624,0.006065,0.1748,0.7544,
0.8568,0.4069,0.01004,0.009455,0.006589,0.01342,0.008073,0.005492,0.004999,0.006718,0.00597,0.1748,0.7544,
0.8565,0.3975,0.01017,0.009486,0.006594,0.01341,0.007373,0.005501,0.005005,0.006821,0.006511,0.1741,0.755,
0.8555,0.4031,0.01015,0.009507,0.006599,0.01339,0.007278,0.005447,0.005018,0.006894,0.006375,0.1742,0.7552,
0.8542,0.3985,0.01012,0.009509,0.006612,0.01336,0.007025,0.005465,0.005001,0.007066,0.006203,0.1742,0.7554,
0.8537,0.399,0.0101,0.009513,0.006626,0.01335,0.00695,0.005448,0.005059,0.007048,0.006162,0.1742,0.7556,
0.8533,0.3893,0.00999,0.009514,0.006629,0.01344,0.006963,0.00543,0.005042,0.007186,0.005966,0.1743,0.7556,
0.8502,0.4081,0.009965,0.009537,0.006632,0.01344,0.006348,0.005577,0.004867,0.007322,0.00583,0.1743,0.7562,
0.8512,0.412,0.009959,0.009547,0.006631,0.01344,0.006326,0.005587,0.004845,0.007317,0.005919,0.1748,0.7557,
0.8505,0.3953,0.009888,0.009546,0.006639,0.01351,0.00634,0.005588,0.004811,0.007377,0.005739,0.1747,0.7558,
0.8497,0.409,0.009834,0.00954,0.00665,0.01354,0.006255,0.00562,0.004778,0.007353,0.005703,0.1748,0.756,
0.851,0.4084,0.009935,0.009541,0.00666,0.01354,0.006248,0.005612,0.004788,0.007356,0.005956,0.1745,0.7559,
0.8509,0.413,0.009916,0.009545,0.006668,0.01352,0.006271,0.005584,0.004736,0.007384,0.005925,0.1747,0.7558,
0.8507,0.4115,0.009835,0.009559,0.006635,0.01357,0.006301,0.005586,0.004743,0.007382,0.005886,0.1747,0.7558,
0.8515,0.4052,0.009869,0.009583,0.006649,0.01357,0.006214,0.005604,0.004726,0.007382,0.006151,0.1744,0.7558,
0.8512,0.3852,0.009799,0.009574,0.006659,0.01359,0.006194,0.00563,0.004719,0.007477,0.005957,0.1747,0.7557,
0.8507,0.3891,0.009784,0.009583,0.006665,0.01358,0.006119,0.005696,0.004662,0.00746,0.005957,0.1747,0.7558,
0.8505,0.3808,0.009764,0.009593,0.006628,0.01358,0.006154,0.005662,0.004662,0.007525,0.005892,0.1747,0.7558,
0.8516,0.3812,0.009793,0.009577,0.006633,0.01355,0.006184,0.005627,0.004674,0.007616,0.006047,0.1746,0.7557,
0.8519,0.3761,0.00986,0.009577,0.006638,0.01351,0.006187,0.0057,0.004662,0.007772,0.005898,0.1746,0.7556,
0.8516,0.3835,0.00983,0.009594,0.006648,0.01343,0.006197,0.005667,0.004687,0.007746,0.005897,0.1746,0.7557,
0.8515,0.3819,0.009793,0.009593,0.006657,0.01344,0.006243,0.005639,0.00467,0.007882,0.005762,0.1746,0.7557,
0.8523,0.3808,0.009947,0.009578,0.006669,0.0134,0.006226,0.005635,0.00467,0.007954,0.005833,0.1745,0.7556,
0.8524,0.3827,0.009998,0.009582,0.006674,0.01341,0.006174,0.00564,0.004648,0.007995,0.005822,0.1745,0.7556,
0.8516,0.3855,0.009982,0.009582,0.006673,0.01332,0.006131,0.005646,0.004699,0.008111,0.005619,0.1745,0.7557,
0.8511,0.3908,0.009934,0.009575,0.006684,0.01334,0.006059,0.005664,0.004732,0.008174,0.005507,0.1745,0.7558,
0.8508,0.3823,0.009885,0.009562,0.006687,0.01336,0.00599,0.005713,0.004672,0.00824,0.005439,0.1747,0.7558,
0.8506,0.3838,0.009675,0.009574,0.006692,0.01354,0.006025,0.005738,0.004612,0.008273,0.005406,0.1747,0.7558,
0.8501,0.3851,0.009674,0.009559,0.006708,0.01353,0.005926,0.005734,0.004656,0.008343,0.005291,0.1747,0.7559,
0.85,0.3857,0.009648,0.009562,0.006716,0.01353,0.005926,0.005734,0.004656,0.008361,0.005274,0.1747,0.7559,
0.8496,0.3892,0.009621,0.009583,0.006722,0.01353,0.005906,0.005734,0.004694,0.008305,0.005208,0.1747,0.756,
0.8484,0.408,0.009597,0.00956,0.006713,0.01353,0.005955,0.007405,0.002975,0.008344,0.00517,0.1747,0.756,
0.8483,0.4082,0.009461,0.009568,0.006726,0.01365,0.005993,0.007443,0.00296,0.008401,0.005054,0.1747,0.7561,
0.8489,0.389,0.009567,0.009574,0.006738,0.01365,0.005894,0.007422,0.002979,0.008412,0.0052,0.1745,0.7561,
0.8505,0.3896,0.009535,0.009597,0.00667,0.01365,0.005894,0.007418,0.002991,0.008401,0.005765,0.1739,0.7561,
0.8524,0.4009,0.009576,0.009598,0.00667,0.01364,0.005899,0.0074,0.002995,0.008416,0.005946,0.1745,0.7553,
0.8535,0.42,0.009543,0.009615,0.006672,0.01363,0.005881,0.007395,0.005443,0.006214,0.005699,0.1745,0.7554,
0.8551,0.4035,0.009514,0.009625,0.006684,0.01366,0.005873,0.007377,0.005482,0.006172,0.006054,0.1745,0.7551,
0.8549,0.3927,0.00945,0.00965,0.006691,0.01369,0.006956,0.00629,0.005451,0.006259,0.005967,0.1745,0.7551,
0.8549,0.3986,0.009421,0.009667,0.006703,0.01367,0.006973,0.006307,0.005461,0.006549,0.005631,0.1745,0.7551,
0.8551,0.3929,0.009459,0.009674,0.006717,0.01365,0.006963,0.006302,0.005419,0.006541,0.005738,0.1744,0.7552,
0.8567,0.3852,0.009503,0.009686,0.006728,0.01358,0.006991,0.006289,0.005423,0.0065,0.006253,0.1739,0.7552,
0.855,0.4108,0.009489,0.009677,0.006739,0.01355,0.007015,0.008775,0.002937,0.00651,0.006198,0.1739,0.7552,
0.8542,0.4127,0.009448,0.009688,0.006742,0.01361,0.006832,0.008762,0.002936,0.00653,0.00618,0.1738,0.7554,
0.8532,0.4309,0.009432,0.00967,0.006759,0.01357,0.006592,0.008708,0.002982,0.006454,0.006176,0.1744,0.7553,
0.8521,0.425,0.009418,0.009668,0.006762,0.01356,0.006416,0.008676,0.002991,0.006427,0.006176,0.1744,0.7555,
0.8534,0.3916,0.009583,0.009664,0.006772,0.01353,0.006374,0.008681,0.002985,0.006566,0.006308,0.1741,0.7554,
0.8521,0.3948,0.009551,0.009636,0.00675,0.01356,0.006157,0.008699,0.002968,0.006566,0.006308,0.1741,0.7557,
0.8518,0.3996,0.009506,0.009622,0.006764,0.01356,0.00626,0.008633,0.002931,0.006694,0.006144,0.1742,0.7557,
0.8524,0.3783,0.009603,0.009627,0.006769,0.01351,0.006266,0.008648,0.002885,0.006695,0.006306,0.174,0.7557,
0.8539,0.3737,0.009669,0.009626,0.006702,0.0135,0.006258,0.008613,0.002895,0.006664,0.006688,0.174,0.7554,
0.8539,0.3779,0.009521,0.009623,0.006664,0.01362,0.00633,0.008565,0.002882,0.006644,0.006685,0.1743,0.7552,
0.8553,0.3756,0.009541,0.009627,0.006674,0.01362,0.006347,0.00855,0.002875,0.006627,0.007114,0.1739,0.7552,
0.8568,0.3722,0.009551,0.009644,0.006688,0.01366,0.006344,0.008529,0.002869,0.006699,0.007268,0.174,0.7548,
0.8584,0.3673,0.009644,0.009655,0.006709,0.01367,0.006363,0.00851,0.00287,0.006799,0.007474,0.1737,0.7546,
0.859,0.3796,0.009621,0.009657,0.006716,0.01367,0.007532,0.00735,0.002882,0.006782,0.007453,0.1741,0.7542,
0.8586,0.3718,0.009561,0.009658,0.006728,0.01368,0.007508,0.007319,0.002887,0.006768,0.007453,0.1741,0.7543,
0.8599,0.3817,0.009671,0.009659,0.006736,0.01368,0.007437,0.007332,0.002857,0.006848,0.007762,0.1737,0.7543,
0.8615,0.373,0.009685,0.009641,0.006741,0.01367,0.007411,0.007291,0.002855,0.006843,0.008104,0.174,0.7537,
0.8609,0.3737,0.009642,0.009606,0.006753,0.01366,0.007366,0.007329,0.002811,0.006839,0.008104,0.174,0.7539,
0.8602,0.3774,0.009624,0.009593,0.006764,0.01362,0.007331,0.007254,0.002811,0.006873,0.008071,0.174,0.754,
0.8632,0.3912,0.009768,0.009589,0.006778,0.0136,0.007212,0.007253,0.002817,0.006902,0.009055,0.173,0.754,
0.8621,0.3898,0.009615,0.009599,0.006786,0.01371,0.007005,0.007264,0.002806,0.006902,0.009055,0.173,0.7543,
0.8624,0.3756,0.009594,0.009573,0.006795,0.01369,0.006879,0.007274,0.002773,0.007003,0.008932,0.1739,0.7536,
0.8627,0.3723,0.009699,0.009571,0.006767,0.01372,0.006785,0.007213,0.002769,0.007127,0.009018,0.1737,0.7537,
0.8625,0.381,0.009683,0.009556,0.006785,0.01369,0.006816,0.007161,0.002769,0.007229,0.008917,0.1737,0.7537,
0.8621,0.3852,0.009644,0.009571,0.006797,0.0137,0.006817,0.007129,0.002731,0.007475,0.00865,0.1737,0.7538,
0.8599,0.3768,0.009595,0.009474,0.006775,0.01386,0.006176,0.007075,0.002715,0.008081,0.008313,0.1737,0.7542,
0.8595,0.3787,0.00946,0.009467,0.006782,0.01389,0.006211,0.007018,0.002715,0.008081,0.008313,0.1738,0.7543,
0.8598,0.3765,0.009532,0.009463,0.006755,0.01389,0.006193,0.007031,0.002711,0.008171,0.008274,0.1738,0.7542,
0.8591,0.4042,0.009663,0.009465,0.006771,0.01389,0.009739,0.003449,0.002776,0.00821,0.008258,0.1737,0.7541,
0.859,0.3717,0.009658,0.009451,0.006788,0.01389,0.009739,0.00352,0.002716,0.008246,0.00819,0.1737,0.7541,
0.8596,0.3706,0.009643,0.009449,0.006779,0.01401,0.009692,0.003504,0.002704,0.008525,0.008084,0.1736,0.754,
0.8608,0.3781,0.009666,0.009452,0.006788,0.014,0.009704,0.003489,0.002729,0.008604,0.008255,0.1735,0.7538,
0.8604,0.3735,0.009609,0.009445,0.006801,0.01403,0.009844,0.003313,0.002729,0.008638,0.008222,0.1735,0.7539,
0.8583,0.3768,0.009589,0.009452,0.006814,0.01403,0.009412,0.003292,0.002743,0.008616,0.008222,0.1735,0.7544,
0.8548,0.3818,0.009573,0.009454,0.006788,0.01403,0.008693,0.003315,0.00272,0.008616,0.008162,0.1735,0.7551,
0.8537,0.3789,0.009561,0.009437,0.006795,0.01399,0.008512,0.003304,0.002717,0.008692,0.008082,0.1735,0.7554,
0.8543,0.391,0.009659,0.009445,0.006801,0.01398,0.00817,0.003287,0.00379,0.007636,0.008336,0.1733,0.7556,
0.8553,0.3896,0.009768,0.009443,0.006801,0.01396,0.008045,0.003297,0.003751,0.007727,0.008408,0.1737,0.7551,
0.8542,0.3888,0.009802,0.009426,0.006812,0.01394,0.007755,0.003307,0.003699,0.007838,0.008432,0.1735,0.7555,
0.8523,0.3978,0.009701,0.009424,0.006825,0.01399,0.007429,0.003283,0.003695,0.007904,0.008316,0.1737,0.7558,
0.8477,0.4306,0.009663,0.009423,0.006829,0.01403,0.006518,0.003239,0.008096,0.003536,0.008316,0.1736,0.7568,
0.8468,0.4294,0.009681,0.009423,0.006788,0.01403,0.007576,0.002163,0.008091,0.00364,0.008279,0.1735,0.7568,
0.8467,0.4006,0.009617,0.009424,0.006796,0.01404,0.007517,0.002163,0.00809,0.004008,0.007909,0.1737,0.7568,
0.8474,0.4043,0.009724,0.009436,0.006803,0.01404,0.007524,0.002134,0.00809,0.004169,0.007798,0.1736,0.7567,
0.8466,0.4087,0.009644,0.009421,0.006815,0.01407,0.00743,0.002126,0.008086,0.004186,0.007736,0.1737,0.7568,
0.847,0.4011,0.009614,0.009418,0.00682,0.01421,0.007394,0.00214,0.008065,0.004186,0.007811,0.1736,0.7568,
0.8458,0.3926,0.009605,0.009412,0.006832,0.01417,0.007176,0.002107,0.008064,0.004302,0.007694,0.1737,0.757,
0.8448,0.389,0.009579,0.009393,0.006842,0.01414,0.006984,0.002124,0.008082,0.004318,0.007643,0.1737,0.7572,
0.844,0.3781,0.009556,0.009393,0.00686,0.01424,0.006766,0.002104,0.008047,0.00439,0.007617,0.1736,0.7574,
0.8428,0.3876,0.009496,0.009393,0.006836,0.01421,0.006657,0.002133,0.008001,0.004488,0.007433,0.1737,0.7576,
0.8429,0.3831,0.009558,0.009378,0.006844,0.01421,0.006538,0.002124,0.008101,0.004811,0.007101,0.1737,0.7576,
0.8424,0.3876,0.009438,0.00939,0.006851,0.01427,0.006503,0.002087,0.00809,0.005086,0.006826,0.1737,0.7578,
0.8422,0.3911,0.009429,0.00938,0.006857,0.01426,0.00652,0.002118,0.00802,0.005166,0.006746,0.1737,0.7578,
0.8442,0.3993,0.009522,0.009379,0.006869,0.01427,0.006449,0.003197,0.006939,0.005326,0.006791,0.1735,0.7578,
0.8454,0.3959,0.009539,0.009375,0.00687,0.01426,0.006363,0.003194,0.006949,0.005288,0.007115,0.1736,0.7574,
0.8453,0.3966,0.009548,0.009348,0.006848,0.01433,0.006167,0.003181,0.006944,0.005319,0.007266,0.1736,0.7575,
0.8463,0.3999,0.00961,0.00935,0.006859,0.01436,0.006146,0.003195,0.00693,0.005372,0.007413,0.1734,0.7574,
0.8473,0.3991,0.009564,0.009362,0.00686,0.01444,0.006104,0.003195,0.006958,0.005344,0.00774,0.1731,0.7574,
0.8472,0.4083,0.009519,0.009364,0.006869,0.01448,0.005984,0.004336,0.005834,0.005397,0.007656,0.1731,0.7575,
0.8473,0.406,0.009493,0.009377,0.00687,0.01443,0.005918,0.004365,0.0058,0.005426,0.00762,0.1735,0.7572,
0.8491,0.3893,0.009444,0.009378,0.006886,0.01457,0.005814,0.004351,0.005821,0.00558,0.00795,0.1732,0.757,
0.8511,0.3857,0.009539,0.009383,0.006906,0.01457,0.005811,0.004356,0.0058,0.005709,0.008295,0.1728,0.7569,
0.8518,0.3918,0.009558,0.009391,0.00691,0.0146,0.005744,0.004383,0.005761,0.005819,0.00847,0.1725,0.7569,
0.8534,0.3823,0.009613,0.00937,0.006868,0.01456,0.005681,0.004667,0.005484,0.005887,0.008684,0.173,0.7562,
0.8526,0.3986,0.009598,0.009371,0.006846,0.01454,0.005605,0.006315,0.003846,0.006042,0.008515,0.173,0.7563,
0.8537,0.3953,0.009721,0.009375,0.006821,0.01454,0.005605,0.00631,0.003855,0.00623,0.008518,0.1728,0.7563,
0.8545,0.3934,0.009769,0.009347,0.006846,0.01453,0.005555,0.006319,0.003838,0.00623,0.008833,0.1725,0.7563,
0.856,0.3933,0.009805,0.009335,0.006846,0.01451,0.005609,0.006287,0.003829,0.006194,0.008972,0.1731,0.7555,
0.8557,0.405,0.009647,0.009335,0.006859,0.01458,0.005607,0.006317,0.003838,0.006247,0.008862,0.1732,0.7556,
0.8562,0.3622,0.009499,0.009345,0.006866,0.01473,0.005569,0.006331,0.003845,0.00624,0.009095,0.1729,0.7556,
0.8559,0.3641,0.009454,0.009355,0.006874,0.01472,0.005548,0.006383,0.003807,0.006337,0.008985,0.1729,0.7556,
0.8563,0.3693,0.009426,0.009329,0.00689,0.01473,0.005582,0.006363,0.003811,0.006779,0.008517,0.1731,0.7555,
0.8557,0.3763,0.009304,0.00933,0.006903,0.01482,0.005582,0.006376,0.003797,0.006861,0.008269,0.1733,0.7555,
0.8584,0.3715,0.009577,0.009325,0.006908,0.01478,0.005579,0.006359,0.003831,0.006902,0.008763,0.1727,0.7552,
0.8611,0.366,0.009785,0.009322,0.006905,0.01474,0.005575,0.006354,0.003846,0.006928,0.009086,0.173,0.7545,
0.8618,0.3764,0.009845,0.009334,0.006919,0.01472,0.005606,0.006354,0.003815,0.007099,0.009034,0.1729,0.7544,
0.8616,0.3743,0.009736,0.009322,0.006941,0.0148,0.005638,0.006339,0.003798,0.007186,0.008908,0.1729,0.7544,
0.8612,0.3747,0.00969,0.009305,0.006945,0.01483,0.005606,0.006353,0.003798,0.007333,0.008682,0.173,0.7544,
0.8617,0.3746,0.009782,0.009314,0.006953,0.01483,0.005629,0.006294,0.003798,0.007333,0.008768,0.1729,0.7544,
0.8632,0.375,0.009823,0.009299,0.00696,0.01486,0.00564,0.006307,0.003767,0.007362,0.009017,0.173,0.754,
0.8648,0.3706,0.009895,0.009293,0.006935,0.01491,0.00562,0.006286,0.003781,0.007381,0.009459,0.1725,0.754,
0.8664,0.3806,0.009953,0.00928,0.006951,0.0149,0.00563,0.006296,0.00379,0.007384,0.009612,0.1728,0.7534,
0.8662,0.3692,0.009914,0.009283,0.006967,0.01486,0.005644,0.006297,0.003822,0.007387,0.009564,0.1729,0.7534,
0.8662,0.3621,0.009835,0.009285,0.00698,0.0149,0.005658,0.006283,0.003864,0.007523,0.009385,0.1729,0.7534,
0.8678,0.3573,0.01002,0.009278,0.006992,0.01491,0.00569,0.006268,0.003873,0.007514,0.009578,0.1727,0.7532,
0.8675,0.3567,0.01001,0.009281,0.006952,0.0149,0.005699,0.006287,0.003845,0.007514,0.009578,0.1727,0.7532,
0.868,0.3569,0.00997,0.009287,0.006963,0.01495,0.005716,0.00627,0.003845,0.007586,0.009649,0.1726,0.7532,
0.8679,0.3586,0.009949,0.009283,0.006979,0.01491,0.005707,0.00625,0.003841,0.00757,0.009647,0.1728,0.7531,
0.8677,0.3641,0.009929,0.009291,0.006991,0.01488,0.005721,0.006192,0.003898,0.00753,0.009629,0.1728,0.7531,
0.8672,0.3638,0.01,0.009252,0.006846,0.01492,0.005662,0.00617,0.003907,0.007666,0.009588,0.1727,0.7533,
0.8683,0.359,0.01013,0.009255,0.006839,0.01492,0.005665,0.006147,0.003869,0.007748,0.009823,0.1724,0.7532,
0.8691,0.3613,0.01023,0.00926,0.006844,0.01495,0.005654,0.006114,0.003902,0.007785,0.009878,0.1722,0.7532,
0.8666,0.3712,0.01017,0.009263,0.006797,0.01498,0.005672,0.006125,0.003888,0.007833,0.0091,0.1728,0.7533,
0.8674,0.3671,0.01024,0.009258,0.006809,0.01495,0.005672,0.006126,0.003888,0.008242,0.008894,0.1727,0.7533,
0.8669,0.3627,0.01021,0.009253,0.00678,0.01489,0.005704,0.006095,0.003889,0.008296,0.008841,0.1727,0.7534,
0.867,0.3644,0.01016,0.009254,0.006783,0.01491,0.005752,0.006069,0.003932,0.008364,0.008667,0.1728,0.7533,
0.8651,0.3994,0.01014,0.00923,0.006733,0.01491,0.008715,0.00406,0.002975,0.008404,0.008627,0.1729,0.7534,
0.8658,0.3885,0.01021,0.009222,0.006753,0.01488,0.008732,0.004043,0.002975,0.008772,0.008422,0.1727,0.7533,
0.8658,0.3771,0.01019,0.009218,0.006768,0.01488,0.008773,0.004,0.002988,0.009038,0.008104,0.1729,0.7532,
0.8654,0.3844,0.01016,0.009195,0.006782,0.01489,0.008782,0.003959,0.002964,0.009038,0.008105,0.1728,0.7533,
0.8652,0.388,0.01012,0.009196,0.006793,0.01491,0.008806,0.003913,0.003012,0.009354,0.007741,0.1728,0.7533,
0.8632,0.3851,0.0101,0.00921,0.006798,0.0149,0.008406,0.003882,0.003037,0.009453,0.007617,0.1728,0.7538,
0.8614,0.3854,0.01,0.009197,0.006815,0.01498,0.00811,0.003873,0.003034,0.009468,0.00753,0.1729,0.7541,
0.8602,0.3877,0.009992,0.009183,0.006784,0.01498,0.007992,0.003836,0.003023,0.009537,0.007427,0.1729,0.7544,
0.8537,0.3915,0.01002,0.009187,0.006721,0.01496,0.006545,0.003786,0.003016,0.009873,0.007361,0.1726,0.7559,
0.8543,0.3922,0.009954,0.009177,0.006726,0.01506,0.006483,0.003775,0.003005,0.009897,0.007529,0.1726,0.7558,
0.8535,0.398,0.009913,0.009158,0.006739,0.01506,0.006333,0.003757,0.003004,0.00994,0.007483,0.1728,0.7558,
0.8544,0.3963,0.009988,0.00915,0.006749,0.01506,0.00635,0.003787,0.002957,0.009941,0.007651,0.1726,0.7557,
0.8541,0.4027,0.009956,0.009134,0.006758,0.01506,0.006426,0.003733,0.002969,0.009917,0.00762,0.1726,0.7558,
0.8545,0.3913,0.00998,0.009121,0.006777,0.01506,0.006301,0.003742,0.002992,0.009889,0.007771,0.1727,0.7556,
0.8539,0.394,0.009857,0.009123,0.006791,0.01515,0.006229,0.003696,0.003023,0.009916,0.00771,0.1727,0.7558,
0.8535,0.3956,0.009738,0.009134,0.006757,0.01525,0.006212,0.003713,0.003042,0.0101,0.007483,0.1727,0.7558,
0.8533,0.3933,0.009732,0.009131,0.006766,0.01521,0.006212,0.003692,0.003075,0.01007,0.007483,0.1728,0.7559,
0.8531,0.3997,0.009722,0.009134,0.006774,0.01521,0.006166,0.003729,0.003073,0.01003,0.007483,0.1728,0.7559,
0.8526,0.3974,0.009652,0.009143,0.006788,0.01519,0.006149,0.003719,0.003075,0.01011,0.007384,0.1728,0.756,
0.851,0.4099,0.009584,0.009154,0.006756,0.01522,0.00768,0.002188,0.003103,0.01008,0.007383,0.1728,0.7561,
0.8508,0.3937,0.00955,0.009142,0.006771,0.01521,0.007697,0.002188,0.003086,0.01027,0.007198,0.1728,0.7561,
0.851,0.3728,0.00961,0.009128,0.006788,0.01523,0.007618,0.002161,0.003082,0.01032,0.007267,0.1727,0.7561,
0.8508,0.3728,0.009593,0.009135,0.006798,0.01523,0.007618,0.002183,0.003074,0.01046,0.007066,0.1727,0.7561,
0.8505,0.3766,0.009572,0.009142,0.006804,0.0152,0.007577,0.0022,0.003091,0.01062,0.006871,0.1728,0.7562,
0.8511,0.3735,0.009651,0.009139,0.006775,0.01518,0.007559,0.002195,0.003108,0.01072,0.00687,0.1728,0.756,
0.8534,0.3715,0.009952,0.009127,0.006783,0.01518,0.007436,0.002199,0.003108,0.01084,0.007269,0.1723,0.7558,
0.8528,0.3697,0.009939,0.009116,0.006793,0.01516,0.007299,0.00213,0.003124,0.01087,0.00722,0.1727,0.7557,
0.852,0.3738,0.00982,0.00912,0.006804,0.01524,0.007251,0.002111,0.003104,0.01101,0.007023,0.1727,0.7558,
0.8533,0.3709,0.01,0.009137,0.006808,0.01524,0.007115,0.00213,0.003085,0.01115,0.007231,0.1724,0.7557,
0.8515,0.3771,0.009964,0.00912,0.006797,0.01533,0.006708,0.002129,0.00315,0.0112,0.007126,0.1723,0.7562,
0.8505,0.3776,0.009932,0.009111,0.006804,0.01533,0.006566,0.002113,0.003197,0.01127,0.006989,0.1723,0.7564,
0.8504,0.3761,0.009879,0.009112,0.006814,0.01536,0.006567,0.002131,0.003227,0.01128,0.006927,0.1723,0.7564,
0.8503,0.3777,0.009949,0.009114,0.006792,0.01533,0.006423,0.002108,0.003223,0.0114,0.00704,0.1721,0.7565,
0.8495,0.3739,0.009933,0.009113,0.006806,0.01531,0.006315,0.002143,0.003244,0.01142,0.006874,0.1722,0.7567,
0.8534,0.3908,0.01007,0.009105,0.006812,0.0153,0.006279,0.002157,0.005642,0.009115,0.007046,0.1723,0.7562,
0.854,0.4059,0.009954,0.009094,0.00682,0.01547,0.006248,0.002171,0.005684,0.01003,0.006363,0.172,0.7562,
0.8553,0.396,0.009987,0.009067,0.006789,0.01546,0.006257,0.002156,0.00568,0.01006,0.006501,0.1725,0.7556,
0.8568,0.3861,0.01006,0.009055,0.006786,0.01545,0.006232,0.002142,0.005697,0.01008,0.006926,0.172,0.7556,
0.8563,0.3758,0.01005,0.009051,0.006803,0.01537,0.00622,0.002135,0.005779,0.01,0.00689,0.172,0.7557,
0.8574,0.3752,0.01007,0.009051,0.006807,0.01534,0.006257,0.002104,0.005782,0.009959,0.007046,0.1724,0.7552,
0.8569,0.3755,0.01006,0.009058,0.006815,0.01533,0.006174,0.002131,0.005818,0.009922,0.006999,0.1724,0.7553,
0.8566,0.3769,0.01003,0.009074,0.006824,0.01533,0.006157,0.002116,0.00587,0.01013,0.00673,0.1724,0.7553,
0.8564,0.4023,0.01,0.009081,0.006837,0.01533,0.006168,0.002101,0.00587,0.01018,0.006662,0.1724,0.7554,
0.8563,0.3755,0.009978,0.009088,0.006853,0.01533,0.006168,0.002115,0.00588,0.01022,0.006572,0.1724,0.7554,
0.8561,0.3745,0.009916,0.009109,0.006859,0.01535,0.00614,0.002125,0.005884,0.01023,0.00654,0.1724,0.7555,
0.8558,0.3765,0.00984,0.009108,0.006868,0.01539,0.006119,0.002125,0.005902,0.01024,0.006512,0.1724,0.7555,
0.8566,0.3796,0.009954,0.009097,0.006888,0.01535,0.006025,0.002116,0.00591,0.01031,0.006619,0.1724,0.7553,
0.8571,0.3787,0.01009,0.009074,0.006903,0.01534,0.00598,0.002142,0.005882,0.0105,0.006521,0.1723,0.7553,
0.8566,0.3695,0.01007,0.009073,0.00691,0.0153,0.005933,0.002204,0.005808,0.01066,0.00636,0.1723,0.7554,
0.8563,0.3611,0.01008,0.009053,0.006923,0.01528,0.00619,0.001895,0.00583,0.01063,0.006483,0.1722,0.7555,
0.856,0.3672,0.01008,0.009049,0.006931,0.01521,0.006199,0.00191,0.005806,0.0108,0.006317,0.1722,0.7555,
0.8559,0.356,0.01002,0.009057,0.006944,0.01522,0.006199,0.00191,0.005806,0.0108,0.006317,0.1722,0.7555,
0.8565,0.3609,0.01004,0.009054,0.006963,0.01528,0.006199,0.001916,0.005854,0.01072,0.006408,0.1721,0.7555,
0.8565,0.3603,0.01002,0.009048,0.006979,0.01525,0.006198,0.001922,0.005838,0.01091,0.006196,0.1724,0.7553,
0.8557,0.3648,0.009989,0.009046,0.006994,0.01524,0.00604,0.001939,0.005838,0.01092,0.006172,0.1724,0.7554,
0.8557,0.3887,0.009931,0.009037,0.007008,0.01528,0.005961,0.004744,0.003011,0.01097,0.006054,0.1724,0.7556,
0.8555,0.3818,0.009844,0.009041,0.007015,0.01533,0.005977,0.004761,0.002976,0.01102,0.006005,0.1724,0.7556,
0.8551,0.3868,0.009715,0.009044,0.00702,0.01542,0.005936,0.004761,0.002976,0.01104,0.005988,0.1724,0.7557,
0.8548,0.3807,0.009563,0.00905,0.007026,0.01555,0.00593,0.004757,0.002945,0.01104,0.005988,0.1725,0.7557,
0.8549,0.384,0.00954,0.009063,0.007038,0.01555,0.005944,0.004743,0.002989,0.01102,0.005959,0.1725,0.7557,
0.8545,0.3854,0.009519,0.009074,0.007047,0.01555,0.005869,0.004792,0.002993,0.01108,0.005844,0.1725,0.7558,
0.8536,0.376,0.009385,0.009085,0.00707,0.01563,0.005795,0.004784,0.002985,0.01107,0.005799,0.1724,0.756,
0.8539,0.3685,0.009384,0.009079,0.007073,0.01564,0.005815,0.004814,0.002977,0.01109,0.005806,0.1724,0.756,
0.8559,0.3676,0.009527,0.009086,0.007042,0.0156,0.005832,0.004872,0.002984,0.01115,0.006156,0.1719,0.7558,
0.8555,0.3695,0.009509,0.00907,0.007061,0.01552,0.00585,0.00488,0.002973,0.01114,0.006156,0.1719,0.7559,
0.8561,0.3761,0.00952,0.009085,0.007073,0.01552,0.00585,0.00488,0.002973,0.01123,0.006192,0.1718,0.7559,
0.8576,0.3715,0.00944,0.009075,0.007087,0.01574,0.005866,0.004884,0.002952,0.01126,0.006479,0.1715,0.7557,
0.8585,0.384,0.009411,0.009058,0.007094,0.01572,0.005946,0.004793,0.002949,0.01125,0.006473,0.1723,0.755,
0.8578,0.3687,0.009317,0.009065,0.007099,0.01573,0.00593,0.004797,0.002942,0.01147,0.006238,0.1723,0.7551,
0.8574,0.3682,0.009304,0.009071,0.007107,0.01573,0.005934,0.004825,0.002874,0.01173,0.005975,0.1723,0.7551,
0.8574,0.3709,0.009297,0.009073,0.007112,0.01573,0.005934,0.004825,0.002904,0.01175,0.005926,0.1723,0.7551,
0.8578,0.3739,0.009317,0.009077,0.007063,0.01573,0.005951,0.004808,0.002904,0.0118,0.00604,0.1722,0.7552,
0.8604,0.4308,0.00949,0.009081,0.007045,0.01573,0.005931,0.004802,0.01018,0.004535,0.006098,0.1721,0.755,
0.861,0.4376,0.009594,0.00907,0.007029,0.0157,0.005944,0.004789,0.01026,0.004497,0.006176,0.1719,0.755,
0.8606,0.4466,0.009541,0.00907,0.007046,0.01571,0.005937,0.004762,0.01024,0.004568,0.006105,0.172,0.7551,
0.8601,0.3974,0.009374,0.009097,0.007019,0.01577,0.005924,0.00479,0.01024,0.004558,0.00608,0.172,0.7552,
0.8602,0.3971,0.009395,0.009105,0.007029,0.01579,0.005916,0.004765,0.01024,0.004543,0.006138,0.1719,0.7552,
0.8599,0.3958,0.009373,0.009113,0.007044,0.0157,0.005917,0.004748,0.01028,0.004618,0.006023,0.1719,0.7553,
0.8597,0.3986,0.009331,0.009121,0.007062,0.01568,0.005917,0.004759,0.01029,0.004734,0.005891,0.1719,0.7553,
0.8616,0.3809,0.009291,0.009101,0.007069,0.01572,0.005913,0.00485,0.01023,0.004682,0.00621,0.1722,0.7547,
0.8615,0.382,0.009281,0.009103,0.007079,0.01568,0.005955,0.004832,0.01021,0.004834,0.006059,0.1722,0.7547,
0.8622,0.3915,0.009291,0.00912,0.007094,0.01577,0.005973,0.004843,0.01018,0.005162,0.005742,0.1722,0.7546,
0.8618,0.395,0.009228,0.009119,0.007105,0.01578,0.005946,0.004824,0.0102,0.005172,0.005716,0.1722,0.7547,
0.8631,0.3752,0.009287,0.009107,0.007127,0.01577,0.005963,0.004853,0.0102,0.00513,0.006039,0.1719,0.7546,
0.864,0.3729,0.009254,0.009107,0.00714,0.01586,0.005907,0.004853,0.01024,0.005084,0.006309,0.1716,0.7546,
0.8639,0.3756,0.009154,0.009098,0.007157,0.01595,0.005907,0.004876,0.01025,0.005053,0.006309,0.1716,0.7546,
0.8636,0.3763,0.009138,0.009101,0.007125,0.01592,0.005907,0.004876,0.01034,0.005045,0.00623,0.1716,0.7547,
0.8631,0.3928,0.008966,0.009099,0.007129,0.01601,0.005931,0.004828,0.01034,0.005147,0.006127,0.1717,0.7548,
0.8647,0.3917,0.008994,0.009103,0.007145,0.0161,0.005958,0.004825,0.01032,0.005248,0.00632,0.1714,0.7546,
0.8652,0.3887,0.008887,0.009077,0.007166,0.01616,0.005932,0.004816,0.01032,0.005263,0.006261,0.1721,0.754,
0.8675,0.3962,0.008966,0.009072,0.007149,0.01617,0.005959,0.004829,0.0103,0.005238,0.006707,0.1721,0.7535,
0.8685,0.3875,0.008964,0.009079,0.007157,0.01624,0.005966,0.004837,0.01028,0.005339,0.00682,0.1719,0.7534,
0.871,0.374,0.009178,0.009059,0.007114,0.01625,0.005957,0.00484,0.01026,0.005392,0.007354,0.1713,0.7533,
0.8706,0.3657,0.009066,0.009058,0.007124,0.01624,0.005974,0.004857,0.01023,0.005429,0.007318,0.1713,0.7534,
0.8703,0.3644,0.009043,0.009041,0.007146,0.01626,0.005966,0.004826,0.01023,0.005438,0.007286,0.1713,0.7535,
0.8712,0.3574,0.009115,0.00903,0.007146,0.01626,0.005966,0.004805,0.01023,0.005472,0.007495,0.1711,0.7534,
0.8707,0.3603,0.00915,0.009015,0.007095,0.01617,0.00601,0.004836,0.01018,0.0056,0.007305,0.1711,0.7535,
0.8714,0.3618,0.009242,0.00901,0.007121,0.0162,0.00601,0.004854,0.01016,0.005654,0.007252,0.1711,0.7534,
0.872,0.3692,0.009407,0.009005,0.007131,0.01616,0.005993,0.004909,0.0101,0.005691,0.007216,0.1711,0.7532,
0.8722,0.4053,0.009454,0.008984,0.00714,0.01609,0.005981,0.009292,0.00571,0.005756,0.007115,0.1712,0.7533,
0.8719,0.3884,0.009401,0.008977,0.007162,0.01612,0.005941,0.009304,0.005682,0.005993,0.006878,0.1712,0.7534,
0.8712,0.3973,0.009248,0.008981,0.007133,0.01623,0.005936,0.009305,0.005622,0.005993,0.006878,0.1712,0.7535,
0.871,0.3955,0.009236,0.008979,0.007148,0.01622,0.005973,0.009303,0.005626,0.006175,0.006614,0.1712,0.7535,
0.8705,0.3898,0.009201,0.008983,0.007152,0.01619,0.005929,0.00929,0.005634,0.006185,0.00658,0.1713,0.7536,
0.8705,0.3864,0.009209,0.008969,0.007161,0.01617,0.005996,0.009224,0.005673,0.006312,0.006414,0.1713,0.7536,
0.8702,0.4024,0.00919,0.008969,0.007166,0.01616,0.00599,0.009222,0.005656,0.006385,0.006325,0.1713,0.7537,
0.8699,0.3946,0.009046,0.008965,0.00717,0.01625,0.005999,0.009231,0.005639,0.006439,0.006271,0.1713,0.7537,
0.8701,0.3975,0.009013,0.008972,0.007148,0.0162,0.005986,0.009251,0.005611,0.006524,0.00608,0.1721,0.7531,
0.8698,0.3971,0.009001,0.008952,0.007154,0.0162,0.005947,0.009247,0.005639,0.00653,0.006046,0.1721,0.7532,
0.8687,0.3828,0.008963,0.008938,0.007131,0.01613,0.005852,0.009265,0.005644,0.006566,0.00599,0.1721,0.7534,
0.8686,0.3927,0.008929,0.008942,0.007139,0.01613,0.005852,0.009319,0.00559,0.006615,0.005942,0.1721,0.7535,
0.8684,0.3867,0.008893,0.008955,0.007146,0.0161,0.005852,0.009337,0.005601,0.006707,0.005821,0.1721,0.7535,
0.8692,0.3671,0.008998,0.008956,0.007153,0.01609,0.005852,0.009371,0.005589,0.006769,0.005849,0.172,0.7534,
0.8687,0.37,0.008973,0.00892,0.00715,0.01604,0.005817,0.009417,0.005565,0.006738,0.005849,0.1721,0.7534,
0.87,0.3763,0.009116,0.008925,0.007153,0.01601,0.005834,0.009503,0.005479,0.006738,0.006071,0.1719,0.7533,
0.8699,0.4026,0.009083,0.008935,0.007162,0.016,0.005834,0.009521,0.005462,0.006776,0.006034,0.1719,0.7533,
0.8705,0.3961,0.009143,0.008916,0.007169,0.01597,0.005849,0.00953,0.005433,0.006818,0.006035,0.1721,0.7531,
0.8702,0.3791,0.009101,0.008923,0.007181,0.01599,0.00583,0.009502,0.005433,0.006972,0.005882,0.1721,0.7531,
0.8727,0.3857,0.009285,0.008934,0.007188,0.01597,0.00573,0.00948,0.00545,0.006955,0.006569,0.1714,0.7531,
0.8729,0.3918,0.009255,0.008926,0.007204,0.01597,0.005738,0.009502,0.005419,0.007004,0.006603,0.1713,0.7531,
0.8746,0.3782,0.009217,0.008921,0.007204,0.01597,0.005758,0.009468,0.005478,0.00699,0.006764,0.1719,0.7523,
0.8756,0.3796,0.009276,0.008923,0.007215,0.01596,0.005757,0.009467,0.005477,0.007061,0.006864,0.1719,0.7521,
0.8746,0.3574,0.009267,0.00892,0.007224,0.01584,0.005751,0.009427,0.00549,0.007414,0.006439,0.1719,0.7523,
0.8743,0.3502,0.009122,0.008917,0.007249,0.01591,0.006985,0.00816,0.005466,0.007637,0.006146,0.172,0.7524,
0.8734,0.3647,0.009028,0.008914,0.00721,0.01598,0.006949,0.008099,0.005497,0.007874,0.005879,0.172,0.7526,
0.8723,0.3552,0.008912,0.008918,0.007213,0.01605,0.006904,0.009174,0.004446,0.007878,0.005851,0.172,0.7527,
0.8734,0.3716,0.009012,0.008922,0.007221,0.01605,0.006922,0.009173,0.004404,0.007895,0.006056,0.1717,0.7526,
0.8737,0.3621,0.009063,0.008919,0.007228,0.01601,0.006911,0.009211,0.004427,0.007824,0.006126,0.1717,0.7526,
0.8745,0.363,0.00919,0.008935,0.007233,0.016,0.006907,0.009194,0.004444,0.007858,0.006165,0.1716,0.7525,
0.8734,0.3581,0.009124,0.008957,0.007228,0.01596,0.006788,0.009207,0.004407,0.007907,0.006113,0.1716,0.7527,
0.8707,0.3528,0.009113,0.008949,0.007236,0.01593,0.006274,0.009204,0.00439,0.007944,0.006076,0.1716,0.7533,
