entropy,entropyInd,RabA,RabB,RabC,RabD,RabE,RabF,RabG,RabH,RabI,xER,xPM,
1.406,0.2696,0.03629,0.006838,0.01115,0.04091,0.01986,0.004389,0.02403,0.01643,0.02102,0.4095,0.4095,
1.406,0.2675,0.03624,0.006834,0.01115,0.04085,0.01981,0.004388,0.02403,0.01643,0.02102,0.4097,0.4095,
1.405,0.2695,0.03622,0.006835,0.01115,0.0407,0.01964,0.004368,0.02403,0.01643,0.02102,0.4098,0.4098,
1.406,0.2587,0.03646,0.006829,0.01114,0.04061,0.01951,0.004366,0.02402,0.01643,0.02144,0.4097,0.4095,
1.405,0.263,0.03646,0.006826,0.01114,0.04049,0.01938,0.00434,0.02403,0.01643,0.02144,0.4097,0.4098,
1.408,0.2793,0.03681,0.006767,0.01113,0.04045,0.01938,0.004339,0.02402,0.01642,0.02205,0.4094,0.4093,
1.408,0.2441,0.03677,0.006756,0.01112,0.04033,0.01939,0.004261,0.02401,0.01642,0.02242,0.4094,0.4091,
1.408,0.2453,0.03677,0.006756,0.01112,0.04033,0.01943,0.004228,0.02401,0.01642,0.02242,0.4094,0.4091,
1.407,0.2459,0.03677,0.006755,0.01112,0.04027,0.01932,0.004228,0.02401,0.01642,0.02242,0.4094,0.4093,
1.406,0.2434,0.03677,0.006753,0.01112,0.04018,0.01915,0.004195,0.02401,0.01642,0.02242,0.4095,0.4095,
1.406,0.2636,0.03677,0.006753,0.01112,0.04008,0.01915,0.004195,0.02401,0.01642,0.02243,0.4095,0.4096,
1.401,0.2526,0.03509,0.006751,0.01112,0.04006,0.01892,0.004182,0.024,0.01642,0.02243,0.4095,0.4115,
1.405,0.2476,0.03632,0.006747,0.01112,0.03991,0.01869,0.004179,0.02399,0.01641,0.02311,0.4093,0.4102,
1.402,0.243,0.03526,0.006747,0.01112,0.03981,0.01869,0.004179,0.02399,0.01641,0.02311,0.4094,0.4113,
1.399,0.2452,0.03388,0.006716,0.01111,0.03976,0.01874,0.004139,0.02399,0.01642,0.02311,0.4094,0.4127,
1.396,0.2393,0.03356,0.006715,0.01111,0.03967,0.0195,0.003373,0.02399,0.01642,0.02311,0.4095,0.4131,
1.392,0.2328,0.03232,0.006698,0.01111,0.03953,0.01929,0.003373,0.02399,0.01642,0.02311,0.4095,0.4146,
1.387,0.235,0.0305,0.006697,0.01112,0.03943,0.01917,0.003363,0.024,0.01642,0.02312,0.4096,0.4166,
1.382,0.2588,0.02891,0.006696,0.01112,0.03931,0.01909,0.003364,0.024,0.01642,0.02312,0.4096,0.4184,
1.38,0.237,0.02846,0.006697,0.01112,0.03909,0.01912,0.003288,0.02401,0.01642,0.02312,0.4097,0.4189,
1.405,0.2213,0.0373,0.006678,0.01111,0.03884,0.01914,0.003251,0.02399,0.01641,0.02411,0.4095,0.4097,
1.407,0.2197,0.03827,0.006678,0.01111,0.03877,0.0191,0.003146,0.02398,0.01641,0.02457,0.409,0.4089,
1.404,0.2217,0.03698,0.006677,0.01111,0.03856,0.0191,0.003146,0.02397,0.01641,0.02456,0.4094,0.4101,
1.408,0.2196,0.03793,0.006669,0.0111,0.03845,0.01913,0.003063,0.02395,0.01639,0.02564,0.4088,0.4089,
1.408,0.2182,0.03811,0.006665,0.0111,0.03825,0.01911,0.002998,0.02393,0.01639,0.02563,0.4091,0.4087,
1.409,0.2194,0.03784,0.006583,0.01108,0.03808,0.01905,0.002986,0.02391,0.01637,0.0266,0.4088,0.4087,
1.408,0.2182,0.03757,0.006577,0.01108,0.03802,0.01907,0.002938,0.0239,0.01636,0.02661,0.4088,0.4091,
1.406,0.219,0.03691,0.00657,0.01108,0.038,0.01907,0.002938,0.0239,0.01637,0.02661,0.4089,0.4097,
1.411,0.2166,0.03806,0.006569,0.01107,0.03778,0.01907,0.002938,0.0239,0.01636,0.0276,0.4082,0.4085,
1.407,0.2204,0.0372,0.006565,0.01107,0.03769,0.01885,0.002895,0.02389,0.01635,0.02758,0.4086,0.4094,
1.406,0.2365,0.03659,0.006565,0.01107,0.0376,0.01881,0.002887,0.02388,0.01635,0.02758,0.4086,0.4101,
1.402,0.2309,0.03515,0.006599,0.01107,0.03774,0.01869,0.002872,0.02385,0.01649,0.02745,0.4086,0.4114,
1.408,0.2551,0.03459,0.006635,0.01108,0.03794,0.01849,0.008829,0.01795,0.01706,0.02662,0.4088,0.412,
1.406,0.2505,0.03355,0.006652,0.01109,0.03807,0.01844,0.008912,0.01783,0.01721,0.02642,0.4088,0.413,
1.403,0.2546,0.03189,0.006723,0.0111,0.0385,0.01843,0.008896,0.01794,0.01712,0.02638,0.4089,0.4142,
1.417,0.2379,0.03697,0.006745,0.0111,0.03865,0.01842,0.008936,0.0179,0.01745,0.02628,0.4088,0.4088,
1.415,0.2402,0.03626,0.006746,0.01111,0.03866,0.01837,0.008937,0.01802,0.01738,0.0261,0.4089,0.4095,
1.418,0.2331,0.03738,0.006684,0.01109,0.03879,0.01832,0.008971,0.01795,0.01749,0.02627,0.4088,0.4083,
1.415,0.2316,0.03616,0.006683,0.0111,0.03877,0.01835,0.008981,0.01794,0.01754,0.02621,0.4088,0.4094,
1.411,0.2417,0.03469,0.006694,0.01111,0.03898,0.01957,0.007766,0.0198,0.0159,0.0259,0.409,0.4106,
1.408,0.2438,0.03377,0.006704,0.01111,0.03906,0.01942,0.007834,0.01978,0.01601,0.02575,0.4089,0.4116,
1.407,0.2487,0.03296,0.006743,0.01112,0.03931,0.01934,0.007867,0.01977,0.01651,0.02521,0.409,0.4122,
1.415,0.2439,0.0359,0.006787,0.01111,0.03951,0.01911,0.007985,0.01968,0.01655,0.02556,0.4088,0.409,
1.417,0.2391,0.03626,0.006805,0.01111,0.03972,0.01907,0.007991,0.01964,0.01681,0.02554,0.4088,0.4083,
1.416,0.2452,0.03506,0.006891,0.01111,0.04028,0.01885,0.008032,0.01964,0.01692,0.02556,0.4088,0.4089,
1.412,0.2501,0.03327,0.006889,0.01113,0.04037,0.01886,0.008173,0.0195,0.01709,0.02528,0.4088,0.4106,
1.409,0.2478,0.03207,0.006899,0.01113,0.04035,0.0189,0.008248,0.01934,0.01742,0.02487,0.409,0.4118,
1.418,0.2423,0.03543,0.006894,0.01112,0.04028,0.01815,0.008316,0.01928,0.01737,0.02602,0.4085,0.4086,
1.415,0.2464,0.03433,0.00691,0.01112,0.0404,0.01809,0.008284,0.01929,0.01748,0.02591,0.4086,0.4096,
1.418,0.2386,0.03567,0.006864,0.01107,0.04045,0.01785,0.008324,0.01924,0.0176,0.02593,0.4086,0.4085,
1.419,0.242,0.03607,0.00686,0.01107,0.04037,0.01775,0.008404,0.01922,0.01752,0.02625,0.4084,0.408,
1.42,0.2394,0.03525,0.006933,0.01106,0.04086,0.01778,0.008449,0.01917,0.01777,0.02648,0.4083,0.4079,
1.42,0.2477,0.03495,0.006898,0.01106,0.04066,0.01763,0.008451,0.0192,0.01772,0.0273,0.4082,0.4079,
1.419,0.2524,0.03437,0.006912,0.01095,0.04081,0.01763,0.008493,0.01921,0.01777,0.02721,0.4081,0.4085,
1.422,0.2451,0.03446,0.006974,0.01096,0.04129,0.01763,0.008493,0.01926,0.0183,0.02711,0.4077,0.4078,
1.422,0.2658,0.03378,0.007029,0.01096,0.04172,0.0177,0.008576,0.01925,0.01848,0.02693,0.4078,0.4078,
1.42,0.2513,0.03282,0.007025,0.01096,0.04175,0.01756,0.008607,0.01935,0.01903,0.0262,0.408,0.4087,
1.417,0.254,0.03192,0.007054,0.01096,0.04192,0.01741,0.008548,0.01939,0.01937,0.02583,0.408,0.4096,
1.425,0.261,0.0336,0.00705,0.01095,0.04186,0.01737,0.01249,0.01541,0.01961,0.0264,0.4077,0.4076,
1.424,0.2632,0.03282,0.007089,0.01096,0.04209,0.01732,0.01257,0.01533,0.01985,0.02617,0.4077,0.4081,
1.421,0.2577,0.03176,0.0071,0.01086,0.04218,0.0173,0.01357,0.0143,0.01991,0.02611,0.4078,0.4092,
1.421,0.258,0.03196,0.006999,0.01085,0.04233,0.01718,0.01371,0.01408,0.02026,0.02585,0.4079,0.4089,
1.42,0.2576,0.03161,0.006994,0.01085,0.04218,0.01725,0.01364,0.01412,0.02091,0.02516,0.4079,0.4093,
1.417,0.2608,0.03051,0.006992,0.01086,0.0421,0.01735,0.01359,0.01473,0.0205,0.02472,0.4081,0.4106,
1.425,0.2575,0.03273,0.007008,0.01085,0.04215,0.01738,0.01362,0.01468,0.02055,0.02542,0.4078,0.4078,
1.426,0.2594,0.03279,0.007013,0.01086,0.04229,0.01738,0.01365,0.01463,0.02075,0.02538,0.4077,0.4076,
1.424,0.2615,0.03176,0.007061,0.01086,0.04253,0.01742,0.01365,0.0146,0.02075,0.02524,0.4078,0.4083,
1.426,0.2695,0.03177,0.007044,0.01084,0.04255,0.01735,0.01373,0.01452,0.02087,0.02619,0.4074,0.4077,
1.428,0.2619,0.03222,0.007038,0.0108,0.04258,0.01736,0.01362,0.01455,0.02094,0.02641,0.4073,0.4072,
1.43,0.2591,0.03212,0.007052,0.0108,0.04252,0.01736,0.01361,0.01455,0.02138,0.02668,0.4071,0.4068,
1.429,0.2567,0.03153,0.007076,0.0108,0.04267,0.01737,0.01366,0.01456,0.02124,0.02694,0.407,0.4071,
1.425,0.2585,0.03087,0.007095,0.01072,0.04274,0.02005,0.01088,0.01466,0.0212,0.02671,0.4072,0.4079,
1.427,0.2507,0.03119,0.007094,0.01072,0.04266,0.02011,0.0108,0.01476,0.02138,0.02684,0.4072,0.4073,
1.426,0.2498,0.03079,0.007115,0.01072,0.0427,0.02015,0.011,0.01464,0.02165,0.02643,0.4072,0.4076,
1.422,0.2442,0.02932,0.007016,0.01072,0.04256,0.02017,0.01095,0.01464,0.02168,0.02639,0.4073,0.4092,
1.421,0.2425,0.02888,0.00706,0.01073,0.04283,0.02018,0.01099,0.01465,0.02165,0.02617,0.4074,0.4095,
1.428,0.2383,0.03126,0.007054,0.01072,0.04267,0.0199,0.01101,0.01468,0.02159,0.02685,0.4071,0.4071,
1.425,0.242,0.03027,0.007059,0.01072,0.04294,0.01987,0.01105,0.01462,0.0219,0.02637,0.4072,0.408,
1.427,0.2454,0.0304,0.007105,0.01073,0.04332,0.01972,0.01106,0.01463,0.02196,0.0265,0.4072,0.4074,
1.425,0.2499,0.02975,0.007068,0.01073,0.04337,0.01964,0.01106,0.01463,0.02275,0.02571,0.4072,0.4081,
1.428,0.2502,0.03099,0.007076,0.01065,0.04333,0.01938,0.01104,0.01469,0.02277,0.02615,0.4067,0.4072,
1.428,0.2485,0.03111,0.007065,0.01064,0.04329,0.01917,0.01104,0.0147,0.02274,0.02606,0.407,0.4071,
1.429,0.2603,0.03088,0.007083,0.01065,0.04343,0.01916,0.01116,0.01461,0.02329,0.02587,0.4069,0.407,
1.429,0.2535,0.03018,0.007098,0.01064,0.04352,0.01913,0.01105,0.01459,0.02323,0.02672,0.4066,0.4073,
1.426,0.2499,0.02962,0.007082,0.01063,0.04362,0.01895,0.01094,0.01476,0.02314,0.02661,0.4066,0.408,
1.422,0.2535,0.02885,0.007053,0.01063,0.04361,0.02138,0.00859,0.01475,0.02318,0.02644,0.4067,0.4088,
1.427,0.2792,0.03124,0.007049,0.01063,0.04352,0.02071,0.008691,0.01473,0.02325,0.02659,0.4067,0.4069,
1.428,0.2783,0.03056,0.007065,0.01058,0.04387,0.02074,0.0109,0.01258,0.02316,0.0268,0.4067,0.4071,
1.426,0.2747,0.03011,0.007081,0.01058,0.04393,0.02075,0.01096,0.01253,0.02326,0.02661,0.4067,0.4075,
1.425,0.2719,0.02956,0.007074,0.01058,0.04389,0.02071,0.01092,0.01257,0.02384,0.0262,0.4066,0.408,
1.431,0.2677,0.0312,0.007084,0.01058,0.04393,0.02076,0.01081,0.01271,0.02378,0.0265,0.4065,0.4062,
1.431,0.267,0.03122,0.007016,0.01056,0.04404,0.02072,0.0108,0.01272,0.02385,0.02675,0.4062,0.4062,
1.433,0.2628,0.03106,0.006946,0.01055,0.04404,0.02077,0.01074,0.01265,0.02395,0.02788,0.4059,0.4056,
1.432,0.2611,0.03026,0.006962,0.01055,0.04418,0.02079,0.01062,0.01281,0.02414,0.02752,0.4059,0.4063,
1.43,0.2617,0.03001,0.006965,0.01055,0.04416,0.02057,0.01057,0.01294,0.02413,0.02737,0.4059,0.4068,
1.429,0.2667,0.02957,0.006984,0.01056,0.04428,0.02044,0.01059,0.0131,0.02432,0.02699,0.4059,0.4072,
1.426,0.269,0.02886,0.007012,0.01056,0.04446,0.02024,0.01051,0.01323,0.02439,0.02664,0.4062,0.4079,
1.424,0.2708,0.02806,0.007011,0.01056,0.04441,0.02025,0.01046,0.01333,0.02508,0.02568,0.4062,0.409,
1.423,0.2628,0.02769,0.007003,0.01057,0.04429,0.02029,0.0105,0.01335,0.02512,0.02554,0.4062,0.4094,
1.433,0.2552,0.03236,0.007004,0.01057,0.04426,0.01908,0.01041,0.01342,0.02501,0.0264,0.4059,0.4056,
1.431,0.2541,0.03136,0.007083,0.01057,0.04481,0.0188,0.01045,0.01344,0.0252,0.02611,0.4059,0.4063,
1.428,0.2524,0.03061,0.00703,0.01056,0.04476,0.01858,0.01046,0.01344,0.02551,0.02575,0.4059,0.4074,
1.432,0.2535,0.03175,0.007028,0.01056,0.04474,0.0188,0.01023,0.01348,0.02569,0.02589,0.4058,0.4061,
1.433,0.2501,0.03132,0.007048,0.01046,0.04492,0.01882,0.01018,0.01354,0.02586,0.0264,0.4056,0.4059,
1.436,0.2808,0.03223,0.00704,0.01048,0.04498,0.01878,0.01028,0.01355,0.02615,0.02625,0.4054,0.4049,
1.433,0.2589,0.03124,0.00709,0.01048,0.0453,0.01852,0.01026,0.01358,0.02624,0.02594,0.4055,0.4059,
1.434,0.2553,0.03203,0.007058,0.01048,0.04521,0.01826,0.01026,0.01366,0.02623,0.02601,0.4054,0.4054,
1.433,0.2651,0.03139,0.007088,0.01048,0.04543,0.01821,0.0103,0.01366,0.02653,0.02554,0.4055,0.4059,
1.432,0.2606,0.03112,0.007064,0.01049,0.04547,0.01813,0.01039,0.01362,0.02653,0.02551,0.4055,0.4062,
1.431,0.263,0.03085,0.007085,0.01049,0.04563,0.01802,0.01055,0.01357,0.02674,0.02511,0.4056,0.4064,
1.428,0.2709,0.02939,0.007137,0.0105,0.04609,0.01805,0.01043,0.01357,0.02758,0.02427,0.4056,0.4074,
1.433,0.2598,0.03139,0.00713,0.0105,0.04605,0.01804,0.01043,0.01353,0.02765,0.02424,0.4056,0.4054,
1.432,0.2619,0.0308,0.007136,0.0105,0.04606,0.01799,0.01046,0.0135,0.0279,0.02416,0.4056,0.4059,
1.43,0.267,0.02972,0.007146,0.01051,0.04627,0.01802,0.01047,0.01353,0.02848,0.0235,0.4056,0.4067,
1.433,0.2704,0.03052,0.007172,0.01051,0.04647,0.01798,0.01048,0.01356,0.02877,0.0236,0.4054,0.4055,
1.431,0.2665,0.02982,0.007173,0.01051,0.04648,0.01794,0.01048,0.01351,0.02885,0.0234,0.4055,0.4063,
1.428,0.2656,0.02837,0.00717,0.01052,0.04697,0.01796,0.0104,0.01363,0.0288,0.02321,0.4055,0.4074,
1.423,0.2649,0.02668,0.007189,0.01052,0.04712,0.01793,0.01047,0.01373,0.02918,0.02265,0.4055,0.409,
1.436,0.2625,0.03017,0.007198,0.01051,0.04719,0.01795,0.01035,0.01374,0.0296,0.02363,0.4049,0.4047,
1.435,0.262,0.02942,0.007236,0.01051,0.04745,0.0179,0.01032,0.01377,0.02952,0.02363,0.405,0.4052,
1.433,0.2612,0.02869,0.00726,0.01051,0.04764,0.01791,0.01029,0.01384,0.02952,0.02354,0.405,0.4058,
1.432,0.2637,0.02828,0.007265,0.01052,0.04756,0.01787,0.01037,0.01385,0.0294,0.02354,0.4051,0.4063,
1.427,0.2703,0.0268,0.007269,0.01051,0.04763,0.01764,0.01027,0.014,0.02965,0.02314,0.4051,0.408,
1.435,0.2676,0.02902,0.007277,0.01051,0.04771,0.01755,0.0103,0.01408,0.02983,0.02346,0.4048,0.4054,
1.433,0.2677,0.02879,0.007281,0.01052,0.0475,0.0175,0.01035,0.01415,0.02984,0.02325,0.405,0.4058,
1.436,0.2666,0.02932,0.007251,0.01053,0.0476,0.01739,0.01036,0.01427,0.02968,0.02392,0.4044,0.4053,
1.437,0.2641,0.02945,0.007232,0.01053,0.04751,0.01744,0.01027,0.01442,0.02977,0.02406,0.4047,0.4046,
1.436,0.2673,0.02902,0.007233,0.01053,0.0474,0.01738,0.01045,0.0144,0.02986,0.0238,0.4047,0.4052,
1.434,0.2681,0.02826,0.007241,0.01053,0.04762,0.01722,0.01053,0.01438,0.02986,0.02361,0.4048,0.4059,
1.429,0.2845,0.02732,0.00727,0.01054,0.04775,0.0193,0.008347,0.0144,0.03006,0.02324,0.405,0.4068,
1.436,0.2899,0.02934,0.007269,0.01054,0.04779,0.01933,0.008369,0.0144,0.03008,0.0237,0.4047,0.4045,
1.433,0.2681,0.0274,0.007292,0.01054,0.04799,0.01952,0.01043,0.01223,0.03025,0.02365,0.4046,0.4061,
1.431,0.2722,0.02682,0.007294,0.01054,0.04807,0.01956,0.01043,0.01237,0.03014,0.0235,0.4047,0.4066,
1.43,0.2682,0.02644,0.007326,0.01055,0.04828,0.01954,0.01036,0.0124,0.03059,0.02297,0.4047,0.4069,
1.438,0.2613,0.02854,0.007343,0.01055,0.04844,0.01986,0.0101,0.01231,0.03058,0.02361,0.4045,0.4042,
1.435,0.2617,0.02761,0.007338,0.01056,0.04839,0.01988,0.01005,0.0123,0.03058,0.0234,0.4046,0.4053,
1.432,0.2641,0.02674,0.007349,0.01057,0.04831,0.01989,0.01,0.01238,0.03079,0.02313,0.4047,0.4061,
1.439,0.2627,0.02838,0.007366,0.01057,0.04842,0.01976,0.01009,0.01254,0.03081,0.02379,0.4038,0.4045,
1.436,0.2657,0.02809,0.007356,0.01058,0.04838,0.02152,0.008295,0.01262,0.03069,0.02359,0.4045,0.4044,
1.434,0.2724,0.02703,0.007419,0.01058,0.04872,0.02156,0.008329,0.01271,0.0308,0.02333,0.4045,0.405,
1.436,0.2718,0.027,0.007443,0.01059,0.04886,0.02159,0.008295,0.01286,0.03059,0.02363,0.4045,0.4047,
1.435,0.2726,0.02688,0.007454,0.01059,0.04894,0.02162,0.008261,0.01298,0.03051,0.02355,0.4045,0.4047,
1.432,0.2741,0.02576,0.007443,0.01061,0.04889,0.02162,0.008418,0.01287,0.03077,0.02303,0.4046,0.406,
1.431,0.2781,0.02539,0.007446,0.01054,0.04911,0.02165,0.008537,0.01287,0.03063,0.02297,0.4047,0.4062,
1.429,0.2743,0.02483,0.007447,0.01055,0.0491,0.02169,0.008602,0.0129,0.03062,0.02279,0.4047,0.4067,
1.436,0.2769,0.02707,0.007423,0.01054,0.04915,0.02175,0.008573,0.01297,0.03065,0.02282,0.4045,0.4045,
1.438,0.2851,0.02689,0.007413,0.01053,0.04898,0.02174,0.008498,0.0142,0.02963,0.02348,0.4043,0.4043,
1.435,0.283,0.02602,0.007346,0.01053,0.04907,0.02153,0.008583,0.01427,0.0298,0.02304,0.4044,0.4054,
1.434,0.2915,0.0252,0.007334,0.01054,0.049,0.0215,0.008749,0.02105,0.02283,0.02282,0.4046,0.4063,
1.441,0.2873,0.02714,0.00731,0.01054,0.04893,0.02154,0.008885,0.02101,0.0231,0.02293,0.4044,0.4042,
1.442,0.2861,0.0269,0.007315,0.01052,0.0489,0.02132,0.00892,0.02274,0.02189,0.02314,0.4042,0.4042,
1.439,0.2669,0.026,0.007321,0.01052,0.04887,0.02103,0.009051,0.02266,0.02188,0.02308,0.4042,0.4054,
1.444,0.2723,0.02725,0.007312,0.01052,0.04877,0.02098,0.009036,0.02272,0.02185,0.02379,0.4039,0.4039,
1.442,0.2723,0.02673,0.007309,0.01052,0.04858,0.02098,0.00907,0.02285,0.02179,0.02367,0.404,0.4045,
1.44,0.2622,0.02638,0.007304,0.01052,0.04858,0.02083,0.009064,0.02297,0.02171,0.0234,0.4041,0.4051,
1.437,0.2612,0.02566,0.007253,0.01053,0.04857,0.02076,0.009043,0.02292,0.02226,0.02278,0.4041,0.4061,
1.434,0.2657,0.02494,0.007266,0.01048,0.04867,0.02045,0.009073,0.02298,0.02236,0.02238,0.4043,0.4072,
1.431,0.2617,0.02451,0.007237,0.01046,0.04851,0.02029,0.008992,0.02315,0.02279,0.02168,0.4044,0.408,
1.443,0.2548,0.02852,0.007216,0.01042,0.04842,0.02005,0.009038,0.02315,0.02265,0.02267,0.404,0.4039,
1.443,0.2546,0.02817,0.007208,0.01041,0.04829,0.02013,0.009198,0.02302,0.02267,0.02291,0.4039,0.4041,
1.44,0.2533,0.02767,0.007086,0.01041,0.04813,0.01993,0.00924,0.02304,0.0228,0.02261,0.404,0.4051,
1.443,0.2495,0.02899,0.007087,0.01041,0.0481,0.0198,0.009247,0.02294,0.0228,0.02272,0.404,0.4039,
1.445,0.2538,0.0296,0.007091,0.01041,0.04802,0.01942,0.009257,0.02289,0.02275,0.02327,0.4038,0.4035,
1.444,0.2511,0.02888,0.007101,0.01041,0.04794,0.01923,0.009344,0.02281,0.02283,0.02366,0.4033,0.4045,
1.444,0.2484,0.02932,0.007102,0.01041,0.04789,0.01921,0.009282,0.02285,0.02278,0.02352,0.4037,0.4039,
1.448,0.2456,0.03017,0.007091,0.0104,0.04779,0.01884,0.009311,0.02283,0.02267,0.02466,0.4034,0.4029,
1.448,0.2469,0.03006,0.007091,0.0104,0.04792,0.01898,0.009295,0.02275,0.0227,0.02452,0.4033,0.403,
1.445,0.2561,0.02947,0.007095,0.0104,0.04792,0.01884,0.009266,0.02273,0.0229,0.02408,0.4035,0.4038,
1.443,0.2685,0.02891,0.006988,0.0104,0.04797,0.01887,0.009336,0.02258,0.0229,0.02408,0.4036,0.4044,
1.44,0.2627,0.02819,0.007002,0.0104,0.04801,0.01872,0.009355,0.02254,0.02294,0.02383,0.4037,0.4053,
1.438,0.2922,0.0275,0.00701,0.01041,0.04808,0.0186,0.009393,0.02246,0.02294,0.02371,0.4038,0.4061,
1.434,0.2819,0.02618,0.007037,0.01037,0.04839,0.0183,0.00951,0.02237,0.02299,0.02357,0.4038,0.4075,
1.433,0.2769,0.02578,0.007034,0.01037,0.04836,0.01838,0.009573,0.02229,0.02292,0.02357,0.4038,0.4079,
1.43,0.2793,0.02474,0.007073,0.01037,0.04863,0.01827,0.009614,0.02255,0.02263,0.0235,0.4039,0.4088,
1.443,0.2602,0.02942,0.007016,0.01037,0.04857,0.01818,0.009818,0.02241,0.02278,0.0237,0.4037,0.404,
1.444,0.2562,0.02963,0.007031,0.01038,0.04854,0.01825,0.009827,0.02234,0.02301,0.0236,0.4037,0.4037,
1.443,0.2563,0.02912,0.007068,0.01038,0.04868,0.01832,0.009803,0.0224,0.02291,0.02354,0.4038,0.404,
1.445,0.2572,0.02959,0.007061,0.01037,0.04857,0.01941,0.008749,0.02258,0.0229,0.02369,0.4037,0.4034,
1.444,0.2586,0.02893,0.007114,0.01038,0.0489,0.01939,0.008899,0.02346,0.02197,0.02353,0.4037,0.4037,
1.445,0.263,0.02917,0.007113,0.01038,0.04892,0.01943,0.009,0.02333,0.02191,0.02374,0.4035,0.4035,
1.445,0.2653,0.02845,0.007152,0.01038,0.0492,0.01936,0.0115,0.02087,0.02184,0.02374,0.4037,0.4038,
1.449,0.2667,0.02877,0.007177,0.01038,0.0493,0.01945,0.01159,0.02082,0.0218,0.02432,0.403,0.4034,
1.446,0.2644,0.02818,0.007172,0.01038,0.04926,0.01941,0.01166,0.02075,0.02169,0.02416,0.4036,0.4038,
1.446,0.2692,0.02791,0.007157,0.01036,0.04922,0.01935,0.01163,0.02082,0.02268,0.02349,0.4034,0.4039,
1.445,0.2695,0.02739,0.007153,0.01036,0.0492,0.01938,0.01176,0.02067,0.02268,0.02349,0.4035,0.4044,
1.448,0.2676,0.02826,0.007148,0.01035,0.04921,0.01956,0.01177,0.02052,0.02278,0.02359,0.4035,0.4034,
1.448,0.2745,0.02795,0.007152,0.01035,0.04924,0.01948,0.01177,0.02354,0.01978,0.02404,0.4033,0.4034,
1.449,0.2776,0.02837,0.007157,0.01036,0.04927,0.01939,0.01188,0.02344,0.02,0.02389,0.4033,0.403,
1.447,0.2924,0.02741,0.007161,0.01036,0.04928,0.01936,0.01196,0.02347,0.02007,0.02369,0.4033,0.4039,
1.445,0.2544,0.02687,0.007195,0.01037,0.04942,0.0193,0.01193,0.02355,0.02003,0.02351,0.4034,0.4044,
1.442,0.2616,0.0259,0.007196,0.01037,0.0494,0.01925,0.01202,0.02342,0.02078,0.02267,0.4034,0.4056,
1.44,0.2633,0.02509,0.007259,0.01037,0.04984,0.01905,0.01203,0.0235,0.02072,0.02253,0.4035,0.4061,
1.438,0.2841,0.02456,0.00726,0.01038,0.04983,0.01896,0.01211,0.0236,0.02077,0.0223,0.4035,0.4067,
1.437,0.2726,0.02433,0.007258,0.01038,0.04968,0.01888,0.01219,0.02355,0.02072,0.02222,0.4036,0.4072,
1.445,0.2695,0.0275,0.007255,0.01039,0.04959,0.01896,0.012,0.02356,0.02089,0.02219,0.4036,0.4041,
1.449,0.2784,0.02789,0.007282,0.01039,0.04985,0.01901,0.01196,0.0236,0.02109,0.02253,0.4031,0.4033,
1.444,0.2748,0.02695,0.007259,0.0104,0.04979,0.02106,0.009932,0.02355,0.02112,0.02245,0.4035,0.404,
1.448,0.2744,0.02777,0.00725,0.0104,0.04969,0.02106,0.009905,0.02362,0.02098,0.02309,0.4033,0.403,
1.447,0.2652,0.02727,0.007246,0.0104,0.04967,0.02113,0.01003,0.02356,0.021,0.02294,0.4033,0.4035,
1.446,0.2644,0.02719,0.007252,0.0104,0.04968,0.02095,0.01003,0.02356,0.02159,0.02232,0.4033,0.4037,
1.448,0.267,0.02748,0.00726,0.0104,0.04977,0.021,0.009966,0.02359,0.02179,0.02258,0.4031,0.4031,
1.447,0.2716,0.02716,0.007253,0.0104,0.04972,0.02113,0.009963,0.02347,0.02268,0.02171,0.4031,0.4034,
1.449,0.2965,0.02742,0.00725,0.0104,0.04967,0.02119,0.009942,0.02341,0.02285,0.0219,0.403,0.403,
1.451,0.2623,0.02733,0.007272,0.0104,0.04987,0.02232,0.008786,0.02328,0.0228,0.02293,0.4023,0.4027,
1.448,0.2633,0.02636,0.007272,0.0104,0.04991,0.02234,0.00879,0.02327,0.02275,0.02292,0.4026,0.4033,
1.446,0.2931,0.02561,0.007299,0.01041,0.05002,0.02224,0.008759,0.02533,0.02102,0.0226,0.4027,0.404,
1.444,0.2847,0.02498,0.007302,0.01042,0.04998,0.0223,0.00881,0.02529,0.02111,0.02234,0.4028,0.4046,
1.452,0.279,0.02667,0.007298,0.01042,0.04994,0.02237,0.008841,0.02684,0.01939,0.02388,0.4014,0.4029,
1.455,0.2605,0.02695,0.007293,0.01041,0.04998,0.02235,0.008844,0.02669,0.01949,0.0246,0.4018,0.4016,
1.446,0.2673,0.02694,0.007271,0.0104,0.05,0.02231,0.008924,0.03716,0.008864,0.02472,0.4018,0.4016,
1.443,0.2635,0.02632,0.007261,0.0104,0.04996,0.02204,0.008827,0.03718,0.008883,0.02454,0.4019,0.4026,
1.44,0.2738,0.02557,0.007282,0.0104,0.05002,0.02192,0.008977,0.03701,0.008833,0.02454,0.402,0.4035,
1.446,0.2952,0.02738,0.00728,0.01039,0.04993,0.02137,0.008949,0.03697,0.008845,0.0257,0.4015,0.4016,
1.444,0.2573,0.02648,0.00731,0.01041,0.05009,0.02134,0.008977,0.0369,0.00883,0.02565,0.4016,0.4024,
1.443,0.2584,0.026,0.007306,0.01041,0.05013,0.0212,0.009073,0.0368,0.00883,0.02566,0.4017,0.4029,
1.441,0.2521,0.02556,0.007314,0.01041,0.05016,0.02095,0.009072,0.03676,0.009052,0.02543,0.4017,0.4036,
1.447,0.2562,0.02714,0.007359,0.01042,0.05068,0.02088,0.009057,0.03669,0.009293,0.02533,0.4017,0.4015,
1.444,0.2549,0.02639,0.007338,0.01043,0.05059,0.02055,0.009049,0.03678,0.009319,0.02523,0.4017,0.4026,
1.446,0.2556,0.02687,0.007366,0.01043,0.05075,0.02038,0.00909,0.03664,0.009314,0.02583,0.4015,0.4018,
1.445,0.257,0.02675,0.007366,0.01044,0.05075,0.02044,0.008906,0.03668,0.009356,0.02576,0.4015,0.402,
1.443,0.262,0.02618,0.00736,0.01044,0.05071,0.02003,0.008924,0.03673,0.01004,0.02499,0.4016,0.403,
1.439,0.2654,0.02505,0.007353,0.01042,0.05059,0.01986,0.008905,0.03675,0.01078,0.02409,0.4017,0.4045,
1.437,0.2823,0.0243,0.007382,0.01043,0.05063,0.01987,0.008909,0.03665,0.01081,0.02402,0.4018,0.4052,
1.435,0.2844,0.02326,0.007403,0.01043,0.05081,0.01991,0.009007,0.03662,0.01111,0.02363,0.4018,0.406,
1.434,0.2813,0.02278,0.007419,0.01044,0.05089,0.01983,0.008973,0.03676,0.0112,0.02338,0.4018,0.4065,
1.447,0.268,0.02752,0.007401,0.01044,0.05071,0.01979,0.008971,0.03667,0.01141,0.02359,0.4017,0.4018,
1.447,0.2675,0.02724,0.007406,0.01044,0.05067,0.01985,0.008913,0.03672,0.0114,0.02376,0.4017,0.4019,
1.445,0.2672,0.02619,0.007391,0.01044,0.05089,0.01992,0.008889,0.03669,0.01147,0.0237,0.4017,0.4027,
1.444,0.277,0.02587,0.007377,0.01045,0.05104,0.01989,0.008843,0.03672,0.01143,0.0237,0.4018,0.4029,
1.44,0.2604,0.02509,0.007368,0.01021,0.05096,0.01988,0.008774,0.03672,0.01146,0.02362,0.4018,0.4041,
1.439,0.2567,0.02468,0.007411,0.01021,0.05129,0.01978,0.008721,0.03681,0.01148,0.02349,0.4018,0.4043,
1.436,0.2612,0.02385,0.00745,0.01022,0.05155,0.01938,0.00866,0.0367,0.01155,0.02343,0.4018,0.4054,
1.447,0.2569,0.02764,0.007442,0.01022,0.05152,0.01937,0.008613,0.03661,0.01169,0.02357,0.4017,0.4016,
1.446,0.2606,0.02741,0.007457,0.01022,0.05171,0.01918,0.008577,0.03654,0.01222,0.023,0.4018,0.4019,
1.443,0.2606,0.02612,0.007491,0.01023,0.0519,0.01902,0.008664,0.0364,0.01222,0.023,0.4018,0.4032,
1.441,0.2626,0.02573,0.007502,0.01023,0.05178,0.01882,0.008744,0.03637,0.01229,0.0228,0.402,0.4038,
1.44,0.2693,0.02534,0.007499,0.01023,0.05172,0.02075,0.008293,0.03474,0.01247,0.0226,0.402,0.4044,
1.437,0.2778,0.02424,0.00753,0.01024,0.05187,0.02079,0.00837,0.03458,0.01304,0.02203,0.402,0.4053,
1.448,0.2771,0.0275,0.007516,0.01024,0.05175,0.02081,0.008464,0.03441,0.0131,0.02261,0.4017,0.4019,
1.446,0.2694,0.0266,0.007544,0.01024,0.05198,0.02083,0.00847,0.03436,0.01333,0.02237,0.4018,0.4024,
1.447,0.2677,0.02698,0.007539,0.01023,0.05191,0.01995,0.008536,0.03417,0.01391,0.02276,0.4014,0.4026,
1.444,0.2775,0.02646,0.007506,0.01023,0.05178,0.01983,0.008466,0.03422,0.01387,0.02263,0.4015,0.4035,
1.449,0.2688,0.02815,0.007509,0.01023,0.05174,0.01944,0.008434,0.03417,0.01419,0.02268,0.4014,0.4021,
1.451,0.2741,0.02899,0.007516,0.01023,0.05164,0.01936,0.008581,0.03407,0.01415,0.02295,0.4012,0.4013,
1.449,0.2776,0.02851,0.007543,0.01023,0.05163,0.01917,0.008514,0.03407,0.01419,0.02276,0.4015,0.4019,
1.451,0.276,0.02929,0.007541,0.01023,0.05139,0.01907,0.00856,0.03393,0.01432,0.02285,0.4014,0.4014,
1.449,0.2734,0.02859,0.007585,0.01023,0.05166,0.019,0.008582,0.03387,0.01449,0.02264,0.4015,0.4018,
1.45,0.2756,0.02841,0.007598,0.01024,0.05182,0.01907,0.00867,0.03371,0.01505,0.02208,0.4015,0.4018,
1.448,0.2684,0.02799,0.007593,0.01025,0.05176,0.0191,0.00868,0.03373,0.01522,0.02174,0.4016,0.4023,
1.449,0.268,0.02806,0.007503,0.01025,0.0517,0.01912,0.008654,0.03373,0.01559,0.0216,0.4016,0.4022,
1.446,0.2788,0.0272,0.00751,0.01025,0.05164,0.01902,0.008695,0.03377,0.01579,0.02133,0.4017,0.4031,
1.449,0.2687,0.02811,0.007513,0.01024,0.05159,0.01891,0.008607,0.03381,0.01618,0.02138,0.4015,0.4022,
1.447,0.2722,0.02746,0.007513,0.01024,0.05156,0.01884,0.008671,0.03376,0.01629,0.02114,0.4016,0.4029,
1.454,0.275,0.0289,0.007548,0.01024,0.05179,0.01884,0.008658,0.03364,0.01629,0.02204,0.4007,0.4014,
1.453,0.267,0.02851,0.00752,0.01014,0.05153,0.01893,0.008668,0.03349,0.01692,0.0217,0.4012,0.4014,
1.452,0.2724,0.02843,0.007523,0.01013,0.0513,0.01889,0.008586,0.03344,0.01691,0.02201,0.4011,0.4016,
1.451,0.2749,0.02659,0.007543,0.01014,0.05136,0.01889,0.01161,0.03054,0.01697,0.02182,0.4012,0.4033,
1.449,0.2689,0.02608,0.007544,0.01014,0.0513,0.01887,0.01161,0.03052,0.01709,0.02159,0.4013,0.404,
1.461,0.2717,0.02924,0.007522,0.01012,0.05125,0.01894,0.01341,0.02866,0.01735,0.02202,0.4006,0.4009,
1.46,0.2766,0.02876,0.007531,0.01013,0.0513,0.01893,0.0134,0.02867,0.01762,0.02186,0.401,0.4008,
1.46,0.2673,0.02873,0.007498,0.01,0.05138,0.0209,0.01127,0.02865,0.01799,0.02199,0.4008,0.4008,
1.459,0.2702,0.02814,0.007497,0.01001,0.05136,0.021,0.01265,0.02721,0.01821,0.02173,0.4009,0.4013,
1.455,0.2742,0.0268,0.007493,0.01001,0.05124,0.02096,0.01263,0.0272,0.01837,0.02154,0.4009,0.4028,
1.453,0.2685,0.02613,0.007455,0.01002,0.05135,0.02089,0.01267,0.02721,0.01851,0.02136,0.401,0.4034,
1.452,0.3128,0.02495,0.007451,0.01002,0.05141,0.02075,0.01704,0.02277,0.01868,0.02119,0.401,0.4047,
1.458,0.2841,0.02823,0.007453,0.01002,0.05144,0.02071,0.02868,0.0111,0.01867,0.02157,0.4009,0.4012,
1.454,0.2572,0.02706,0.00745,0.01002,0.05138,0.02059,0.02862,0.01117,0.01888,0.0213,0.4009,0.4026,
1.453,0.2564,0.02686,0.00745,0.01003,0.0513,0.02054,0.02932,0.01042,0.01921,0.02097,0.401,0.4029,
1.451,0.2649,0.02664,0.007462,0.009991,0.05143,0.0204,0.02919,0.01037,0.01928,0.02091,0.401,0.4033,
1.449,0.3116,0.02599,0.00746,0.009909,0.05137,0.02058,0.02908,0.0103,0.01959,0.0206,0.4011,0.404,
1.447,0.2884,0.02547,0.007462,0.009912,0.05132,0.02059,0.02906,0.01023,0.01971,0.0204,0.4012,0.4047,
1.445,0.2865,0.02481,0.007467,0.009913,0.05134,0.02056,0.0291,0.01025,0.01965,0.02025,0.4013,0.4054,
1.442,0.3037,0.02419,0.007468,0.009913,0.05131,0.02056,0.02899,0.0103,0.01978,0.01997,0.4013,0.4062,
1.442,0.2852,0.02361,0.007475,0.009916,0.05137,0.02049,0.029,0.01307,0.01713,0.01981,0.4013,0.4068,
1.44,0.2813,0.02296,0.007496,0.009918,0.05163,0.0205,0.0289,0.01308,0.01708,0.01979,0.4013,0.4073,
1.437,0.2734,0.02206,0.007502,0.009921,0.05166,0.02034,0.02889,0.013,0.01708,0.01979,0.4013,0.4084,
1.459,0.2982,0.02944,0.007497,0.009918,0.05164,0.02436,0.02472,0.01304,0.01721,0.02,0.4012,0.401,
1.458,0.2898,0.02872,0.007446,0.009912,0.05132,0.02439,0.02462,0.0131,0.01721,0.0208,0.401,0.4015,
1.458,0.3044,0.0285,0.007466,0.009916,0.05137,0.02446,0.02461,0.0131,0.01727,0.02069,0.401,0.4016,
1.457,0.2773,0.02828,0.007465,0.009921,0.05132,0.02439,0.02454,0.01306,0.01727,0.02069,0.4011,0.402,
1.456,0.2704,0.02801,0.007459,0.009925,0.0513,0.02441,0.02442,0.01302,0.01782,0.02005,0.4012,0.4024,
1.454,0.2703,0.02765,0.007441,0.009936,0.05124,0.02437,0.02448,0.01301,0.01776,0.01992,0.4012,0.4029,
1.452,0.2786,0.02684,0.007444,0.009932,0.05157,0.02432,0.02444,0.01305,0.01781,0.01983,0.4013,0.4035,
1.451,0.2753,0.02641,0.00746,0.009935,0.05163,0.02704,0.02168,0.01299,0.01808,0.01957,0.4013,0.4039,
1.448,0.2766,0.02578,0.007465,0.009939,0.05168,0.02681,0.02169,0.01309,0.01808,0.01943,0.4013,0.4047,
1.46,0.2849,0.02962,0.007476,0.009838,0.05177,0.02676,0.02155,0.01302,0.01816,0.02,0.4007,0.4011,
1.457,0.2699,0.02883,0.007309,0.009821,0.05175,0.02683,0.02145,0.0131,0.01818,0.01987,0.4011,0.4018,
1.453,0.2704,0.02805,0.007307,0.0098,0.05173,0.02669,0.02146,0.01295,0.01838,0.01963,0.4011,0.4029,
1.457,0.2402,0.02962,0.007304,0.0098,0.05166,0.02635,0.02148,0.01298,0.01875,0.01937,0.4011,0.4016,
1.451,0.2546,0.02843,0.00732,0.009804,0.05176,0.02636,0.02444,0.00988,0.01928,0.01871,0.4013,0.4027,
1.458,0.267,0.03041,0.007315,0.009811,0.05169,0.02634,0.02428,0.01215,0.01701,0.01902,0.401,0.401,
1.457,0.2605,0.03008,0.007307,0.009805,0.0516,0.02736,0.02305,0.01224,0.01694,0.01932,0.401,0.4013,
1.462,0.2606,0.03091,0.007314,0.009792,0.05169,0.02703,0.02298,0.01226,0.01706,0.02052,0.4003,0.4002,
1.461,0.2591,0.03079,0.007307,0.009792,0.05159,0.02936,0.02058,0.01238,0.01731,0.0201,0.4005,0.4003,
1.46,0.2555,0.03072,0.007295,0.009799,0.05145,0.02911,0.02059,0.01235,0.01753,0.01989,0.4006,0.4007,
1.459,0.2536,0.03059,0.007303,0.009808,0.05143,0.02905,0.02064,0.01241,0.01768,0.01937,0.4009,0.4009,
1.454,0.26,0.02892,0.007308,0.009815,0.05147,0.02901,0.02061,0.0125,0.01777,0.01909,0.4008,0.4027,
1.463,0.2558,0.03119,0.007308,0.009815,0.05147,0.029,0.02049,0.0125,0.01807,0.01992,0.3997,0.4005,
1.466,0.2545,0.03047,0.00732,0.009771,0.05171,0.0288,0.02044,0.0126,0.01784,0.02173,0.3997,0.3996,
1.466,0.2536,0.03052,0.007328,0.009769,0.05178,0.02846,0.02043,0.01265,0.01788,0.02195,0.3996,0.3996,
1.462,0.2566,0.02978,0.007332,0.009767,0.05179,0.02782,0.02043,0.01264,0.01798,0.02185,0.3997,0.4009,
1.466,0.2573,0.03069,0.007332,0.009761,0.05166,0.0276,0.02037,0.0127,0.01847,0.02205,0.3994,0.3999,
1.464,0.2599,0.02984,0.00737,0.009764,0.05188,0.02741,0.02036,0.01444,0.01676,0.02186,0.3995,0.4008,
1.46,0.2604,0.02863,0.007383,0.009767,0.05189,0.02709,0.02032,0.01443,0.0168,0.02183,0.3995,0.4023,
1.455,0.2584,0.02734,0.007353,0.00975,0.05185,0.02698,0.02023,0.01457,0.01674,0.02172,0.3996,0.4039,
1.468,0.2541,0.03214,0.007358,0.009757,0.05191,0.02665,0.02018,0.01468,0.01692,0.02158,0.3994,0.3994,
1.465,0.2336,0.03098,0.007387,0.009759,0.05214,0.02651,0.02014,0.01683,0.01505,0.02129,0.3996,0.4004,
1.462,0.2421,0.03018,0.007433,0.009762,0.05245,0.02833,0.01819,0.01679,0.01501,0.02129,0.3996,0.401,
1.458,0.2373,0.02884,0.007466,0.009769,0.05272,0.02806,0.01826,0.0168,0.01519,0.02087,0.3998,0.4023,
1.454,0.241,0.02757,0.007474,0.009757,0.05288,0.02756,0.01837,0.01657,0.01535,0.0207,0.3998,0.404,
1.438,0.2421,0.02621,0.007534,0.009766,0.05319,0.0379,0.00743,0.01658,0.01522,0.0207,0.3999,0.4056,
1.453,0.2467,0.03162,0.007534,0.009767,0.05297,0.03758,0.007385,0.01665,0.01509,0.02126,0.3998,0.4004,
1.451,0.2487,0.03132,0.007549,0.009773,0.05284,0.03718,0.007444,0.01658,0.01518,0.02118,0.3999,0.4011,
1.447,0.2463,0.03072,0.007566,0.009785,0.05279,0.03642,0.007413,0.01659,0.01523,0.0211,0.4,0.4024,
1.446,0.2477,0.03006,0.007614,0.00979,0.05303,0.03657,0.007351,0.01657,0.01534,0.02085,0.4001,0.4028,
1.445,0.2471,0.02966,0.007634,0.009798,0.05331,0.03639,0.007326,0.01663,0.01564,0.0205,0.4001,0.403,
1.453,0.2795,0.03258,0.007665,0.009798,0.05348,0.03583,0.007312,0.0167,0.01552,0.02084,0.4,0.4002,
1.449,0.2581,0.03159,0.007673,0.009808,0.05343,0.03604,0.006873,0.01668,0.01549,0.02085,0.4001,0.4014,
1.441,0.2562,0.0329,0.007675,0.009763,0.05331,0.03072,0.006843,0.01671,0.01545,0.02184,0.3998,0.405,
1.452,0.2486,0.03757,0.007626,0.00976,0.05327,0.03052,0.006963,0.0167,0.0157,0.02158,0.3999,0.4004,
1.45,0.2534,0.03697,0.007649,0.009761,0.05337,0.03014,0.00699,0.01674,0.01572,0.0215,0.3999,0.4012,
1.455,0.2427,0.03876,0.007657,0.009767,0.05344,0.02969,0.007027,0.01668,0.0158,0.02184,0.3995,0.3998,
1.451,0.252,0.03784,0.007594,0.009763,0.05339,0.02939,0.006987,0.01676,0.01588,0.02153,0.3999,0.401,
1.455,0.245,0.03962,0.00758,0.009767,0.05331,0.029,0.006988,0.01677,0.01589,0.02185,0.3996,0.3996,
1.45,0.2476,0.0388,0.007588,0.009771,0.0533,0.02843,0.006996,0.01665,0.01589,0.02162,0.3999,0.401,
1.453,0.2404,0.04027,0.007443,0.009731,0.05308,0.02839,0.006943,0.0166,0.01605,0.0216,0.4,0.3999,
1.451,0.2348,0.03977,0.007442,0.009735,0.05308,0.0283,0.006943,0.0166,0.01624,0.02133,0.4001,0.4005,
1.454,0.2338,0.04071,0.007449,0.009736,0.05309,0.02809,0.006929,0.0166,0.0162,0.0219,0.3995,0.3998,
1.451,0.2373,0.04003,0.007457,0.009734,0.05314,0.02763,0.006958,0.01659,0.01644,0.02156,0.3999,0.4005,
1.453,0.2337,0.0401,0.007469,0.009734,0.05336,0.02764,0.007015,0.01662,0.01632,0.02188,0.3998,0.4001,
1.448,0.2448,0.03826,0.007469,0.009685,0.05329,0.02754,0.007056,0.01658,0.01633,0.02178,0.4,0.402,
1.446,0.2378,0.03817,0.007467,0.009691,0.0532,0.02707,0.007088,0.01655,0.01655,0.02156,0.4,0.4027,
1.442,0.2439,0.03771,0.007461,0.009699,0.05312,0.02611,0.007058,0.01657,0.01723,0.02062,0.4001,0.4043,
1.439,0.2538,0.03646,0.007502,0.009699,0.05341,0.02597,0.007048,0.01657,0.01746,0.0204,0.4001,0.4054,
1.436,0.2417,0.0351,0.00752,0.0097,0.05356,0.02591,0.006998,0.01657,0.01749,0.02032,0.4001,0.4067,
1.434,0.2466,0.03462,0.007542,0.009601,0.0537,0.02582,0.007005,0.01651,0.01775,0.02007,0.4002,0.4072,
1.45,0.2446,0.04156,0.007544,0.0096,0.05361,0.02544,0.007046,0.01793,0.01634,0.02019,0.4002,0.4006,
1.448,0.2417,0.041,0.00755,0.009602,0.05347,0.02518,0.00709,0.01789,0.01645,0.02003,0.4003,0.4015,
1.447,0.2553,0.0408,0.007547,0.009606,0.05369,0.02491,0.006948,0.01787,0.01645,0.0202,0.4002,0.4017,
1.45,0.2516,0.04249,0.007554,0.009603,0.05372,0.02437,0.007037,0.01781,0.01695,0.02004,0.4001,0.4003,
1.451,0.25,0.04247,0.007582,0.009605,0.05392,0.02421,0.007162,0.01766,0.01695,0.02027,0.4,0.4001,
1.453,0.2478,0.04214,0.007614,0.009599,0.0541,0.02398,0.008124,0.01665,0.01708,0.02081,0.3998,0.4001,
1.456,0.2452,0.04253,0.007622,0.00961,0.05409,0.02399,0.008251,0.01657,0.01704,0.02136,0.3994,0.3996,
1.454,0.2369,0.04189,0.007617,0.009614,0.05409,0.02392,0.008332,0.01643,0.01721,0.02117,0.3997,0.4,
1.453,0.2471,0.04163,0.007608,0.009629,0.05413,0.02396,0.008203,0.01639,0.01731,0.02107,0.3998,0.4003,
1.45,0.2362,0.04076,0.007607,0.009636,0.05414,0.02354,0.008231,0.01647,0.01734,0.02092,0.3998,0.4016,
1.448,0.2416,0.04003,0.00761,0.009636,0.05429,0.02361,0.008205,0.01643,0.01734,0.02093,0.3998,0.4021,
1.444,0.2601,0.03897,0.007606,0.009649,0.05406,0.02329,0.008204,0.01637,0.01774,0.02045,0.4,0.4036,
1.441,0.2576,0.0379,0.007623,0.009653,0.05397,0.02295,0.008232,0.01635,0.01796,0.02024,0.4001,0.405,
1.453,0.2469,0.04258,0.007668,0.009652,0.05415,0.02276,0.008198,0.01635,0.01832,0.02048,0.4,0.3999,
1.448,0.2505,0.04084,0.007654,0.009662,0.05409,0.02268,0.00815,0.01644,0.01838,0.02022,0.4001,0.4018,
1.454,0.2436,0.04246,0.007683,0.009659,0.05436,0.02249,0.008135,0.01662,0.01816,0.02105,0.3997,0.3996,
1.455,0.2435,0.04246,0.007688,0.009668,0.05425,0.02233,0.008101,0.01669,0.01838,0.02115,0.3997,0.3996,
1.451,0.2465,0.04121,0.007666,0.009671,0.05417,0.02192,0.0081,0.01669,0.01895,0.02059,0.3998,0.4012,
1.456,0.244,0.04295,0.007663,0.00967,0.05413,0.02192,0.008138,0.01669,0.01908,0.02083,0.3997,0.3993,
1.45,0.2472,0.04096,0.007658,0.009681,0.05414,0.0217,0.008153,0.01667,0.01923,0.02059,0.3997,0.4015,
1.454,0.2681,0.04187,0.007726,0.009675,0.05459,0.02152,0.00813,0.01675,0.01922,0.02077,0.3997,0.4,
1.458,0.2538,0.04236,0.007736,0.009668,0.05462,0.02101,0.009742,0.01512,0.01961,0.02147,0.3992,0.3995,
1.46,0.2392,0.0429,0.007742,0.009675,0.05461,0.0219,0.008805,0.01512,0.01986,0.02181,0.3987,0.3989,
1.458,0.2375,0.04222,0.007749,0.009677,0.05456,0.02181,0.008795,0.01511,0.02036,0.02124,0.3991,0.3993,
1.455,0.2459,0.04139,0.007778,0.009682,0.05471,0.02183,0.008652,0.01511,0.02032,0.02125,0.3992,0.4001,
1.453,0.2485,0.04002,0.007782,0.009679,0.05482,0.02186,0.00872,0.01508,0.02026,0.02125,0.3992,0.4013,
1.449,0.2486,0.039,0.007751,0.009688,0.05455,0.02176,0.008801,0.01506,0.0202,0.02125,0.3993,0.4026,
1.457,0.2477,0.0417,0.007778,0.009694,0.05474,0.02187,0.008687,0.01506,0.02045,0.02124,0.3993,0.3995,
1.457,0.2653,0.04146,0.007797,0.009694,0.05483,0.02187,0.008741,0.01508,0.0205,0.02112,0.3993,0.3996,
1.454,0.2693,0.04058,0.007817,0.009645,0.05494,0.02179,0.008742,0.01511,0.02061,0.02098,0.3993,0.4005,
1.45,0.2587,0.03943,0.007695,0.009623,0.05502,0.02139,0.008705,0.01507,0.02078,0.02081,0.3993,0.4021,
1.454,0.2455,0.04132,0.007684,0.009625,0.05487,0.02132,0.008754,0.015,0.02085,0.02099,0.3993,0.4003,
1.449,0.2449,0.03897,0.007685,0.009624,0.05523,0.02119,0.008708,0.01504,0.02088,0.02091,0.3993,0.4024,
1.446,0.2501,0.03747,0.007696,0.009628,0.05573,0.02089,0.008749,0.01509,0.02091,0.0208,0.3993,0.4037,
1.458,0.2604,0.0422,0.007706,0.009635,0.05582,0.02068,0.008706,0.01515,0.02121,0.021,0.3988,0.3991,
1.455,0.247,0.04076,0.007738,0.00963,0.05609,0.02062,0.008848,0.015,0.02183,0.02036,0.3992,0.3999,
1.46,0.2406,0.04181,0.007721,0.009628,0.05602,0.02047,0.01001,0.01388,0.02188,0.02101,0.3989,0.3987,
1.458,0.2417,0.04114,0.00773,0.00963,0.05618,0.02042,0.01005,0.01388,0.02189,0.02094,0.3989,0.3992,
1.455,0.2442,0.04025,0.007705,0.009637,0.05622,0.02009,0.01001,0.01392,0.02199,0.02069,0.399,0.4005,
1.458,0.2436,0.04137,0.007703,0.009637,0.05622,0.0202,0.009955,0.01396,0.02212,0.02082,0.3989,0.3991,
1.455,0.2455,0.04039,0.007714,0.009637,0.05631,0.01996,0.01004,0.01388,0.02232,0.02058,0.399,0.4002,
1.453,0.2534,0.03946,0.007657,0.009633,0.05635,0.01983,0.01008,0.01384,0.02232,0.02059,0.399,0.4012,
1.45,0.2421,0.03802,0.007691,0.009634,0.05656,0.0197,0.01015,0.01377,0.02254,0.02036,0.399,0.4026,
1.448,0.2529,0.03785,0.00768,0.009642,0.05651,0.0193,0.01027,0.01365,0.02254,0.02036,0.3991,0.4031,
1.445,0.2462,0.03693,0.007694,0.009641,0.05669,0.01916,0.0102,0.01367,0.02271,0.02016,0.3991,0.4041,
1.441,0.2683,0.03464,0.007736,0.009628,0.05774,0.01893,0.01457,0.009366,0.02271,0.02009,0.3991,0.4055,
1.44,0.2738,0.03405,0.007769,0.009631,0.05799,0.01876,0.01469,0.009407,0.02332,0.01933,0.3991,0.4059,
1.457,0.253,0.04097,0.00775,0.009624,0.05812,0.0187,0.01463,0.009434,0.02319,0.01972,0.399,0.3989,
1.453,0.2531,0.03958,0.00775,0.009632,0.05825,0.01861,0.01468,0.009408,0.02337,0.01934,0.3992,0.4002,
1.451,0.253,0.03886,0.007753,0.009632,0.05829,0.01856,0.01468,0.009418,0.02437,0.01826,0.3991,0.401,
1.448,0.2545,0.03758,0.007769,0.009638,0.05851,0.01871,0.01463,0.009427,0.02444,0.01797,0.3992,0.4021,
1.456,0.2473,0.04062,0.007761,0.009634,0.0584,0.01878,0.01463,0.009487,0.02463,0.01817,0.3991,0.3988,
1.451,0.2558,0.03915,0.00769,0.009636,0.05839,0.02087,0.01221,0.009501,0.02474,0.01798,0.3991,0.4007,
1.45,0.2498,0.03898,0.007695,0.009638,0.05833,0.02088,0.01212,0.009583,0.02501,0.01764,0.3992,0.4009,
1.447,0.2523,0.03793,0.007697,0.009649,0.05834,0.02085,0.01214,0.009619,0.02489,0.0175,0.3994,0.402,
1.442,0.2555,0.03666,0.007711,0.009656,0.0583,0.02063,0.01211,0.009575,0.02551,0.01676,0.3995,0.4036,
1.44,0.2578,0.0361,0.00772,0.009659,0.05822,0.02168,0.01099,0.009667,0.02544,0.01664,0.3996,0.4043,
1.437,0.2577,0.03545,0.007718,0.009659,0.05815,0.02143,0.01099,0.009737,0.02573,0.01624,0.3997,0.4052,
1.437,0.283,0.03437,0.007736,0.009667,0.05821,0.02117,0.01099,0.0197,0.01577,0.0162,0.3997,0.4064,
1.433,0.2834,0.03304,0.007769,0.009663,0.05832,0.02093,0.01107,0.01981,0.01565,0.01594,0.4,0.4078,
1.453,0.2739,0.04152,0.007733,0.009673,0.05844,0.02071,0.01107,0.0217,0.01395,0.01598,0.3996,0.3996,
