entropy,entropyInd,RabA,RabB,RabC,RabD,RabE,RabF,RabG,RabH,RabI,xER,xPM,
0.8684,0.4196,0.0113,0.008895,0.009409,0.01005,0.007531,0.004842,0.003547,0.005856,0.008246,0.1865,0.7438,
0.8682,0.4078,0.0113,0.008895,0.009409,0.01005,0.00748,0.004842,0.003547,0.005856,0.008246,0.1865,0.7439,
0.8689,0.401,0.01138,0.008895,0.009409,0.01003,0.00748,0.004842,0.003547,0.005856,0.008389,0.1864,0.7438,
0.8707,0.3966,0.0115,0.008895,0.009409,0.01003,0.007385,0.004842,0.003547,0.005856,0.008941,0.1858,0.7438,
0.8705,0.4004,0.01149,0.008891,0.009403,0.01002,0.007382,0.004842,0.003547,0.005856,0.008941,0.1858,0.7438,
0.8713,0.3715,0.01147,0.008876,0.009391,0.01,0.007374,0.004836,0.003543,0.00585,0.008931,0.1867,0.743,
0.8708,0.3766,0.01147,0.008876,0.00939,0.009959,0.007323,0.004833,0.003539,0.005846,0.008931,0.1867,0.7431,
0.8721,0.3727,0.0116,0.008872,0.009387,0.009942,0.007187,0.004821,0.003538,0.005843,0.009295,0.1866,0.7429,
0.8717,0.3739,0.01158,0.008863,0.009382,0.009917,0.007167,0.004816,0.003538,0.005843,0.009296,0.1867,0.7429,
0.8726,0.3726,0.01172,0.008836,0.009348,0.00985,0.007138,0.004814,0.003536,0.005842,0.009542,0.1866,0.7427,
0.872,0.3702,0.01173,0.008835,0.009347,0.009807,0.006984,0.004809,0.003536,0.005841,0.009607,0.1866,0.7429,
0.8674,0.3677,0.01093,0.008763,0.009341,0.009735,0.006857,0.004806,0.003531,0.005842,0.009599,0.1866,0.744,
0.8652,0.3693,0.01046,0.008742,0.009336,0.009717,0.006673,0.004801,0.003531,0.005842,0.0099,0.1863,0.7447,
0.8636,0.3717,0.01025,0.008719,0.009334,0.009688,0.006517,0.004796,0.003526,0.005841,0.009898,0.1866,0.7448,
0.8633,0.3711,0.009974,0.008708,0.00933,0.009685,0.006437,0.004794,0.003525,0.005839,0.01024,0.1865,0.7449,
0.8615,0.3735,0.009617,0.008702,0.009327,0.009648,0.006437,0.004795,0.003524,0.005839,0.01024,0.1865,0.7453,
0.8607,0.3725,0.009554,0.008686,0.009326,0.009637,0.006351,0.004787,0.003515,0.005839,0.01024,0.1865,0.7455,
0.859,0.3839,0.009285,0.008664,0.009322,0.009637,0.006285,0.004783,0.00351,0.005839,0.01024,0.1865,0.7459,
0.8578,0.381,0.009053,0.008628,0.009312,0.009638,0.006191,0.004783,0.00351,0.005839,0.01041,0.1864,0.7463,
0.8589,0.3833,0.009172,0.008628,0.009312,0.009638,0.006122,0.004776,0.003501,0.005839,0.01076,0.186,0.7462,
0.8591,0.381,0.009153,0.008592,0.009253,0.009631,0.006049,0.004769,0.003494,0.005835,0.01091,0.1864,0.7459,
0.8604,0.3704,0.009089,0.008569,0.009253,0.009631,0.00603,0.004764,0.003494,0.005835,0.01152,0.1858,0.746,
0.859,0.3658,0.008938,0.008543,0.009138,0.009615,0.005851,0.004757,0.003492,0.005832,0.01159,0.1862,0.746,
0.8575,0.3669,0.008678,0.008539,0.009138,0.009615,0.005786,0.004757,0.003492,0.005832,0.01159,0.1862,0.7463,
0.8575,0.3735,0.008678,0.008539,0.009138,0.009615,0.005786,0.004757,0.003492,0.005832,0.01159,0.1862,0.7463,
0.8554,0.3782,0.008388,0.008539,0.009138,0.009603,0.005647,0.004752,0.003492,0.005832,0.01159,0.1862,0.7468,
0.857,0.3669,0.008454,0.008496,0.009138,0.009592,0.005586,0.004745,0.003492,0.005832,0.01225,0.1856,0.7468,
0.8562,0.3648,0.008212,0.008468,0.009131,0.009571,0.00554,0.004741,0.003489,0.005828,0.01224,0.1862,0.7466,
0.8555,0.3583,0.008191,0.008447,0.009127,0.009548,0.005468,0.004737,0.003489,0.005828,0.01224,0.1862,0.7467,
0.8547,0.3682,0.008153,0.008425,0.009127,0.009534,0.005371,0.004737,0.003489,0.005828,0.01224,0.1862,0.7469,
0.8536,0.3594,0.00812,0.008353,0.009118,0.009494,0.005187,0.004729,0.003489,0.005828,0.01245,0.186,0.7472,
0.8535,0.3626,0.007995,0.008339,0.009134,0.009533,0.005187,0.004729,0.003489,0.00619,0.01209,0.186,0.7473,
0.8502,0.3678,0.007392,0.008301,0.009066,0.009522,0.005209,0.004772,0.003449,0.006348,0.01181,0.1862,0.7479,
0.85,0.37,0.00737,0.008298,0.009063,0.009522,0.005162,0.004761,0.003456,0.006684,0.01146,0.1862,0.748,
0.8496,0.3721,0.007319,0.008289,0.009071,0.009512,0.00519,0.004733,0.003456,0.006967,0.01112,0.1862,0.7481,
0.851,0.3725,0.007437,0.008268,0.009028,0.009499,0.005241,0.004658,0.003475,0.007151,0.01132,0.1858,0.7481,
0.8495,0.3729,0.007081,0.008271,0.009037,0.009434,0.005277,0.004619,0.003474,0.007237,0.01123,0.1861,0.7482,
0.8503,0.3822,0.007035,0.008264,0.008996,0.009471,0.005287,0.004587,0.003466,0.007235,0.01153,0.1861,0.748,
0.8502,0.3933,0.006965,0.008263,0.009004,0.009504,0.005306,0.004568,0.003491,0.007387,0.01136,0.1861,0.7481,
0.8496,0.3904,0.006843,0.008254,0.009008,0.009501,0.00532,0.004548,0.003474,0.007526,0.01122,0.1861,0.7482,
0.8496,0.3918,0.006838,0.008253,0.009014,0.009501,0.005373,0.004514,0.003474,0.007605,0.01112,0.1861,0.7482,
0.8494,0.4374,0.006714,0.008247,0.009031,0.009486,0.005444,0.004462,0.007579,0.0042,0.01031,0.1861,0.7484,
0.8488,0.436,0.006651,0.008244,0.008961,0.009482,0.005481,0.004425,0.007579,0.004458,0.00999,0.1862,0.7485,
0.8482,0.4439,0.006639,0.008252,0.008964,0.009482,0.006426,0.00348,0.00761,0.004505,0.009848,0.1863,0.7485,
0.8479,0.4653,0.00656,0.008255,0.008971,0.009482,0.006464,0.003476,0.007576,0.004542,0.009811,0.1863,0.7486,
0.8495,0.4085,0.006746,0.008247,0.008984,0.009482,0.006324,0.00342,0.007576,0.004585,0.01034,0.1857,0.7486,
0.8492,0.4218,0.006667,0.008247,0.008995,0.009477,0.006461,0.00324,0.007571,0.005072,0.009848,0.1857,0.7488,
0.8492,0.3821,0.006656,0.008228,0.00901,0.009477,0.006478,0.003242,0.007577,0.005341,0.009515,0.1857,0.7488,
0.8484,0.3884,0.006462,0.008228,0.008973,0.009475,0.006457,0.003236,0.007686,0.005246,0.009493,0.1861,0.7487,
0.8504,0.3789,0.006553,0.008219,0.008983,0.009452,0.006447,0.003276,0.007648,0.005447,0.009814,0.1855,0.7486,
0.8504,0.3978,0.006546,0.00822,0.008989,0.009452,0.006484,0.003239,0.007663,0.00556,0.009687,0.1855,0.7486,
0.8493,0.4021,0.006524,0.008228,0.008952,0.009462,0.007357,0.002344,0.007682,0.005882,0.009307,0.1856,0.7487,
0.8495,0.395,0.006477,0.008216,0.008963,0.009493,0.007314,0.002342,0.007703,0.00591,0.009208,0.186,0.7484,
0.8494,0.3968,0.006392,0.008223,0.008966,0.009568,0.007283,0.002339,0.007698,0.006404,0.008714,0.186,0.7484,
0.849,0.3907,0.006294,0.008217,0.008973,0.009627,0.007264,0.002302,0.007699,0.00667,0.008448,0.186,0.7485,
0.8486,0.3936,0.006287,0.008192,0.008913,0.009627,0.007283,0.002283,0.007699,0.006796,0.008322,0.186,0.7486,
0.8485,0.4089,0.006205,0.008173,0.008865,0.009713,0.007086,0.002296,0.007693,0.007119,0.008258,0.1859,0.7487,
0.8479,0.3931,0.00602,0.00813,0.008877,0.009687,0.007077,0.002279,0.007727,0.007221,0.008336,0.1857,0.7489,
0.8467,0.3804,0.00593,0.008072,0.008873,0.009658,0.007023,0.002256,0.007728,0.007252,0.008306,0.1857,0.7492,
0.8466,0.374,0.00592,0.008079,0.008873,0.009623,0.007038,0.002238,0.007728,0.007632,0.007927,0.1857,0.7492,
0.8453,0.3794,0.005636,0.008066,0.00889,0.009683,0.007057,0.002219,0.007728,0.007632,0.007888,0.1858,0.7494,
0.8398,0.3745,0.005594,0.008078,0.008772,0.009622,0.00613,0.002204,0.007716,0.00761,0.007886,0.1858,0.7506,
0.8402,0.3704,0.005677,0.008069,0.008779,0.009595,0.005934,0.002185,0.007715,0.007665,0.008143,0.1856,0.7506,
0.8417,0.3921,0.005625,0.008075,0.008785,0.009635,0.005919,0.004727,0.005179,0.007683,0.008109,0.1856,0.7506,
0.8431,0.4082,0.005625,0.008073,0.008731,0.00964,0.005665,0.00593,0.003984,0.008722,0.007694,0.1858,0.7502,
0.8439,0.4041,0.005698,0.008076,0.008743,0.00964,0.005642,0.005948,0.003966,0.008752,0.007848,0.1856,0.7501,
0.8436,0.4055,0.005639,0.008049,0.008751,0.009617,0.005641,0.005984,0.003952,0.008864,0.007708,0.1857,0.75,
0.8427,0.3866,0.005656,0.008035,0.008756,0.009589,0.00551,0.005957,0.003933,0.008895,0.007671,0.1858,0.7502,
0.8423,0.3914,0.005646,0.008038,0.008724,0.009589,0.005496,0.005925,0.003948,0.008997,0.007555,0.1858,0.7503,
0.8418,0.4124,0.005601,0.008014,0.008729,0.009597,0.005494,0.005943,0.003962,0.009396,0.007086,0.1858,0.7504,
0.8405,0.3773,0.005495,0.00801,0.00873,0.009548,0.005389,0.005988,0.003949,0.009462,0.006982,0.1858,0.7507,
0.8415,0.3773,0.005633,0.007981,0.008753,0.009523,0.00539,0.006025,0.003927,0.009485,0.0071,0.1856,0.7505,
0.8441,0.3711,0.005747,0.007981,0.008758,0.009543,0.005334,0.00604,0.003918,0.009616,0.007586,0.1851,0.7503,
0.8462,0.3686,0.005622,0.007967,0.008762,0.009564,0.005342,0.006061,0.003925,0.009656,0.008152,0.185,0.75,
0.8479,0.3591,0.005752,0.007979,0.008768,0.009566,0.005301,0.006066,0.003938,0.009696,0.00847,0.1846,0.7499,
0.8477,0.3818,0.005732,0.007976,0.008764,0.009532,0.007922,0.00341,0.003934,0.009685,0.008462,0.1855,0.7491,
0.8467,0.3589,0.005614,0.007958,0.008763,0.009501,0.007917,0.00341,0.003915,0.009721,0.008426,0.1855,0.7493,
0.8462,0.3639,0.005611,0.007935,0.008771,0.009459,0.007856,0.003448,0.00392,0.009785,0.008315,0.1855,0.7494,
0.846,0.3684,0.005582,0.007931,0.00878,0.009453,0.007837,0.003444,0.00392,0.009821,0.00828,0.1855,0.7495,
0.8455,0.3637,0.005578,0.007911,0.008795,0.009435,0.007797,0.003438,0.003916,0.009893,0.008192,0.1855,0.7495,
0.8442,0.3702,0.00557,0.007858,0.008744,0.009408,0.007654,0.003458,0.003896,0.0101,0.007987,0.1855,0.7498,
0.8433,0.3642,0.00557,0.007836,0.008767,0.009408,0.007511,0.00342,0.003919,0.01014,0.007907,0.1855,0.75,
0.8418,0.3689,0.00556,0.007819,0.008722,0.009398,0.007011,0.003401,0.003934,0.01012,0.0083,0.1851,0.7506,
0.8407,0.3697,0.005506,0.007825,0.008661,0.009395,0.006841,0.003426,0.003934,0.01022,0.008129,0.1855,0.7506,
0.8418,0.3658,0.005585,0.007798,0.008674,0.009432,0.006797,0.003425,0.003996,0.01023,0.008255,0.1854,0.7504,
0.8393,0.3706,0.005243,0.007789,0.008682,0.009421,0.006657,0.003429,0.003958,0.01023,0.008254,0.1854,0.7509,
0.8348,0.3836,0.005302,0.007771,0.0087,0.009421,0.005729,0.004588,0.002793,0.01028,0.008213,0.1853,0.7519,
0.8339,0.3927,0.005297,0.007761,0.008706,0.009399,0.005568,0.004583,0.002792,0.01033,0.008166,0.1854,0.752,
0.8331,0.3807,0.005294,0.007752,0.008715,0.00936,0.005482,0.004568,0.002775,0.01054,0.007952,0.1854,0.7521,
0.8311,0.3653,0.005147,0.007746,0.008721,0.009273,0.007243,0.00283,0.002812,0.01053,0.007903,0.1855,0.7523,
0.8304,0.3712,0.005127,0.007757,0.008724,0.009221,0.007154,0.00286,0.002781,0.01053,0.007903,0.1855,0.7525,
0.8322,0.3658,0.005194,0.007756,0.008734,0.009206,0.007104,0.002879,0.002832,0.01065,0.008237,0.1849,0.7525,
0.8318,0.3699,0.00517,0.007759,0.008736,0.009211,0.007047,0.002927,0.002802,0.01081,0.008062,0.1849,0.7525,
0.8316,0.3764,0.005162,0.00775,0.00868,0.009211,0.007062,0.002931,0.002848,0.01085,0.007951,0.1849,0.7526,
0.8323,0.3711,0.005219,0.007746,0.008685,0.009188,0.006901,0.002936,0.002882,0.01095,0.00824,0.1845,0.7527,
0.8322,0.3759,0.005279,0.007752,0.008693,0.009206,0.006769,0.002936,0.002906,0.01093,0.00824,0.1845,0.7528,
0.8318,0.3845,0.005268,0.007741,0.008701,0.009203,0.006746,0.003749,0.00217,0.01093,0.008161,0.1845,0.7528,
0.8317,0.3774,0.005198,0.007727,0.008701,0.00914,0.006684,0.003782,0.002139,0.01109,0.007955,0.1853,0.7523,
0.8337,0.3796,0.005279,0.007719,0.00872,0.00914,0.006608,0.00381,0.002124,0.01111,0.008521,0.1847,0.7523,
0.8338,0.3734,0.005324,0.007704,0.008731,0.00914,0.006554,0.003809,0.002105,0.01123,0.008515,0.1846,0.7523,
0.8337,0.3818,0.005227,0.007691,0.008718,0.00914,0.006497,0.003825,0.002125,0.01122,0.008448,0.1852,0.7519,
0.8333,0.3787,0.005183,0.007688,0.008728,0.009177,0.006439,0.003825,0.002158,0.0115,0.008139,0.1852,0.752,
0.8329,0.3808,0.00515,0.007665,0.008728,0.009165,0.006439,0.00382,0.00219,0.01155,0.008044,0.1852,0.7521,
0.8334,0.3752,0.0052,0.007665,0.008732,0.009164,0.006398,0.00382,0.002236,0.01179,0.007856,0.1852,0.752,
0.8324,0.375,0.005192,0.007669,0.008734,0.009139,0.00626,0.003854,0.002228,0.0119,0.007676,0.1852,0.7521,
0.8314,0.378,0.005133,0.007666,0.008739,0.009139,0.006211,0.003883,0.002203,0.01193,0.007516,0.1853,0.7523,
0.8323,0.3773,0.005378,0.007656,0.008752,0.009114,0.006147,0.003879,0.002231,0.01209,0.007414,0.1851,0.7523,
0.8313,0.3756,0.005302,0.007665,0.008757,0.009114,0.006018,0.0039,0.002228,0.0121,0.007379,0.1851,0.7524,
0.8302,0.3719,0.005102,0.00766,0.008763,0.009113,0.005936,0.0039,0.002317,0.01208,0.00731,0.1852,0.7526,
0.8289,0.3758,0.005147,0.007644,0.008777,0.00908,0.005642,0.003868,0.002344,0.01213,0.007308,0.1851,0.7529,
0.8286,0.3795,0.005109,0.007636,0.00878,0.009099,0.005643,0.003875,0.002324,0.01233,0.007095,0.1851,0.753,
0.8278,0.3888,0.005031,0.007622,0.008793,0.009075,0.005605,0.003848,0.002351,0.01232,0.007076,0.1851,0.7531,
0.8271,0.3811,0.00495,0.007619,0.008745,0.009149,0.005512,0.003862,0.002336,0.01236,0.007038,0.1852,0.7532,
0.8262,0.3814,0.004833,0.007616,0.00875,0.009141,0.005459,0.003862,0.002336,0.01236,0.007038,0.1852,0.7534,
0.8256,0.3803,0.004829,0.007615,0.008755,0.009097,0.005445,0.003846,0.002317,0.01243,0.00694,0.1852,0.7535,
0.8249,0.3799,0.004763,0.007615,0.008763,0.009085,0.0054,0.003848,0.002322,0.01244,0.006904,0.1852,0.7536,
0.8239,0.3819,0.004711,0.007602,0.008754,0.009086,0.005317,0.00388,0.002285,0.01255,0.006757,0.1852,0.7538,
0.8231,0.3896,0.004618,0.007592,0.008767,0.009086,0.005317,0.003917,0.00231,0.01303,0.00621,0.1852,0.7539,
0.8244,0.3837,0.004696,0.007591,0.008777,0.00909,0.005317,0.003957,0.002288,0.01311,0.006369,0.185,0.7538,
0.8264,0.3841,0.004795,0.00758,0.008784,0.009062,0.005302,0.00396,0.002292,0.01307,0.006718,0.1851,0.7533,
0.8277,0.377,0.00489,0.007577,0.008782,0.009049,0.005259,0.00422,0.002029,0.01316,0.006926,0.1851,0.753,
0.829,0.3741,0.005042,0.007583,0.008787,0.008986,0.005268,0.004246,0.001991,0.01335,0.007025,0.1848,0.7529,
0.8286,0.3777,0.00503,0.007572,0.008745,0.008971,0.005301,0.004231,0.001972,0.01339,0.006984,0.1848,0.753,
0.8291,0.3625,0.005015,0.007522,0.008664,0.008958,0.005301,0.004231,0.002007,0.0134,0.007299,0.1845,0.7532,
0.829,0.3672,0.00498,0.007512,0.008672,0.008939,0.005308,0.004212,0.001979,0.01337,0.007239,0.185,0.7528,
0.8288,0.3714,0.004978,0.007503,0.008685,0.008894,0.005373,0.004159,0.002042,0.01339,0.007143,0.185,0.7528,
0.8298,0.3568,0.005012,0.007494,0.008691,0.008859,0.005421,0.004158,0.002019,0.01341,0.007404,0.1847,0.7528,
0.8298,0.357,0.005033,0.007482,0.008696,0.008821,0.005315,0.004187,0.002042,0.0134,0.00742,0.1849,0.7527,
0.8307,0.3526,0.005136,0.007465,0.008709,0.008807,0.00525,0.004198,0.002022,0.01346,0.007646,0.1846,0.7527,
0.8315,0.3546,0.005188,0.007461,0.008719,0.008792,0.005232,0.004409,0.001825,0.01357,0.007803,0.1843,0.7527,
0.8319,0.3563,0.005183,0.007456,0.008715,0.008771,0.005253,0.004382,0.001848,0.01359,0.007702,0.1849,0.7522,
0.8308,0.3602,0.005059,0.007446,0.008725,0.008756,0.005184,0.004404,0.001845,0.01365,0.007628,0.1849,0.7524,
0.8305,0.3595,0.005007,0.007425,0.008735,0.008756,0.005202,0.004385,0.001869,0.0137,0.007549,0.1849,0.7525,
0.8298,0.3619,0.004895,0.007419,0.008742,0.008768,0.005256,0.00433,0.001887,0.01368,0.00748,0.185,0.7526,
0.8338,0.3612,0.005131,0.007417,0.008754,0.008768,0.005235,0.004313,0.001909,0.01371,0.008355,0.184,0.7524,
0.833,0.3617,0.005011,0.007401,0.008759,0.008766,0.005235,0.004332,0.001918,0.01372,0.008278,0.1841,0.7525,
0.8323,0.3635,0.004998,0.007397,0.008769,0.008743,0.005181,0.004342,0.001892,0.01381,0.008143,0.1841,0.7526,
0.8327,0.366,0.00501,0.007389,0.008781,0.008781,0.005161,0.004325,0.001888,0.01382,0.008248,0.184,0.7526,
0.8333,0.3679,0.004994,0.007374,0.008776,0.008763,0.005175,0.004339,0.001906,0.01395,0.008042,0.1847,0.752,
0.8328,0.3732,0.004915,0.007376,0.008785,0.008779,0.005223,0.004309,0.001906,0.01405,0.007896,0.1847,0.752,
0.8352,0.3756,0.005129,0.007362,0.008801,0.008739,0.005238,0.004308,0.001976,0.01422,0.008124,0.1842,0.7519,
0.8339,0.3682,0.004751,0.007366,0.008799,0.008806,0.00515,0.004306,0.00208,0.01414,0.008092,0.1846,0.7519,
0.8343,0.3753,0.004678,0.007363,0.008806,0.008791,0.005164,0.00435,0.002039,0.01415,0.008337,0.1844,0.7519,
0.8335,0.3712,0.004557,0.007364,0.008807,0.008763,0.005155,0.004336,0.002054,0.01414,0.008337,0.1844,0.7521,
0.8329,0.3691,0.004478,0.007361,0.008819,0.008763,0.005155,0.004454,0.001987,0.01457,0.007874,0.1844,0.7522,
0.8338,0.3866,0.004467,0.007355,0.00882,0.008759,0.00513,0.004419,0.002023,0.01462,0.008004,0.1846,0.7518,
0.8338,0.36,0.004443,0.007322,0.008786,0.008794,0.00513,0.004436,0.002041,0.0147,0.007986,0.1845,0.7519,
0.8336,0.3575,0.00444,0.007311,0.008799,0.008794,0.005098,0.004468,0.002023,0.01471,0.007958,0.1845,0.7519,
0.8332,0.3586,0.004432,0.007283,0.008786,0.008786,0.00509,0.004506,0.001988,0.01476,0.007865,0.1846,0.7519,
0.833,0.3521,0.004421,0.007291,0.008789,0.008771,0.005099,0.004507,0.001991,0.01477,0.007793,0.1846,0.752,
0.8324,0.3708,0.00434,0.007278,0.008796,0.008774,0.00513,0.004477,0.002046,0.01512,0.007387,0.1846,0.7521,
0.8324,0.3633,0.004319,0.007256,0.008799,0.008739,0.005182,0.004463,0.002043,0.01508,0.007519,0.1844,0.7522,
0.834,0.3521,0.004406,0.007256,0.0088,0.008718,0.005177,0.004463,0.002077,0.01514,0.007805,0.1841,0.7521,
0.8322,0.3572,0.004426,0.007245,0.008795,0.00876,0.005132,0.004476,0.002039,0.01496,0.007258,0.1852,0.7517,
0.8338,0.3604,0.004616,0.007238,0.008803,0.008748,0.005161,0.004446,0.00207,0.01497,0.007416,0.185,0.7515,
0.835,0.3552,0.004699,0.00723,0.008744,0.008753,0.005133,0.004428,0.002085,0.01496,0.007789,0.1847,0.7515,
0.8346,0.3576,0.004691,0.007226,0.008756,0.00874,0.005163,0.004435,0.002047,0.01517,0.007523,0.1847,0.7515,
0.8325,0.371,0.004393,0.007212,0.008771,0.008706,0.00578,0.003818,0.002079,0.01547,0.007193,0.1847,0.7519,
0.8331,0.3705,0.004443,0.007179,0.008775,0.008687,0.005829,0.003769,0.002098,0.01554,0.007279,0.1846,0.7518,
0.8325,0.3666,0.004397,0.007161,0.008782,0.008701,0.005811,0.003765,0.002098,0.01581,0.007004,0.1845,0.7519,
0.8324,0.3626,0.004396,0.007151,0.008792,0.008701,0.005811,0.003765,0.002116,0.01594,0.00686,0.1845,0.7519,
0.8323,0.3677,0.004396,0.007139,0.008805,0.008701,0.005811,0.003818,0.00209,0.01607,0.006699,0.1845,0.7519,
0.8346,0.3602,0.004673,0.007131,0.008813,0.008701,0.005795,0.003799,0.002145,0.01601,0.00698,0.1843,0.7517,
0.8332,0.3656,0.004732,0.007106,0.008827,0.008655,0.0054,0.003795,0.002145,0.01605,0.007121,0.1841,0.7521,
0.8325,0.365,0.004509,0.0071,0.008828,0.00863,0.005395,0.0038,0.002088,0.01627,0.007022,0.1844,0.7519,
0.8316,0.3872,0.004436,0.007093,0.008838,0.00863,0.00536,0.003797,0.002044,0.01643,0.006868,0.1844,0.7521,
0.831,0.3782,0.004435,0.00709,0.008842,0.008617,0.005279,0.003796,0.002044,0.01656,0.00674,0.1844,0.7522,
0.8306,0.3715,0.004432,0.007087,0.008848,0.008617,0.005218,0.003769,0.002071,0.01656,0.006706,0.1844,0.7522,
0.8314,0.36,0.004379,0.007085,0.008828,0.008614,0.005218,0.003791,0.002094,0.01656,0.007027,0.1841,0.7523,
0.831,0.3605,0.004379,0.007067,0.008801,0.008614,0.0052,0.003817,0.002064,0.0167,0.006891,0.1841,0.7524,
0.8337,0.3523,0.004608,0.007043,0.008816,0.008605,0.0052,0.003817,0.002105,0.01673,0.007293,0.1836,0.7522,
0.8336,0.3517,0.004592,0.007035,0.008825,0.008605,0.005219,0.003799,0.002105,0.01673,0.007293,0.1836,0.7522,
0.8332,0.3531,0.004447,0.007022,0.008826,0.008582,0.005196,0.003813,0.002086,0.01678,0.007197,0.1843,0.7517,
0.8351,0.3606,0.004626,0.00701,0.00883,0.008544,0.005212,0.003795,0.002085,0.01678,0.007475,0.1843,0.7514,
0.8354,0.3584,0.004584,0.007003,0.008844,0.008453,0.005209,0.003809,0.002109,0.01682,0.007667,0.184,0.7515,
0.8353,0.3633,0.004577,0.006988,0.008844,0.0084,0.005186,0.003802,0.002157,0.01676,0.007665,0.1842,0.7514,
0.8349,0.3494,0.004568,0.006988,0.008851,0.008387,0.005217,0.003829,0.002117,0.01717,0.007244,0.1842,0.7514,
0.8352,0.3467,0.004592,0.006943,0.008855,0.008399,0.005257,0.003807,0.002123,0.01719,0.007284,0.1842,0.7514,
0.8346,0.3455,0.00457,0.006941,0.00886,0.00837,0.005209,0.003775,0.002123,0.01726,0.007209,0.1843,0.7514,
0.8374,0.3728,0.004709,0.006937,0.008842,0.008365,0.005204,0.003764,0.002191,0.0174,0.007548,0.1841,0.7509,
0.8403,0.3502,0.004948,0.006943,0.008844,0.008365,0.005204,0.003812,0.002143,0.01745,0.008054,0.1836,0.7506,
0.8413,0.3432,0.005106,0.006925,0.008846,0.008357,0.005221,0.003822,0.002167,0.01747,0.00804,0.1835,0.7505,
0.8425,0.3381,0.005157,0.006918,0.008848,0.008369,0.005288,0.003793,0.002123,0.01756,0.008102,0.1839,0.75,
0.8425,0.3358,0.00511,0.006921,0.008852,0.008342,0.00532,0.003786,0.002126,0.01753,0.008195,0.1838,0.75,
0.8415,0.3542,0.004983,0.006916,0.008823,0.008342,0.005297,0.003763,0.002126,0.01756,0.008166,0.1838,0.7502,
0.8414,0.3405,0.00498,0.006907,0.008822,0.008318,0.005323,0.003735,0.00214,0.01776,0.007941,0.184,0.7501,
0.842,0.3523,0.004983,0.006901,0.008831,0.008318,0.005333,0.003737,0.00218,0.01771,0.008079,0.1839,0.7501,
0.8414,0.3477,0.004956,0.006881,0.008827,0.008308,0.006301,0.00276,0.002197,0.01771,0.008172,0.1837,0.7501,
0.8423,0.3453,0.005072,0.006854,0.0088,0.008296,0.006255,0.00278,0.002199,0.01769,0.008337,0.1838,0.7499,
0.8415,0.3661,0.004882,0.006847,0.008808,0.008303,0.00627,0.002762,0.002241,0.01788,0.008102,0.1839,0.75,
0.8403,0.3717,0.00471,0.006844,0.008816,0.008255,0.006251,0.002756,0.002268,0.01793,0.008018,0.184,0.7502,
0.8399,0.3546,0.004704,0.006843,0.008823,0.008224,0.006226,0.002741,0.002294,0.01794,0.007973,0.184,0.7503,
0.8375,0.4088,0.004536,0.006838,0.008832,0.008239,0.006042,0.002665,0.002294,0.01835,0.007565,0.184,0.7507,
0.8355,0.3699,0.004217,0.00683,0.00884,0.008239,0.006028,0.002665,0.00227,0.01851,0.007406,0.184,0.751,
0.8342,0.3658,0.004131,0.006826,0.008772,0.008239,0.005973,0.002661,0.002244,0.01858,0.007335,0.184,0.7513,
0.8338,0.3661,0.004112,0.00682,0.008775,0.008232,0.005934,0.002707,0.002232,0.01865,0.007224,0.184,0.7514,
0.832,0.3414,0.004004,0.006805,0.008778,0.008205,0.005773,0.002683,0.002225,0.01869,0.007162,0.184,0.7517,
0.8314,0.3465,0.004001,0.006797,0.008789,0.008205,0.005631,0.002763,0.00216,0.01868,0.007162,0.184,0.7518,
0.8324,0.3325,0.004097,0.006793,0.008799,0.008192,0.005646,0.002767,0.002142,0.01881,0.007237,0.1838,0.7518,
0.8323,0.3331,0.004096,0.006789,0.008805,0.008192,0.005661,0.002752,0.002171,0.01885,0.007161,0.1838,0.7518,
0.8341,0.3364,0.00415,0.006779,0.008808,0.008164,0.005657,0.00275,0.002302,0.01902,0.007174,0.1839,0.7513,
0.8327,0.338,0.003987,0.00677,0.008819,0.008151,0.005733,0.002726,0.00225,0.01924,0.006919,0.1839,0.7515,
0.835,0.3373,0.004158,0.006776,0.008821,0.008105,0.005716,0.002725,0.00221,0.01935,0.007424,0.1833,0.7514,
0.8353,0.3371,0.004145,0.006771,0.008817,0.008075,0.005704,0.002817,0.002179,0.0194,0.007298,0.1838,0.751,
0.8345,0.3401,0.004043,0.006759,0.008792,0.00806,0.005697,0.002804,0.002256,0.01936,0.007234,0.1838,0.7512,
0.8334,0.3396,0.004026,0.006755,0.008672,0.008059,0.005659,0.002758,0.002292,0.01942,0.007138,0.1838,0.7514,
0.8331,0.3421,0.004024,0.006752,0.008677,0.008059,0.005605,0.002771,0.002292,0.01945,0.007088,0.1838,0.7515,
0.8343,0.3362,0.004166,0.006739,0.008692,0.008045,0.00553,0.002853,0.002284,0.01943,0.007278,0.1836,0.7514,
0.834,0.3409,0.004151,0.006722,0.00867,0.008045,0.005548,0.002834,0.002303,0.01941,0.007278,0.1836,0.7515,
0.8415,0.4253,0.004147,0.006715,0.00868,0.008028,0.005552,0.002841,0.01004,0.0117,0.007237,0.1836,0.7515,
0.8408,0.3586,0.004048,0.006701,0.00869,0.00802,0.0055,0.002859,0.01004,0.0119,0.007076,0.1835,0.7517,
0.8433,0.3604,0.004298,0.006691,0.008694,0.008009,0.00548,0.002855,0.01012,0.01199,0.007242,0.1834,0.7512,
0.843,0.386,0.00428,0.006678,0.008709,0.008009,0.005438,0.002895,0.01018,0.01207,0.007062,0.1834,0.7513,
0.842,0.3632,0.004125,0.006668,0.008715,0.007933,0.005448,0.002863,0.01017,0.01215,0.006981,0.1837,0.7512,
0.8423,0.3521,0.004065,0.006672,0.008715,0.007935,0.005514,0.002815,0.01017,0.0122,0.007054,0.1837,0.7512,
0.8427,0.3547,0.004105,0.00667,0.008724,0.007924,0.005553,0.002775,0.01017,0.01225,0.007093,0.1836,0.7511,
0.8422,0.3258,0.004092,0.006663,0.008731,0.007895,0.005485,0.002797,0.01018,0.01226,0.007047,0.1836,0.7512,
0.8451,0.3223,0.00431,0.006654,0.008729,0.007874,0.005495,0.002805,0.0102,0.01226,0.007605,0.183,0.751,
0.8448,0.3307,0.004205,0.006637,0.008723,0.007841,0.005493,0.002779,0.01023,0.01229,0.007514,0.1836,0.7507,
0.8444,0.3321,0.004197,0.006641,0.008684,0.007826,0.005466,0.00281,0.0102,0.01228,0.007514,0.1836,0.7508,
0.8445,0.3485,0.004154,0.00663,0.008697,0.007796,0.005434,0.002837,0.01017,0.01245,0.007503,0.1836,0.7507,
0.8441,0.3274,0.004114,0.00661,0.008703,0.007781,0.005466,0.002823,0.01016,0.01267,0.007283,0.1836,0.7508,
0.8436,0.332,0.004107,0.006611,0.008709,0.007767,0.005406,0.002791,0.01019,0.01264,0.007283,0.1836,0.7509,
0.8422,0.331,0.003851,0.006611,0.008719,0.007761,0.005402,0.002802,0.01023,0.0127,0.007175,0.1836,0.7512,
0.8417,0.3283,0.003848,0.006606,0.008727,0.007738,0.005378,0.002823,0.01022,0.01272,0.007079,0.1836,0.7512,
0.8405,0.3215,0.00384,0.006608,0.008731,0.007718,0.005213,0.002841,0.01022,0.01278,0.006925,0.1837,0.7514,
0.8403,0.3198,0.003834,0.006598,0.008712,0.007711,0.005246,0.002854,0.01025,0.01273,0.006891,0.1836,0.7515,
0.8396,0.3242,0.003767,0.006588,0.008723,0.007711,0.005217,0.002877,0.01027,0.01289,0.006673,0.1836,0.7517,
0.8411,0.3376,0.003826,0.006581,0.008724,0.007694,0.005178,0.002872,0.01026,0.01312,0.006833,0.1836,0.7514,
0.8409,0.3357,0.003814,0.006587,0.00869,0.007694,0.005189,0.002879,0.01024,0.01319,0.00676,0.1836,0.7514,
0.8426,0.3333,0.003914,0.00658,0.008691,0.007692,0.005185,0.00286,0.01026,0.01318,0.007164,0.1832,0.7513,
0.8423,0.3251,0.003911,0.006571,0.008695,0.007644,0.005185,0.002882,0.01026,0.0133,0.007017,0.1832,0.7514,
0.8423,0.3452,0.003906,0.006568,0.008695,0.00764,0.005252,0.002826,0.01027,0.01362,0.006638,0.1835,0.7511,
0.8421,0.3277,0.003815,0.006559,0.008705,0.007711,0.005289,0.0028,0.01027,0.0136,0.006637,0.1835,0.7511,
0.8399,0.3476,0.00351,0.006547,0.008717,0.007687,0.005302,0.002814,0.01042,0.01369,0.006282,0.1836,0.7514,
0.8408,0.3422,0.003563,0.006537,0.008723,0.007678,0.005316,0.002836,0.01039,0.01385,0.006324,0.1834,0.7514,
0.8405,0.3406,0.003523,0.006529,0.008731,0.007663,0.005371,0.002836,0.01033,0.01393,0.006221,0.1835,0.7514,
0.8402,0.3447,0.003521,0.006509,0.008739,0.007647,0.005389,0.002862,0.01032,0.01389,0.006158,0.1836,0.7514,
0.8401,0.3498,0.003521,0.006505,0.008742,0.007633,0.005389,0.002924,0.01028,0.014,0.006037,0.1836,0.7514,
0.8412,0.4115,0.003429,0.006503,0.00875,0.007668,0.005389,0.008881,0.004339,0.01398,0.006037,0.1836,0.7515,
0.841,0.4056,0.003412,0.006504,0.008713,0.007682,0.005408,0.008881,0.004339,0.014,0.005994,0.1836,0.7515,
0.8419,0.3641,0.003563,0.006496,0.008716,0.007675,0.005425,0.008865,0.004437,0.01406,0.005922,0.1834,0.7514,
0.8429,0.334,0.003617,0.006485,0.008727,0.007675,0.006231,0.008114,0.004415,0.01406,0.006022,0.1833,0.7514,
0.843,0.3321,0.003616,0.006473,0.008736,0.007673,0.006237,0.008106,0.004417,0.01401,0.006021,0.1835,0.7512,
0.8448,0.3396,0.003707,0.006472,0.008746,0.007673,0.006211,0.008102,0.004399,0.01401,0.006483,0.183,0.7512,
0.8447,0.3436,0.003703,0.006462,0.00876,0.007673,0.006211,0.00812,0.00438,0.01407,0.006417,0.183,0.7512,
0.8443,0.3547,0.003703,0.00645,0.00877,0.007646,0.006211,0.008093,0.004362,0.01415,0.006338,0.183,0.7513,
0.8431,0.3495,0.003459,0.006427,0.008769,0.007637,0.006181,0.008089,0.0044,0.01414,0.006285,0.1834,0.7512,
0.8445,0.3432,0.003635,0.006424,0.008772,0.007606,0.006117,0.008061,0.004496,0.01414,0.006469,0.1831,0.7512,
0.8451,0.3361,0.00367,0.006411,0.008766,0.007604,0.006058,0.008059,0.004494,0.01422,0.006561,0.1832,0.751,
0.8446,0.3615,0.003669,0.006403,0.008771,0.007603,0.005995,0.008094,0.004453,0.01443,0.006333,0.1833,0.7509,
0.8454,0.34,0.00378,0.006392,0.008739,0.007603,0.006031,0.008033,0.004472,0.01443,0.006463,0.1832,0.7509,
0.8451,0.339,0.003779,0.006385,0.008704,0.007588,0.006011,0.008027,0.004504,0.01454,0.006316,0.1833,0.7508,
0.8458,0.3409,0.003891,0.006374,0.008715,0.007575,0.006011,0.008075,0.004507,0.01486,0.006069,0.1832,0.7507,
0.8451,0.3555,0.003876,0.006363,0.008712,0.00757,0.005929,0.008113,0.00447,0.01505,0.005866,0.1833,0.7508,
0.8445,0.3486,0.003857,0.006362,0.008715,0.007587,0.005875,0.00808,0.004456,0.01519,0.005728,0.1833,0.7509,
0.8448,0.3461,0.003907,0.006337,0.00866,0.007544,0.005903,0.008029,0.00447,0.01517,0.005926,0.1831,0.751,
0.8447,0.379,0.003896,0.006337,0.008666,0.007529,0.005907,0.00801,0.004436,0.01519,0.005907,0.1833,0.7509,
0.8438,0.3653,0.00388,0.00632,0.008668,0.007519,0.005833,0.00801,0.004417,0.01525,0.005806,0.1833,0.751,
0.843,0.3524,0.003727,0.006319,0.008669,0.007519,0.005833,0.008028,0.004451,0.0153,0.005698,0.1833,0.7511,
0.8453,0.3308,0.004005,0.006314,0.008628,0.007511,0.007745,0.006108,0.004431,0.01529,0.006073,0.1829,0.751,
0.8449,0.35,0.003999,0.006316,0.008632,0.00749,0.007712,0.006094,0.004424,0.01529,0.006055,0.1829,0.751,
0.8434,0.3542,0.003997,0.006306,0.008641,0.007458,0.007779,0.007817,0.002603,0.01529,0.006054,0.183,0.7511,
0.8434,0.353,0.004013,0.006296,0.008647,0.007416,0.007819,0.007824,0.002551,0.01538,0.00596,0.1832,0.7509,
0.8424,0.3543,0.003838,0.006295,0.008648,0.007419,0.007828,0.007841,0.002519,0.01536,0.005959,0.1832,0.751,
0.8402,0.3437,0.003583,0.006289,0.008655,0.007419,0.007715,0.007824,0.002489,0.01541,0.00591,0.1832,0.7515,
0.8406,0.3495,0.00366,0.006282,0.008669,0.007401,0.007654,0.007821,0.002477,0.01565,0.00583,0.1831,0.7515,
0.8438,0.3447,0.003733,0.00627,0.008665,0.007349,0.007699,0.007782,0.002456,0.01563,0.006526,0.1831,0.7508,
0.843,0.3646,0.003728,0.006272,0.008663,0.007312,0.007633,0.00778,0.002418,0.01577,0.006386,0.1831,0.7509,
0.843,0.3544,0.003727,0.006269,0.008668,0.007312,0.007647,0.007765,0.002418,0.01579,0.006367,0.1831,0.7509,
0.8426,0.336,0.003724,0.006267,0.008672,0.007297,0.007647,0.007727,0.002418,0.01587,0.006282,0.1831,0.751,
0.8428,0.3446,0.003723,0.006263,0.008677,0.007297,0.007676,0.007716,0.002484,0.01582,0.006251,0.1831,0.751,
0.8434,0.3401,0.003737,0.006254,0.008685,0.007284,0.007537,0.007677,0.002472,0.01594,0.006609,0.1826,0.7512,
0.8429,0.3379,0.003731,0.006204,0.008648,0.007267,0.007463,0.00764,0.002495,0.01596,0.006551,0.183,0.751,
0.8428,0.3367,0.00365,0.006198,0.008654,0.007277,0.00746,0.007638,0.002477,0.01596,0.006686,0.1829,0.7511,
0.8421,0.3502,0.003618,0.006185,0.008661,0.007277,0.007428,0.007572,0.002477,0.01601,0.006644,0.1829,0.7512,
0.843,0.3448,0.003673,0.006174,0.008606,0.007263,0.007379,0.007547,0.002458,0.01608,0.006967,0.1826,0.7512,
0.8432,0.3443,0.003861,0.00618,0.008544,0.00725,0.007242,0.007513,0.002469,0.01613,0.007032,0.1825,0.7513,
0.8438,0.3378,0.003884,0.006178,0.008554,0.007219,0.007186,0.007527,0.002512,0.01613,0.007204,0.1823,0.7514,
0.8427,0.3389,0.003813,0.006171,0.008562,0.007219,0.007045,0.007527,0.0025,0.01628,0.007112,0.1822,0.7516,
0.8418,0.3441,0.003704,0.006153,0.008564,0.007211,0.006889,0.007531,0.002538,0.01645,0.006811,0.1829,0.7512,
0.843,0.357,0.003689,0.006144,0.008575,0.007235,0.006892,0.007441,0.002623,0.01639,0.007234,0.1825,0.7513,
0.8435,0.3463,0.003728,0.006114,0.008553,0.007219,0.00692,0.007442,0.002618,0.0164,0.007231,0.1828,0.751,
0.843,0.3473,0.003727,0.006106,0.008562,0.007206,0.006934,0.007369,0.002608,0.01654,0.00709,0.1828,0.7511,
0.8424,0.3625,0.003727,0.006104,0.008564,0.007177,0.006978,0.007714,0.002237,0.01668,0.006936,0.1828,0.7511,
0.8414,0.3547,0.003643,0.006098,0.008561,0.00713,0.006977,0.007738,0.002237,0.01665,0.006857,0.1829,0.7513,
0.8427,0.3355,0.003729,0.006094,0.008566,0.007121,0.00701,0.007705,0.002237,0.01669,0.007107,0.1826,0.7512,
0.8429,0.3417,0.003765,0.006082,0.008578,0.00707,0.007039,0.007696,0.002216,0.01674,0.007136,0.1825,0.7512,
0.8439,0.3385,0.003852,0.006072,0.008581,0.007039,0.006946,0.007681,0.002193,0.01672,0.007419,0.1826,0.7509,
0.843,0.3392,0.003852,0.006063,0.008535,0.007039,0.006861,0.00767,0.00218,0.01674,0.007383,0.1826,0.7511,
0.8426,0.343,0.00383,0.006053,0.008534,0.007024,0.00688,0.007646,0.00218,0.01705,0.00705,0.1827,0.751,
0.842,0.3563,0.003538,0.006018,0.008533,0.007024,0.006934,0.007808,0.00287,0.01645,0.006738,0.1827,0.7514,
0.8412,0.3795,0.003481,0.005995,0.008542,0.007009,0.00686,0.007808,0.002892,0.01645,0.006702,0.1827,0.7515,
0.8415,0.3665,0.003551,0.005992,0.008549,0.007009,0.006853,0.00777,0.002919,0.01655,0.00664,0.1827,0.7515,
0.8412,0.355,0.003503,0.005984,0.008551,0.006993,0.006904,0.007752,0.002921,0.01651,0.00664,0.1827,0.7516,
0.8411,0.3511,0.003502,0.005974,0.008562,0.006993,0.006898,0.007739,0.002932,0.01653,0.006603,0.1827,0.7516,
0.841,0.3533,0.003502,0.005963,0.008572,0.006979,0.006936,0.007701,0.002932,0.01657,0.006567,0.1827,0.7516,
0.8385,0.3641,0.003454,0.005954,0.008514,0.006979,0.01042,0.004192,0.002967,0.01673,0.006287,0.1827,0.7518,
0.8383,0.3582,0.003365,0.005946,0.008524,0.006978,0.01038,0.0042,0.00303,0.01662,0.006394,0.1827,0.7518,
0.84,0.3857,0.003205,0.005944,0.008526,0.006971,0.01037,0.004181,0.00527,0.01438,0.006325,0.1828,0.752,
0.8404,0.3831,0.003132,0.005938,0.008537,0.006971,0.0104,0.004148,0.005325,0.01443,0.006474,0.1825,0.7521,
