entropy,entropyInd,RabA,RabB,RabC,RabD,RabE,RabF,RabG,RabH,RabI,xER,xPM,
0.8922,0.3774,0.01033,0.009296,0.006561,0.01344,0.01519,0.007124,0.007695,0.004022,0.005507,0.1748,0.746,
0.8813,0.384,0.01037,0.009297,0.006541,0.01335,0.01256,0.00711,0.007679,0.004012,0.005503,0.1749,0.7487,
0.88,0.3835,0.01036,0.00927,0.006474,0.01324,0.01226,0.007081,0.007669,0.004008,0.005499,0.1756,0.7485,
0.8786,0.3807,0.01042,0.00927,0.006474,0.01317,0.01182,0.007065,0.00766,0.004003,0.005671,0.1754,0.749,
0.8789,0.3661,0.01064,0.009266,0.006467,0.01317,0.01113,0.007053,0.007655,0.003996,0.006397,0.1747,0.7495,
0.8769,0.3669,0.01058,0.009243,0.006391,0.01317,0.01082,0.007053,0.007656,0.003996,0.006397,0.1747,0.75,
0.877,0.3718,0.01056,0.009214,0.006374,0.01315,0.01071,0.007047,0.007649,0.00399,0.006389,0.1755,0.7495,
0.876,0.3663,0.01059,0.009213,0.006374,0.01311,0.01045,0.007034,0.007645,0.003983,0.006457,0.1754,0.7497,
0.8749,0.3678,0.01059,0.009213,0.006373,0.0131,0.01019,0.00703,0.00764,0.003983,0.006456,0.1755,0.75,
0.8759,0.3665,0.01077,0.009213,0.006374,0.01304,0.009999,0.007026,0.00764,0.003983,0.006868,0.1751,0.75,
0.8746,0.3694,0.01077,0.009213,0.006322,0.01301,0.009778,0.007026,0.00764,0.003982,0.006868,0.1751,0.7503,
0.8744,0.3707,0.01075,0.009206,0.006319,0.01301,0.00966,0.007016,0.007633,0.003976,0.006865,0.1754,0.7502,
0.8733,0.3709,0.0107,0.009199,0.006318,0.01301,0.009482,0.007016,0.007633,0.003977,0.006865,0.1754,0.7504,
0.8726,0.3775,0.01069,0.009192,0.006317,0.01296,0.009392,0.007012,0.007628,0.00397,0.006866,0.1754,0.7506,
0.8726,0.3737,0.01069,0.009192,0.006317,0.01296,0.009392,0.007012,0.007628,0.00397,0.006866,0.1754,0.7506,
0.874,0.376,0.01093,0.009192,0.006273,0.01295,0.009313,0.007007,0.007627,0.003969,0.007145,0.1752,0.7504,
0.874,0.3674,0.01096,0.009183,0.006272,0.01295,0.009188,0.007003,0.007627,0.003969,0.007293,0.1751,0.7505,
0.8749,0.3721,0.01101,0.009174,0.00627,0.01289,0.009057,0.007001,0.007625,0.003968,0.007667,0.175,0.7503,
0.8735,0.3718,0.01101,0.009171,0.006267,0.01286,0.008683,0.006994,0.007623,0.003966,0.007665,0.1753,0.7505,
0.8736,0.3613,0.01107,0.009172,0.006268,0.01273,0.00856,0.006991,0.007624,0.003967,0.007955,0.175,0.7506,
0.8735,0.3589,0.01107,0.009169,0.006266,0.01271,0.008481,0.006989,0.007621,0.003966,0.007953,0.1753,0.7505,
0.8727,0.3588,0.01107,0.009169,0.006266,0.01269,0.008366,0.00697,0.007614,0.003966,0.007953,0.1753,0.7507,
0.8727,0.3592,0.01107,0.009169,0.006266,0.01267,0.008365,0.00697,0.007614,0.003966,0.007953,0.1753,0.7507,
0.8722,0.3588,0.01107,0.009169,0.006266,0.01267,0.008275,0.006958,0.007605,0.003966,0.007953,0.1753,0.7508,
0.872,0.3599,0.01107,0.009169,0.006266,0.01267,0.008224,0.006958,0.007605,0.003966,0.007953,0.1753,0.7508,
0.8709,0.3595,0.01106,0.009151,0.006252,0.01266,0.008055,0.006953,0.007599,0.003957,0.007951,0.1753,0.7511,
0.8712,0.3559,0.01109,0.00915,0.006229,0.01266,0.00804,0.006949,0.007594,0.003957,0.00806,0.1753,0.751,
0.8703,0.3571,0.01109,0.009147,0.006228,0.01266,0.007842,0.006946,0.007589,0.003957,0.00806,0.1753,0.7512,
0.87,0.3626,0.01109,0.009147,0.006228,0.01266,0.007792,0.006942,0.007585,0.003957,0.00806,0.1753,0.7513,
0.8694,0.3597,0.01108,0.009139,0.006229,0.0126,0.007729,0.006943,0.007586,0.003957,0.00806,0.1753,0.7514,
0.869,0.3591,0.01108,0.009133,0.006158,0.0126,0.007728,0.006942,0.007585,0.003957,0.008059,0.1753,0.7515,
0.8686,0.3698,0.01088,0.00915,0.006168,0.01277,0.007704,0.007021,0.007487,0.004077,0.007856,0.1754,0.7515,
0.8683,0.3693,0.01087,0.009143,0.006179,0.01277,0.00772,0.007088,0.007361,0.004153,0.007732,0.1754,0.7516,
0.8683,0.375,0.01086,0.009144,0.006189,0.01277,0.007802,0.007088,0.007238,0.004447,0.007438,0.1754,0.7516,
0.8686,0.3762,0.01088,0.009149,0.006204,0.01292,0.007797,0.007101,0.007178,0.004437,0.007436,0.1753,0.7516,
0.8671,0.4068,0.01088,0.00916,0.006217,0.01294,0.01015,0.004758,0.008183,0.00357,0.007316,0.1752,0.7517,
0.8668,0.3891,0.01085,0.009154,0.006198,0.01292,0.0101,0.004792,0.008129,0.003733,0.007146,0.1753,0.7517,
0.8667,0.4012,0.01076,0.00918,0.006203,0.01297,0.01012,0.004808,0.008045,0.003854,0.007025,0.1753,0.7517,
0.8664,0.4055,0.0106,0.009199,0.006217,0.01308,0.01013,0.004773,0.008057,0.003975,0.006875,0.1753,0.7518,
0.8662,0.3993,0.0107,0.0092,0.006177,0.01308,0.01005,0.004779,0.008029,0.003961,0.006879,0.1753,0.7518,
0.8617,0.4035,0.01067,0.009203,0.006184,0.01307,0.009036,0.004778,0.008011,0.004179,0.006661,0.1753,0.7529,
0.8607,0.3992,0.01065,0.009202,0.006201,0.01307,0.008842,0.004792,0.008028,0.004222,0.006561,0.1753,0.7531,
0.8598,0.444,0.01083,0.009209,0.006164,0.01305,0.008698,0.009114,0.00364,0.00426,0.006633,0.1752,0.7532,
0.8577,0.4504,0.01082,0.009202,0.006128,0.01301,0.008367,0.009158,0.003544,0.00426,0.006615,0.1753,0.7536,
0.8562,0.4544,0.01067,0.009204,0.006136,0.01314,0.008093,0.009123,0.003523,0.004441,0.006434,0.1753,0.7539,
0.8567,0.4482,0.01069,0.009214,0.006141,0.01312,0.007953,0.009129,0.003524,0.004652,0.006526,0.175,0.7541,
0.8552,0.4869,0.01073,0.009206,0.006147,0.01314,0.01303,0.003951,0.003522,0.004724,0.006634,0.1752,0.7537,
0.8549,0.467,0.01063,0.009228,0.006152,0.01322,0.01299,0.003933,0.003522,0.004764,0.006576,0.1752,0.7538,
0.8543,0.4646,0.0105,0.009224,0.006164,0.01333,0.01284,0.004003,0.003517,0.004782,0.006494,0.1752,0.7539,
0.8539,0.4336,0.01044,0.00924,0.006174,0.01336,0.01273,0.004038,0.003481,0.005093,0.006183,0.1752,0.754,
0.8535,0.4289,0.01043,0.009243,0.006184,0.01336,0.01263,0.004114,0.003401,0.005153,0.006122,0.1752,0.7542,
0.853,0.4177,0.01024,0.009242,0.006192,0.01354,0.01256,0.004116,0.003366,0.005281,0.005995,0.1752,0.7543,
0.8517,0.4111,0.01023,0.009248,0.006202,0.01353,0.0123,0.004108,0.00336,0.005409,0.005837,0.1752,0.7546,
0.8512,0.4028,0.01007,0.009256,0.006216,0.01366,0.01223,0.004143,0.003308,0.005442,0.005805,0.1752,0.7547,
0.852,0.4012,0.01012,0.009265,0.006187,0.01365,0.01202,0.00413,0.003289,0.005511,0.006107,0.1751,0.7546,
0.8513,0.4022,0.01023,0.009271,0.006195,0.01364,0.01173,0.004103,0.003326,0.005566,0.006052,0.1751,0.7548,
0.8515,0.4064,0.0103,0.00927,0.006201,0.01364,0.01161,0.004121,0.003369,0.005601,0.006075,0.175,0.7548,
0.8505,0.4015,0.01013,0.009267,0.006206,0.01379,0.01146,0.004093,0.003365,0.00563,0.006021,0.175,0.7551,
0.8494,0.4068,0.009977,0.009268,0.006217,0.01393,0.01135,0.004081,0.003308,0.005812,0.005788,0.175,0.7552,
0.8488,0.4144,0.01001,0.009249,0.006227,0.01393,0.01108,0.004084,0.003311,0.005774,0.005901,0.175,0.7554,
0.8484,0.4083,0.009967,0.009235,0.006256,0.01391,0.01104,0.004084,0.003346,0.006142,0.005498,0.175,0.7555,
0.8404,0.4122,0.00989,0.009226,0.006245,0.01394,0.009323,0.004117,0.003288,0.006137,0.005456,0.175,0.7573,
0.84,0.411,0.009935,0.009215,0.006257,0.01394,0.009095,0.00408,0.003302,0.006123,0.005627,0.1749,0.7576,
0.8405,0.4084,0.0101,0.009218,0.006268,0.01393,0.00896,0.004062,0.003302,0.006152,0.005726,0.1747,0.7575,
0.8395,0.4092,0.009987,0.00922,0.006273,0.01401,0.008681,0.004068,0.003306,0.006233,0.005623,0.1751,0.7575,
0.8383,0.409,0.009964,0.009232,0.006286,0.01401,0.008418,0.004071,0.003316,0.006206,0.005623,0.1751,0.7578,
0.8392,0.4211,0.01001,0.009235,0.006298,0.01398,0.008446,0.004043,0.003315,0.006389,0.00566,0.1749,0.7577,
0.8386,0.3989,0.01,0.009229,0.006308,0.01397,0.008352,0.003978,0.003315,0.006418,0.005629,0.175,0.7577,
0.8387,0.4049,0.01008,0.00922,0.006317,0.01397,0.008311,0.003894,0.003351,0.006365,0.00577,0.1749,0.7578,
0.8368,0.4101,0.01006,0.009217,0.006224,0.01395,0.008036,0.003891,0.00334,0.006412,0.005723,0.1749,0.7582,
0.8353,0.443,0.01002,0.009217,0.00621,0.01393,0.007909,0.003908,0.006847,0.003107,0.005393,0.175,0.7584,
0.8373,0.4396,0.01002,0.009194,0.006213,0.01392,0.007864,0.003888,0.006857,0.003152,0.00583,0.175,0.7581,
0.8368,0.437,0.01,0.009171,0.006194,0.0139,0.007827,0.003902,0.006844,0.003272,0.005696,0.175,0.7582,
0.8362,0.4395,0.009982,0.009183,0.006197,0.01383,0.007779,0.003898,0.006844,0.003258,0.005696,0.175,0.7583,
0.8354,0.4679,0.009912,0.009187,0.006208,0.01387,0.007756,0.007513,0.003215,0.003392,0.005519,0.175,0.7584,
0.835,0.4699,0.009898,0.009189,0.00622,0.01386,0.007697,0.0075,0.003241,0.003449,0.005435,0.175,0.7585,
0.8344,0.488,0.009886,0.009191,0.00623,0.01383,0.007613,0.00748,0.003252,0.003628,0.005231,0.175,0.7586,
0.8341,0.4638,0.00984,0.009194,0.006238,0.01386,0.007625,0.007424,0.00325,0.003767,0.005075,0.175,0.7587,
0.8337,0.4358,0.009806,0.009221,0.006247,0.01383,0.007657,0.00744,0.003258,0.003835,0.004887,0.175,0.7588,
0.834,0.4412,0.009779,0.009235,0.006255,0.01383,0.007671,0.007481,0.003203,0.003886,0.004921,0.175,0.7588,
0.8335,0.4412,0.009757,0.009238,0.006262,0.01376,0.007634,0.007467,0.003203,0.003886,0.004921,0.175,0.7589,
0.8329,0.4339,0.009733,0.009234,0.006275,0.01376,0.007553,0.00743,0.003277,0.003919,0.004814,0.175,0.759,
0.8329,0.4412,0.009663,0.009237,0.006293,0.01381,0.007535,0.007425,0.003291,0.003905,0.004814,0.175,0.759,
0.8338,0.4368,0.00969,0.009256,0.006299,0.01378,0.007595,0.007379,0.003302,0.004072,0.004843,0.1748,0.759,
0.8333,0.4286,0.009656,0.009254,0.006307,0.01377,0.007557,0.007333,0.00332,0.004187,0.00471,0.1748,0.7591,
0.8355,0.4251,0.009865,0.009254,0.006309,0.0137,0.007553,0.007377,0.003271,0.004219,0.004952,0.175,0.7585,
0.8351,0.4255,0.009748,0.009255,0.006313,0.0138,0.007485,0.007398,0.003333,0.004188,0.004888,0.175,0.7586,
0.8353,0.4278,0.009768,0.009231,0.006336,0.01384,0.007428,0.007371,0.003333,0.004188,0.004998,0.1749,0.7586,
0.8383,0.4131,0.009867,0.009217,0.006344,0.01381,0.007427,0.007623,0.003094,0.004174,0.005808,0.1742,0.7585,
0.8376,0.436,0.009772,0.009203,0.006354,0.0139,0.007321,0.007642,0.003057,0.004174,0.005808,0.1742,0.7586,
0.8387,0.4231,0.009787,0.00917,0.00637,0.01389,0.007217,0.007635,0.003068,0.004217,0.005897,0.1748,0.7579,
0.8386,0.4237,0.009702,0.009192,0.006373,0.0139,0.007218,0.007635,0.003068,0.004289,0.005826,0.1748,0.758,
0.8378,0.432,0.009638,0.009204,0.00638,0.01393,0.007162,0.007607,0.003085,0.004255,0.005759,0.1749,0.7581,
0.8372,0.4256,0.009502,0.0092,0.006391,0.01404,0.007069,0.007606,0.003072,0.004393,0.005618,0.1749,0.7582,
0.8371,0.4234,0.009483,0.009208,0.0064,0.014,0.007112,0.007564,0.003072,0.004393,0.005618,0.1749,0.7582,
0.8365,0.4218,0.009357,0.009209,0.006413,0.01407,0.007033,0.007565,0.003099,0.004398,0.005587,0.1749,0.7584,
0.8358,0.4281,0.009339,0.009193,0.006397,0.01404,0.006989,0.007545,0.003099,0.004429,0.005555,0.1749,0.7586,
0.8358,0.4198,0.009256,0.009193,0.006403,0.0141,0.006989,0.007545,0.003099,0.004582,0.005402,0.1749,0.7586,
0.8355,0.4187,0.009222,0.009195,0.006415,0.01408,0.006975,0.007577,0.003077,0.004564,0.005403,0.1749,0.7586,
0.8361,0.4225,0.009345,0.009213,0.006419,0.01403,0.008624,0.005875,0.003057,0.004588,0.005612,0.1746,0.7586,
0.8355,0.4195,0.009226,0.00922,0.00635,0.01414,0.0086,0.005857,0.003057,0.004588,0.005612,0.1746,0.7587,
0.8364,0.4186,0.009202,0.009217,0.006363,0.01431,0.008583,0.005853,0.003053,0.004622,0.005701,0.1745,0.7586,
0.8366,0.4176,0.009171,0.009224,0.006376,0.0143,0.008581,0.005839,0.003034,0.004667,0.005651,0.1748,0.7583,
0.8364,0.4234,0.009187,0.00923,0.006378,0.01428,0.008499,0.005886,0.002989,0.004691,0.005663,0.1748,0.7584,
0.8361,0.4208,0.009167,0.009218,0.006389,0.01427,0.008459,0.005893,0.00302,0.004657,0.005646,0.1748,0.7585,
0.8358,0.4213,0.009137,0.009229,0.006399,0.01425,0.008437,0.005921,0.003017,0.004632,0.005643,0.1748,0.7585,
0.8372,0.4174,0.009236,0.00923,0.006409,0.01432,0.008388,0.005976,0.002955,0.004643,0.00589,0.1745,0.7584,
0.8365,0.4225,0.009212,0.009245,0.00642,0.01432,0.008288,0.005981,0.002895,0.004842,0.005692,0.1745,0.7586,
0.8363,0.4359,0.00917,0.009255,0.006431,0.01431,0.00831,0.006004,0.002897,0.004842,0.005639,0.1746,0.7586,
0.8362,0.4201,0.009131,0.009237,0.006441,0.01432,0.008235,0.006021,0.002895,0.004925,0.005536,0.1748,0.7585,
0.8356,0.4208,0.009094,0.009249,0.006427,0.01433,0.008197,0.005993,0.002891,0.004943,0.005504,0.1748,0.7586,
0.8355,0.441,0.009049,0.009263,0.006439,0.01433,0.008252,0.00596,0.002912,0.004933,0.005472,0.1748,0.7586,
0.8352,0.4305,0.008967,0.009247,0.006448,0.01441,0.00823,0.005938,0.002897,0.00495,0.005452,0.1748,0.7587,
0.8357,0.4249,0.009073,0.009256,0.006455,0.01444,0.00818,0.005938,0.002915,0.005014,0.005419,0.1747,0.7586,
0.8366,0.4467,0.00908,0.009253,0.006466,0.01441,0.008175,0.005889,0.002945,0.005057,0.005638,0.1745,0.7586,
0.8373,0.4263,0.009043,0.009247,0.006476,0.01447,0.008157,0.005929,0.0029,0.005057,0.00587,0.1743,0.7586,
0.8388,0.4105,0.009121,0.009237,0.006481,0.01446,0.008134,0.00592,0.002903,0.005027,0.006051,0.1747,0.758,
0.8388,0.4135,0.009098,0.009252,0.006489,0.01446,0.00817,0.005909,0.002903,0.00517,0.005883,0.1747,0.758,
0.8379,0.415,0.00904,0.009252,0.006493,0.01451,0.008131,0.006131,0.002611,0.00524,0.005793,0.1747,0.7581,
0.8399,0.4046,0.009252,0.009239,0.006504,0.01451,0.007915,0.006099,0.002611,0.005295,0.006391,0.174,0.7582,
0.8401,0.411,0.009307,0.009241,0.006471,0.0145,0.007928,0.006513,0.002162,0.005347,0.006544,0.1738,0.7582,
0.8428,0.4095,0.00947,0.009223,0.006472,0.01447,0.007811,0.006516,0.002148,0.00543,0.006838,0.1745,0.7572,
0.8426,0.4182,0.009369,0.009242,0.006478,0.01454,0.007786,0.006502,0.0022,0.005396,0.00682,0.1745,0.7572,
0.8434,0.411,0.009385,0.009236,0.006489,0.01458,0.007786,0.006554,0.002183,0.005523,0.006808,0.1743,0.7571,
0.8451,0.412,0.009384,0.009234,0.006499,0.01465,0.007804,0.0066,0.002137,0.005552,0.007203,0.1739,0.7571,
0.8447,0.3853,0.009354,0.009222,0.006485,0.01462,0.007713,0.00657,0.002132,0.005853,0.006841,0.1744,0.7568,
0.8442,0.3775,0.009308,0.009232,0.006494,0.01455,0.007737,0.006565,0.002114,0.00595,0.006691,0.1745,0.7569,
0.8436,0.3753,0.009293,0.009242,0.006501,0.01446,0.007714,0.00653,0.002146,0.005919,0.006692,0.1745,0.757,
0.844,0.3875,0.009337,0.00924,0.006512,0.01445,0.007645,0.006541,0.002166,0.005924,0.006849,0.1742,0.7571,
0.8433,0.3788,0.009276,0.009238,0.006523,0.01445,0.007554,0.006523,0.002196,0.006008,0.006734,0.1742,0.7573,
0.8438,0.3775,0.009306,0.009238,0.006478,0.01441,0.00762,0.006484,0.002191,0.006095,0.006842,0.174,0.7573,
0.8436,0.3768,0.009299,0.009234,0.006487,0.01435,0.007653,0.006492,0.002168,0.006077,0.006842,0.174,0.7574,
0.8436,0.3788,0.00934,0.009237,0.006503,0.01435,0.007552,0.00647,0.002168,0.006077,0.006947,0.1739,0.7574,
0.8435,0.3806,0.009207,0.00925,0.006509,0.01447,0.007552,0.00647,0.002168,0.006077,0.006947,0.1739,0.7574,
0.8459,0.3714,0.009278,0.009235,0.006524,0.01447,0.007569,0.006452,0.002191,0.006167,0.007459,0.1733,0.7574,
0.8467,0.3723,0.009519,0.009233,0.00654,0.01445,0.007583,0.006417,0.002191,0.00627,0.007322,0.1733,0.7571,
0.846,0.3814,0.009426,0.009236,0.006548,0.01439,0.007587,0.006382,0.002183,0.006285,0.007303,0.1734,0.7573,
0.8458,0.3786,0.009403,0.009242,0.006564,0.01436,0.007572,0.006377,0.002192,0.00644,0.007132,0.1734,0.7573,
0.846,0.3815,0.009378,0.009232,0.006577,0.01443,0.007617,0.006351,0.002174,0.006458,0.007115,0.1734,0.7573,
0.8455,0.3782,0.009398,0.009229,0.006586,0.01445,0.00754,0.006288,0.0022,0.006432,0.007115,0.1734,0.7574,
0.8466,0.3759,0.009485,0.00922,0.006549,0.01443,0.007509,0.006254,0.002194,0.006438,0.007089,0.1743,0.7565,
0.846,0.3782,0.009473,0.009221,0.00656,0.01443,0.007438,0.006247,0.002195,0.006548,0.006942,0.1743,0.7566,
0.8456,0.3817,0.00946,0.009213,0.006567,0.0144,0.007428,0.006292,0.002169,0.006566,0.006859,0.1743,0.7567,
0.8433,0.4112,0.009455,0.009201,0.006584,0.01435,0.01057,0.003129,0.002231,0.006567,0.006796,0.1743,0.7568,
0.8426,0.4104,0.009382,0.009194,0.006594,0.01438,0.0105,0.003129,0.00225,0.00675,0.006551,0.1743,0.7569,
0.8446,0.3969,0.009553,0.009189,0.006568,0.01437,0.01049,0.003425,0.001936,0.006962,0.00672,0.1743,0.7565,
0.8445,0.4041,0.009431,0.009211,0.00657,0.01447,0.01052,0.003411,0.001919,0.007295,0.006386,0.1743,0.7565,
0.844,0.3987,0.009395,0.009221,0.006582,0.01447,0.01045,0.003383,0.001919,0.007325,0.006356,0.1743,0.7566,
0.8429,0.3989,0.009292,0.009199,0.006589,0.01456,0.01086,0.002927,0.00189,0.007369,0.006313,0.1743,0.7567,
0.8425,0.3847,0.009268,0.009202,0.006597,0.01456,0.01078,0.002941,0.001892,0.007346,0.006313,0.1743,0.7568,
0.8424,0.3736,0.009214,0.009214,0.006606,0.01459,0.01078,0.002941,0.001992,0.007366,0.006127,0.1744,0.7568,
0.8432,0.3775,0.009377,0.009214,0.006616,0.01456,0.01077,0.002906,0.002061,0.007296,0.006209,0.1743,0.7567,
0.843,0.3764,0.009229,0.009222,0.006622,0.0147,0.01074,0.002923,0.002044,0.007313,0.006191,0.1743,0.7567,
0.8431,0.3788,0.009166,0.009235,0.006631,0.01478,0.01065,0.00292,0.002088,0.007362,0.0062,0.1742,0.7568,
0.8427,0.3806,0.009004,0.00923,0.00664,0.01492,0.01067,0.002886,0.002101,0.007588,0.005919,0.1743,0.7568,
0.8432,0.3711,0.009113,0.009228,0.00656,0.0149,0.01068,0.00283,0.002127,0.007575,0.006052,0.1743,0.7567,
0.8427,0.3686,0.009113,0.009215,0.006537,0.01488,0.01067,0.002813,0.002134,0.007677,0.005911,0.1743,0.7568,
0.8417,0.3823,0.009039,0.009196,0.006547,0.01494,0.01054,0.002865,0.002082,0.007878,0.005657,0.1743,0.7569,
0.8414,0.3737,0.00902,0.009211,0.006553,0.01491,0.0105,0.002851,0.002096,0.007865,0.005657,0.1743,0.7571,
0.8418,0.3736,0.008968,0.009219,0.006562,0.015,0.01037,0.002837,0.002096,0.007865,0.005913,0.174,0.7571,
0.8417,0.3742,0.008962,0.009218,0.00657,0.01499,0.01037,0.002837,0.002124,0.00797,0.005779,0.174,0.7572,
0.8419,0.3827,0.008952,0.009211,0.00658,0.01498,0.01038,0.002848,0.002094,0.008049,0.005697,0.1742,0.757,
0.8408,0.3923,0.008923,0.009214,0.006537,0.01493,0.01029,0.00282,0.002139,0.008083,0.005615,0.1742,0.7572,
0.8404,0.3934,0.008914,0.009215,0.006547,0.01487,0.01027,0.0028,0.002152,0.008065,0.005615,0.1743,0.7573,
0.8398,0.3928,0.008867,0.009214,0.006559,0.01485,0.01022,0.002775,0.002147,0.008066,0.005615,0.1743,0.7574,
0.8402,0.3878,0.00886,0.009215,0.006568,0.01488,0.01009,0.002775,0.002202,0.008102,0.005736,0.1741,0.7575,
0.8404,0.3891,0.008844,0.009217,0.006577,0.01488,0.01009,0.002774,0.002202,0.008179,0.005656,0.1742,0.7573,
0.8406,0.4034,0.008849,0.009244,0.006582,0.01486,0.01011,0.002815,0.002144,0.008263,0.005619,0.1742,0.7573,
0.8416,0.3919,0.008942,0.009241,0.006586,0.01485,0.01011,0.002839,0.00212,0.008356,0.00572,0.174,0.7572,
0.841,0.392,0.008903,0.009268,0.006599,0.01485,0.009995,0.002831,0.002134,0.008393,0.005669,0.174,0.7574,
0.842,0.3926,0.009009,0.009254,0.006606,0.01484,0.00995,0.002858,0.002097,0.008425,0.005879,0.1738,0.7573,
0.843,0.401,0.009121,0.009242,0.006553,0.01482,0.009912,0.002798,0.002127,0.008546,0.00614,0.1733,0.7574,
0.8434,0.421,0.009277,0.009234,0.006572,0.01481,0.009925,0.002762,0.002121,0.008618,0.006061,0.1733,0.7573,
0.843,0.4228,0.009241,0.009229,0.006584,0.01481,0.009855,0.002775,0.002103,0.008686,0.005994,0.1734,0.7574,
0.8437,0.4231,0.009196,0.009249,0.006586,0.01478,0.00989,0.002741,0.00209,0.008776,0.005891,0.1741,0.7567,
0.8435,0.4336,0.009217,0.009246,0.006596,0.01478,0.009761,0.002738,0.00209,0.009073,0.005708,0.174,0.7568,
0.8447,0.427,0.009285,0.009245,0.006604,0.01477,0.009737,0.002746,0.00211,0.009053,0.00592,0.1739,0.7566,
0.8458,0.4235,0.009487,0.009235,0.006616,0.01476,0.009446,0.002778,0.002126,0.009112,0.006221,0.1736,0.7566,
0.8454,0.4232,0.009415,0.00923,0.006629,0.01481,0.009393,0.002776,0.002119,0.009202,0.006118,0.1736,0.7567,
0.8436,0.4148,0.009348,0.009224,0.006641,0.01486,0.009049,0.002749,0.002137,0.009256,0.006046,0.1736,0.757,
0.8431,0.4181,0.009321,0.009242,0.006652,0.01486,0.008937,0.002735,0.002162,0.00929,0.005987,0.1736,0.7572,
0.8434,0.4141,0.00948,0.00924,0.00666,0.01486,0.008672,0.002732,0.002159,0.009333,0.006184,0.1734,0.7573,
0.843,0.4223,0.009333,0.009256,0.006675,0.01493,0.008633,0.002744,0.002172,0.009434,0.006059,0.1734,0.7574,
0.8456,0.4107,0.009531,0.009253,0.006683,0.01487,0.008614,0.002756,0.002149,0.009458,0.006445,0.1735,0.7567,
0.8451,0.4099,0.009511,0.009252,0.006693,0.01483,0.008553,0.002755,0.002149,0.009519,0.006384,0.1736,0.7568,
0.8448,0.4047,0.009497,0.00925,0.006658,0.01479,0.008562,0.00276,0.00217,0.009514,0.006355,0.1736,0.7569,
0.8447,0.3921,0.009481,0.009254,0.00667,0.01477,0.008585,0.002737,0.00217,0.009569,0.006299,0.1736,0.7569,
0.8443,0.393,0.00946,0.009256,0.006679,0.01477,0.00845,0.002939,0.001958,0.009674,0.006188,0.1739,0.7567,
0.8443,0.3939,0.009415,0.009257,0.006687,0.01478,0.00845,0.00295,0.002007,0.009614,0.006188,0.1739,0.7567,
0.8443,0.3941,0.009363,0.00927,0.00669,0.01481,0.00845,0.00295,0.002042,0.009579,0.006188,0.1739,0.7567,
0.8437,0.3974,0.009232,0.009284,0.0067,0.01492,0.008359,0.00297,0.002045,0.009623,0.006085,0.174,0.7568,
0.846,0.3923,0.009354,0.009298,0.006709,0.01492,0.008333,0.002972,0.002097,0.009553,0.006591,0.1734,0.7567,
0.8473,0.3964,0.009451,0.009286,0.006725,0.01487,0.008264,0.002968,0.002065,0.009729,0.006952,0.1729,0.7568,
0.849,0.3925,0.009565,0.009271,0.006731,0.01488,0.008264,0.00299,0.002127,0.009805,0.006761,0.1738,0.7559,
0.8488,0.3917,0.009541,0.009274,0.006738,0.01488,0.008282,0.002984,0.002116,0.009833,0.006696,0.1738,0.7559,
0.8481,0.3988,0.009513,0.009277,0.006683,0.01488,0.008232,0.00298,0.002143,0.009976,0.006486,0.1738,0.756,
0.8478,0.3835,0.009468,0.009271,0.006693,0.01493,0.008186,0.002974,0.002183,0.009925,0.006486,0.1738,0.7561,
0.8476,0.3855,0.009445,0.009276,0.006661,0.01493,0.008186,0.002974,0.0022,0.009957,0.006437,0.1738,0.7561,
0.8474,0.3912,0.009441,0.009272,0.00667,0.0149,0.008189,0.002953,0.002213,0.01,0.006374,0.1738,0.7562,
0.8486,0.3777,0.009517,0.009287,0.006675,0.01485,0.008136,0.002923,0.002213,0.01002,0.006771,0.1734,0.7562,
0.852,0.4392,0.009558,0.009283,0.006681,0.01484,0.008145,0.002914,0.008562,0.003832,0.007067,0.173,0.7561,
0.8519,0.4362,0.009541,0.009257,0.006696,0.01484,0.008145,0.002914,0.00858,0.003881,0.007,0.173,0.7562,
0.8516,0.4364,0.009371,0.00926,0.006703,0.01496,0.008108,0.002914,0.008621,0.004068,0.006772,0.173,0.7562,
0.8521,0.3875,0.009323,0.009258,0.006701,0.01498,0.00815,0.002864,0.008615,0.004133,0.006663,0.1737,0.7557,
0.8545,0.377,0.009439,0.009268,0.006667,0.01498,0.008193,0.002859,0.008605,0.00421,0.007153,0.1731,0.7556,
0.8542,0.3771,0.009289,0.009252,0.006677,0.0151,0.008152,0.00287,0.008635,0.004506,0.006818,0.1731,0.7556,
0.854,0.3785,0.009263,0.009253,0.006688,0.01508,0.008129,0.00289,0.008601,0.004537,0.006786,0.1731,0.7557,
0.8541,0.3761,0.009239,0.009241,0.006695,0.01508,0.008073,0.002882,0.008663,0.004551,0.006689,0.1736,0.7553,
0.8535,0.3834,0.009095,0.009251,0.006699,0.01518,0.007963,0.002951,0.008618,0.004554,0.006654,0.1736,0.7555,
0.8533,0.3861,0.009013,0.009264,0.006708,0.0152,0.007974,0.00294,0.008642,0.004547,0.006637,0.1736,0.7555,
0.8543,0.417,0.008998,0.009248,0.006697,0.01516,0.007968,0.006162,0.005387,0.004696,0.006488,0.1736,0.7556,
0.8542,0.3903,0.008988,0.009228,0.006715,0.01514,0.007982,0.006126,0.005457,0.004966,0.006146,0.1736,0.7557,
0.8537,0.3913,0.008984,0.009222,0.006726,0.01514,0.007901,0.006109,0.005457,0.005012,0.0061,0.1736,0.7558,
0.8534,0.406,0.008974,0.00921,0.006735,0.0151,0.007919,0.00611,0.005454,0.00503,0.006033,0.1736,0.7558,
0.8519,0.4075,0.008956,0.009189,0.006662,0.01506,0.007777,0.006134,0.005429,0.005059,0.005968,0.1736,0.7561,
0.8543,0.3888,0.009235,0.0092,0.006675,0.01505,0.007675,0.006112,0.005429,0.005059,0.006463,0.1732,0.7559,
0.8536,0.3809,0.009198,0.009192,0.006693,0.01502,0.007641,0.006928,0.004588,0.005229,0.006293,0.1732,0.7561,
0.8528,0.3877,0.009193,0.009184,0.006706,0.01501,0.007505,0.006912,0.00457,0.005229,0.006293,0.1732,0.7562,
0.854,0.3884,0.009178,0.009182,0.006714,0.01504,0.007444,0.006883,0.00457,0.005229,0.00675,0.1727,0.7563,
0.854,0.3798,0.009127,0.009193,0.006714,0.01502,0.007303,0.006862,0.004589,0.005268,0.006677,0.1735,0.7558,
0.8536,0.3828,0.009113,0.009196,0.006725,0.01501,0.007217,0.00688,0.004598,0.00526,0.00666,0.1735,0.7559,
0.8543,0.3807,0.009192,0.009194,0.006747,0.01498,0.007179,0.006894,0.004597,0.005378,0.006694,0.1733,0.7559,
0.8538,0.3814,0.009158,0.009204,0.006751,0.01496,0.007099,0.006913,0.004542,0.005377,0.006692,0.1735,0.7558,
0.8534,0.388,0.009148,0.009206,0.006759,0.01495,0.007043,0.006893,0.004529,0.00551,0.00656,0.1735,0.7559,
0.8524,0.3816,0.009086,0.009212,0.006769,0.01496,0.006882,0.00689,0.00455,0.005554,0.006491,0.1735,0.7561,
0.854,0.3844,0.009114,0.009227,0.006777,0.01505,0.006848,0.006911,0.004529,0.005554,0.006834,0.1731,0.756,
0.8538,0.3804,0.009105,0.009229,0.006783,0.01502,0.006848,0.006906,0.004535,0.005531,0.006834,0.1731,0.7561,
0.8538,0.3737,0.009078,0.009241,0.006791,0.01499,0.006794,0.006918,0.004562,0.005504,0.006814,0.1734,0.7559,
0.8517,0.3981,0.00905,0.009242,0.006803,0.01495,0.006811,0.009108,0.002357,0.005504,0.006815,0.1734,0.7559,
0.8542,0.4039,0.009155,0.00924,0.006817,0.01486,0.00681,0.009108,0.002395,0.005497,0.007495,0.1727,0.7559,
0.8539,0.4021,0.009104,0.009238,0.006829,0.01487,0.006861,0.009024,0.002444,0.005594,0.007331,0.1727,0.756,
0.8529,0.3707,0.009084,0.009247,0.006801,0.01484,0.006802,0.009021,0.002471,0.005563,0.00718,0.1729,0.7561,
0.8529,0.3717,0.009039,0.009237,0.00681,0.01485,0.006716,0.009065,0.002421,0.00561,0.007125,0.1734,0.7558,
0.8532,0.3775,0.009043,0.009237,0.006768,0.0149,0.006716,0.009083,0.002421,0.005766,0.007026,0.1733,0.7557,
0.8551,0.3763,0.009159,0.009258,0.006778,0.01487,0.006716,0.009093,0.002444,0.00591,0.007236,0.173,0.7556,
0.8549,0.3838,0.009012,0.009263,0.00672,0.01506,0.006676,0.009093,0.002461,0.005893,0.007291,0.1729,0.7556,
0.8563,0.3893,0.009112,0.009251,0.006733,0.01501,0.006667,0.009077,0.002509,0.005871,0.007476,0.1731,0.7552,
0.8559,0.3822,0.009074,0.009265,0.006739,0.01497,0.006615,0.009086,0.002477,0.006172,0.007152,0.1733,0.7552,
0.8565,0.3766,0.009072,0.009245,0.006746,0.01494,0.006628,0.009088,0.002459,0.006236,0.007271,0.1733,0.7551,
0.8563,0.3752,0.009063,0.009239,0.006761,0.01488,0.006642,0.009053,0.002473,0.006356,0.007137,0.1733,0.7551,
0.8557,0.3776,0.00906,0.009221,0.006719,0.01485,0.006643,0.009053,0.002473,0.006531,0.00691,0.1733,0.7552,
0.8552,0.3808,0.009002,0.009222,0.006737,0.01482,0.006585,0.00908,0.00247,0.006637,0.006773,0.1733,0.7553,
0.8553,0.3977,0.009039,0.009227,0.006745,0.01477,0.006592,0.009034,0.002487,0.006864,0.006614,0.1733,0.7554,
0.855,0.3739,0.009037,0.009206,0.006763,0.01471,0.00659,0.009073,0.002447,0.006881,0.006597,0.1733,0.7554,
0.8556,0.3628,0.009124,0.00921,0.00677,0.01463,0.006535,0.009109,0.002418,0.006863,0.006816,0.1731,0.7554,
0.8561,0.3811,0.009193,0.009209,0.006784,0.01466,0.006467,0.009121,0.002424,0.006863,0.006915,0.173,0.7554,
0.8588,0.3783,0.009404,0.009182,0.006785,0.01464,0.00651,0.009081,0.002426,0.007008,0.00716,0.173,0.7548,
0.8578,0.3764,0.009342,0.009195,0.006802,0.01459,0.006355,0.00908,0.002463,0.007003,0.007061,0.1733,0.7548,
0.8589,0.3648,0.009371,0.00919,0.006814,0.01463,0.006408,0.009049,0.002442,0.007021,0.00733,0.1729,0.7548,
0.8591,0.3571,0.009443,0.009198,0.006824,0.01461,0.006278,0.009014,0.002442,0.007084,0.007444,0.1728,0.7549,
0.8586,0.3595,0.00941,0.00922,0.006835,0.0146,0.006219,0.009002,0.002424,0.007116,0.007413,0.1728,0.755,
0.8583,0.3586,0.009446,0.00922,0.006841,0.01458,0.006104,0.009016,0.002388,0.007148,0.007479,0.1727,0.7551,
0.8562,0.4006,0.009388,0.009231,0.00685,0.01461,0.01129,0.003782,0.002405,0.007131,0.007415,0.1727,0.7552,
0.8573,0.3907,0.00943,0.009233,0.006852,0.01461,0.01132,0.003732,0.002386,0.007158,0.007496,0.1731,0.7546,
0.8568,0.3709,0.009414,0.009241,0.00686,0.01457,0.01131,0.003695,0.002372,0.007208,0.007448,0.1731,0.7547,
0.8564,0.3632,0.009402,0.009233,0.006828,0.01455,0.01132,0.003671,0.002409,0.007361,0.007241,0.1732,0.7548,
0.8566,0.3655,0.009452,0.00924,0.00683,0.01446,0.01131,0.003715,0.002349,0.007394,0.007378,0.173,0.7549,
0.8566,0.3641,0.009442,0.009234,0.006801,0.01446,0.01133,0.003708,0.002502,0.00723,0.007378,0.173,0.7549,
0.8557,0.366,0.009384,0.009237,0.006809,0.01446,0.01113,0.00369,0.002515,0.007215,0.007377,0.1731,0.755,
0.8551,0.3709,0.009286,0.009232,0.006783,0.01455,0.01108,0.003683,0.002501,0.007232,0.00736,0.1731,0.7551,
0.853,0.3742,0.009274,0.009235,0.006792,0.01455,0.01056,0.003674,0.002545,0.007616,0.006931,0.1731,0.7557,
0.8528,0.3899,0.009355,0.009237,0.006803,0.01458,0.01037,0.003668,0.002624,0.007564,0.006942,0.1731,0.7558,
0.844,0.4037,0.009276,0.009234,0.006807,0.01462,0.008526,0.003621,0.002607,0.007907,0.006568,0.1731,0.7577,
0.8426,0.4096,0.009199,0.009221,0.006825,0.01469,0.008281,0.003578,0.002607,0.007984,0.006491,0.1731,0.758,
0.8435,0.3835,0.009259,0.009219,0.006836,0.01467,0.008153,0.003559,0.002623,0.007995,0.006749,0.1731,0.7578,
0.8449,0.3786,0.009274,0.009213,0.006814,0.01469,0.008107,0.003537,0.002679,0.007994,0.007221,0.1726,0.7579,
0.8458,0.3814,0.009325,0.009203,0.006826,0.01472,0.007972,0.003528,0.002679,0.007994,0.007579,0.1722,0.758,
0.8459,0.379,0.009489,0.009209,0.006847,0.0147,0.007851,0.003515,0.002714,0.008322,0.007217,0.1722,0.7579,
0.8466,0.3795,0.00947,0.009206,0.00686,0.01465,0.007772,0.003495,0.002734,0.008352,0.007256,0.1729,0.7574,
0.8456,0.384,0.009217,0.009209,0.006829,0.01488,0.007683,0.003507,0.002701,0.008458,0.007133,0.1729,0.7575,
0.845,0.3811,0.009192,0.00921,0.006836,0.01485,0.007596,0.003474,0.0027,0.008603,0.006986,0.173,0.7576,
0.8447,0.385,0.009143,0.009194,0.006827,0.01485,0.007596,0.003474,0.002717,0.008649,0.006923,0.173,0.7577,
0.8439,0.3908,0.009033,0.009194,0.006838,0.01495,0.007536,0.003534,0.002657,0.008879,0.006584,0.173,0.7578,
0.8434,0.3963,0.009,0.009212,0.006845,0.01489,0.007553,0.003518,0.002692,0.009029,0.006365,0.173,0.7579,
0.8444,0.3986,0.009215,0.009224,0.006856,0.0148,0.007464,0.003564,0.002642,0.009187,0.006443,0.1728,0.7578,
0.8441,0.4018,0.009101,0.009224,0.006868,0.01489,0.007373,0.003579,0.002644,0.009163,0.006441,0.173,0.7577,
0.8447,0.396,0.00918,0.009199,0.00689,0.01487,0.007363,0.003589,0.002601,0.009252,0.006517,0.1728,0.7577,
0.8438,0.3958,0.009173,0.00918,0.006896,0.01487,0.007223,0.003605,0.002606,0.009399,0.006345,0.1728,0.7579,
0.8433,0.3964,0.009071,0.009156,0.006883,0.01492,0.007263,0.003565,0.002607,0.009612,0.006133,0.1728,0.758,
0.8432,0.3917,0.009034,0.009154,0.006892,0.01486,0.007305,0.003522,0.002632,0.009603,0.006115,0.173,0.7579,
0.8436,0.3913,0.009084,0.009156,0.006903,0.01484,0.007228,0.003498,0.002657,0.009745,0.006106,0.1729,0.7578,
0.8428,0.3885,0.009066,0.009163,0.006847,0.01483,0.007192,0.003498,0.002656,0.009806,0.005977,0.173,0.7579,
0.8428,0.3892,0.009144,0.009162,0.006813,0.0148,0.007223,0.003506,0.002616,0.01006,0.005768,0.173,0.7579,
0.8433,0.3967,0.009218,0.009184,0.00682,0.01479,0.007189,0.003498,0.002633,0.01014,0.005742,0.173,0.7578,
0.8432,0.397,0.009206,0.009172,0.006822,0.01474,0.007189,0.003498,0.002752,0.01007,0.005694,0.173,0.7579,
0.8442,0.3962,0.009367,0.009166,0.006834,0.01474,0.007171,0.003517,0.002754,0.01014,0.005688,0.1729,0.7577,
0.8437,0.4028,0.009359,0.009165,0.006843,0.01474,0.007087,0.003513,0.002754,0.01034,0.005482,0.1729,0.7578,
0.8418,0.3816,0.009338,0.009184,0.006846,0.0147,0.008537,0.002023,0.002767,0.01033,0.005482,0.173,0.7578,
0.842,0.3819,0.009285,0.00919,0.006765,0.01477,0.008538,0.002023,0.002793,0.01036,0.005584,0.1728,0.7579,
0.842,0.3791,0.009281,0.009184,0.006774,0.01477,0.008538,0.002023,0.002793,0.01042,0.005518,0.1728,0.7579,
0.8417,0.3804,0.009175,0.009173,0.006785,0.01483,0.008529,0.002044,0.002795,0.01039,0.005514,0.1728,0.7579,
0.8442,0.3762,0.009349,0.009175,0.00675,0.01487,0.008529,0.002044,0.002822,0.01041,0.005964,0.1723,0.7578,
0.8456,0.3758,0.009303,0.009168,0.006761,0.0149,0.008531,0.002052,0.002801,0.01048,0.006078,0.1728,0.7571,
0.8468,0.3768,0.009418,0.009156,0.006775,0.01489,0.008529,0.002052,0.002835,0.01046,0.006211,0.1728,0.7569,
0.8464,0.3785,0.009407,0.009148,0.006781,0.01489,0.0085,0.002039,0.002835,0.01046,0.006169,0.1728,0.757,
0.8475,0.3809,0.009544,0.009148,0.006793,0.01487,0.0085,0.002052,0.002863,0.01054,0.006234,0.1726,0.7568,
0.8471,0.3727,0.009515,0.009144,0.006797,0.0148,0.008461,0.002052,0.002919,0.01053,0.006186,0.1726,0.757,
0.847,0.3722,0.009471,0.009159,0.006811,0.01479,0.008461,0.002052,0.002951,0.0105,0.006186,0.1726,0.757,
0.8472,0.371,0.009411,0.009158,0.006823,0.01481,0.00846,0.002086,0.002978,0.01051,0.00611,0.1728,0.7568,
0.847,0.3701,0.009383,0.00915,0.006833,0.0148,0.00846,0.002117,0.002947,0.01057,0.006056,0.1728,0.7569,
0.8467,0.3705,0.009358,0.009123,0.006797,0.01482,0.00846,0.002131,0.002984,0.01062,0.005953,0.1728,0.7569,
0.8465,0.3846,0.009339,0.00913,0.006809,0.01478,0.00846,0.002131,0.003026,0.01066,0.005871,0.1728,0.757,
0.8461,0.3759,0.009322,0.009134,0.006822,0.01474,0.008426,0.002133,0.003008,0.01076,0.005775,0.1728,0.7571,
0.8477,0.3724,0.009366,0.009134,0.006836,0.01476,0.008426,0.002133,0.003007,0.01084,0.006086,0.1724,0.757,
0.8471,0.3739,0.00928,0.009111,0.006863,0.01478,0.00839,0.002144,0.002996,0.0111,0.005818,0.1725,0.7571,
0.8464,0.3801,0.009168,0.009103,0.00688,0.01489,0.008218,0.002155,0.00302,0.01107,0.005818,0.1725,0.7572,
0.8471,0.3705,0.009267,0.009107,0.00689,0.01489,0.008108,0.002113,0.00302,0.01109,0.006093,0.1722,0.7573,
0.8476,0.3738,0.009286,0.009151,0.006902,0.01487,0.008088,0.002096,0.003037,0.01117,0.006134,0.172,0.7572,
0.8473,0.3767,0.009234,0.009154,0.006911,0.0149,0.008071,0.003123,0.002024,0.01135,0.005934,0.172,0.7573,
0.8475,0.3737,0.009221,0.009131,0.006877,0.01484,0.007991,0.00312,0.002096,0.01127,0.00593,0.1727,0.7568,
0.8473,0.3736,0.009333,0.009107,0.006845,0.01483,0.007881,0.00312,0.002138,0.01129,0.005891,0.1727,0.7569,
0.8467,0.3771,0.009324,0.009104,0.006855,0.01486,0.007659,0.003145,0.002126,0.01138,0.005876,0.1726,0.757,
0.8479,0.3775,0.009456,0.009121,0.006862,0.01486,0.007599,0.003151,0.002123,0.01154,0.005918,0.1726,0.7568,
0.8472,0.3814,0.009446,0.009116,0.006877,0.01486,0.007564,0.003091,0.002123,0.01169,0.005719,0.1727,0.7569,
0.8466,0.3816,0.009392,0.009113,0.006826,0.0149,0.007497,0.003132,0.002096,0.01167,0.005719,0.1727,0.757,
0.8465,0.3824,0.009368,0.009126,0.006836,0.0149,0.007468,0.003121,0.002154,0.01162,0.005719,0.1727,0.757,
0.8461,0.3821,0.009354,0.00913,0.00681,0.01488,0.007468,0.003121,0.002172,0.01185,0.005466,0.1727,0.7571,
0.8474,0.3772,0.009437,0.009131,0.006782,0.01484,0.007469,0.003141,0.002169,0.01187,0.005785,0.1723,0.757,
0.8488,0.3748,0.009495,0.009123,0.006794,0.01483,0.007478,0.003149,0.002169,0.01185,0.006127,0.172,0.757,
0.8507,0.381,0.009667,0.00914,0.006797,0.01477,0.007365,0.003147,0.002184,0.01185,0.006325,0.1725,0.7562,
0.8497,0.3804,0.009551,0.009137,0.006807,0.0148,0.007239,0.003136,0.002195,0.01182,0.006326,0.1726,0.7564,
0.8509,0.3761,0.009705,0.009143,0.006811,0.01476,0.00718,0.003136,0.002191,0.01183,0.006544,0.1725,0.7562,
0.8503,0.3767,0.009696,0.009141,0.006822,0.01476,0.007089,0.003116,0.002191,0.01197,0.00641,0.1725,0.7563,
0.85,0.384,0.009576,0.009157,0.006833,0.01483,0.007058,0.003097,0.002226,0.01196,0.006378,0.1725,0.7563,
0.851,0.3876,0.009681,0.009165,0.006843,0.01484,0.007093,0.003119,0.002169,0.01205,0.006448,0.1724,0.7562,
0.8525,0.3816,0.009766,0.009138,0.006858,0.01479,0.007034,0.003118,0.002167,0.01225,0.006627,0.1723,0.7559,
0.8521,0.3781,0.009758,0.009119,0.006871,0.01478,0.006991,0.003136,0.002223,0.01218,0.006589,0.1723,0.756,
0.8526,0.3705,0.009763,0.009108,0.006881,0.01476,0.007,0.00319,0.002209,0.01213,0.006738,0.1722,0.756,
0.8518,0.3677,0.009666,0.009098,0.006849,0.01482,0.006896,0.003171,0.002209,0.01212,0.006683,0.1725,0.756,
0.8527,0.3702,0.009757,0.009114,0.006858,0.01482,0.006842,0.003192,0.002188,0.01215,0.00686,0.1723,0.7559,
0.8561,0.414,0.009563,0.009116,0.006845,0.01499,0.006813,0.003157,0.006787,0.007587,0.006824,0.1724,0.7559,
0.8561,0.3751,0.009528,0.00911,0.006855,0.01501,0.00683,0.003139,0.006844,0.007651,0.006703,0.1724,0.7559,
0.8562,0.3712,0.009603,0.009121,0.006821,0.01493,0.00683,0.003139,0.006844,0.00773,0.006683,0.1724,0.7559,
0.8557,0.3745,0.009575,0.009129,0.006827,0.01491,0.006881,0.003119,0.006814,0.007933,0.006391,0.1725,0.7559,
0.8556,0.3862,0.00953,0.009132,0.006838,0.01492,0.006882,0.003155,0.006796,0.007916,0.006391,0.1725,0.756,
0.8555,0.3784,0.009454,0.009139,0.006846,0.01496,0.006882,0.003224,0.006727,0.007916,0.006355,0.1725,0.756,
0.8553,0.3802,0.009289,0.009144,0.006848,0.0151,0.006882,0.003224,0.006727,0.007916,0.006356,0.1725,0.756,
0.8546,0.3826,0.009206,0.009138,0.00686,0.01513,0.006856,0.003205,0.006728,0.00801,0.00621,0.1725,0.7561,
0.8559,0.3821,0.009323,0.009133,0.006869,0.01513,0.006874,0.003204,0.006753,0.008072,0.006356,0.1722,0.756,
0.8555,0.385,0.009301,0.009127,0.006862,0.01513,0.006834,0.003204,0.006736,0.008072,0.006352,0.1723,0.7561,
0.8554,0.3742,0.009344,0.009125,0.00687,0.01511,0.006729,0.003204,0.006736,0.008132,0.006383,0.1722,0.7562,
0.8526,0.3798,0.009286,0.009128,0.006876,0.01511,0.006199,0.003204,0.006757,0.008092,0.006383,0.1722,0.7568,
0.8537,0.3747,0.009421,0.009115,0.006888,0.01509,0.006136,0.0032,0.006807,0.008042,0.006645,0.1719,0.7567,
0.8538,0.3766,0.00928,0.009125,0.006851,0.01519,0.006094,0.003211,0.006817,0.00812,0.006526,0.1724,0.7564,
0.8536,0.3783,0.009262,0.009133,0.006861,0.01519,0.006125,0.00318,0.006844,0.008154,0.006431,0.1725,0.7564,
0.8539,0.3768,0.009357,0.00913,0.00686,0.01519,0.006003,0.003172,0.006857,0.008136,0.006551,0.1724,0.7563,
0.8536,0.3778,0.009351,0.009119,0.006875,0.01518,0.005988,0.003139,0.00688,0.008113,0.006551,0.1724,0.7564,
0.8542,0.3791,0.009365,0.009119,0.006881,0.01517,0.005982,0.00315,0.006849,0.008326,0.006562,0.1722,0.7564,
0.8541,0.3802,0.009324,0.009137,0.006884,0.01517,0.005973,0.003135,0.006851,0.008324,0.006507,0.1724,0.7563,
0.8546,0.3795,0.009342,0.009143,0.006896,0.01519,0.005973,0.003152,0.006834,0.008353,0.006567,0.1723,0.7562,
0.8566,0.3818,0.009496,0.009136,0.006868,0.01521,0.005996,0.004359,0.005649,0.008424,0.006706,0.1721,0.7561,
0.8581,0.3838,0.009718,0.009126,0.006886,0.01519,0.00596,0.004381,0.005695,0.008429,0.006857,0.1719,0.7559,
0.8583,0.3778,0.009657,0.009123,0.006894,0.01519,0.00596,0.004339,0.005709,0.008546,0.006716,0.1723,0.7556,
0.8584,0.3803,0.009667,0.009115,0.00691,0.0152,0.005943,0.004352,0.005692,0.008634,0.006669,0.1722,0.7556,
0.858,0.3758,0.009573,0.009087,0.006926,0.01528,0.005953,0.004318,0.005692,0.008704,0.006581,0.1722,0.7557,
0.8571,0.3729,0.009538,0.009074,0.006947,0.01524,0.005843,0.004288,0.005719,0.008802,0.006455,0.1723,0.7558,
0.8566,0.3859,0.009524,0.009062,0.006959,0.01522,0.005803,0.005771,0.004236,0.008874,0.00634,0.1724,0.7558,
0.8562,0.3905,0.009403,0.009053,0.006973,0.01531,0.005763,0.00576,0.004322,0.008857,0.006258,0.1723,0.756,
0.8561,0.3958,0.009388,0.00905,0.006991,0.0153,0.005763,0.005808,0.004309,0.00891,0.00617,0.1723,0.756,
0.8555,0.4012,0.009375,0.009031,0.007008,0.01528,0.005781,0.006659,0.003457,0.009121,0.005942,0.1723,0.756,
0.8557,0.4032,0.009402,0.00904,0.007014,0.01526,0.005764,0.00671,0.003597,0.009247,0.005687,0.1723,0.756,
0.8551,0.4046,0.00934,0.009037,0.007024,0.01532,0.005648,0.00677,0.003554,0.009331,0.005586,0.1723,0.7561,
0.8547,0.385,0.00933,0.009031,0.00704,0.01527,0.005598,0.006756,0.003553,0.009366,0.005551,0.1723,0.7562,
0.8545,0.3887,0.009298,0.009041,0.007047,0.01529,0.005598,0.006805,0.003505,0.009619,0.005298,0.1723,0.7562,
0.8562,0.3868,0.009398,0.009041,0.007055,0.01529,0.005614,0.006767,0.003522,0.009654,0.005642,0.1719,0.7561,
0.8557,0.3881,0.009339,0.009044,0.007019,0.01532,0.005596,0.006781,0.003501,0.009819,0.005478,0.1719,0.7562,
0.8556,0.3909,0.009333,0.009042,0.007027,0.01529,0.005596,0.006812,0.003498,0.00979,0.005478,0.172,0.7562,
0.8554,0.3888,0.009124,0.009048,0.007036,0.01545,0.005613,0.006795,0.003529,0.009818,0.00542,0.172,0.7562,
0.8563,0.4008,0.009147,0.009041,0.007037,0.01539,0.005569,0.006838,0.003534,0.009803,0.00563,0.172,0.756,
0.8559,0.4022,0.009114,0.009049,0.007049,0.01534,0.005527,0.006839,0.003562,0.009861,0.005545,0.1721,0.7561,
0.8554,0.4049,0.009005,0.00905,0.007057,0.01544,0.005535,0.006823,0.003526,0.009915,0.005426,0.1721,0.7561,
0.8549,0.392,0.008931,0.009048,0.007061,0.01549,0.005534,0.007518,0.00293,0.009988,0.005249,0.1723,0.756,
0.8542,0.4021,0.00891,0.009058,0.006987,0.01549,0.005515,0.007527,0.00291,0.009961,0.005249,0.1723,0.7561,
