entropy,entropyInd,RabA,RabB,RabC,RabD,RabE,RabF,RabG,RabH,RabI,xER,xPM,
2.052,0.2279,0.2993,0.07109,0.05369,0.0981,0.04271,0.03087,0.024,0.0267,0.02745,0.162,0.1641,
2.051,0.2328,0.2987,0.07116,0.05374,0.09756,0.04154,0.03089,0.02402,0.02672,0.02747,0.1621,0.166,
2.05,0.2352,0.2987,0.07116,0.05374,0.09756,0.04121,0.03081,0.02391,0.02672,0.02747,0.1621,0.1665,
2.048,0.2414,0.3012,0.07111,0.05369,0.09748,0.04066,0.03079,0.02389,0.0267,0.02745,0.1628,0.1642,
2.048,0.2418,0.3007,0.07116,0.05373,0.09755,0.04069,0.03081,0.02391,0.02672,0.02747,0.1629,0.1643,
2.047,0.2508,0.3,0.07123,0.05228,0.09765,0.04073,0.03084,0.02394,0.02675,0.0275,0.1631,0.166,
2.048,0.2304,0.2995,0.07104,0.05234,0.09775,0.04078,0.03087,0.02396,0.02678,0.02753,0.1633,0.1662,
2.049,0.2374,0.2988,0.0711,0.05239,0.09785,0.04082,0.0309,0.02398,0.0268,0.02755,0.1634,0.1664,
2.045,0.235,0.3011,0.07102,0.05235,0.0975,0.03951,0.03078,0.02397,0.02679,0.02754,0.165,0.1644,
2.054,0.2959,0.3016,0.07093,0.05155,0.09703,0.03946,0.03074,0.02394,0.02675,0.03414,0.1597,0.1641,
2.056,0.2016,0.3005,0.07107,0.05166,0.09689,0.03955,0.03081,0.02399,0.02681,0.03422,0.1601,0.1644,
2.057,0.2055,0.2983,0.07106,0.05169,0.09694,0.03957,0.03082,0.024,0.02682,0.03423,0.161,0.1656,
2.058,0.2052,0.2973,0.07085,0.05181,0.09692,0.03967,0.0309,0.02406,0.02689,0.03432,0.1614,0.166,
2.059,0.1764,0.2963,0.07052,0.0519,0.09712,0.03975,0.03096,0.02411,0.02694,0.03439,0.1617,0.1663,
2.057,0.1776,0.296,0.07043,0.05191,0.09719,0.03821,0.03098,0.02413,0.02696,0.03441,0.1618,0.168,
2.055,0.1766,0.2958,0.07023,0.05197,0.09694,0.03668,0.03102,0.02415,0.02699,0.03445,0.162,0.1697,
2.053,0.177,0.2957,0.07028,0.05049,0.09669,0.03618,0.03104,0.02417,0.02701,0.03447,0.1621,0.1719,
2.053,0.1825,0.2954,0.07031,0.05054,0.09645,0.03622,0.03107,0.02419,0.02704,0.0345,0.1623,0.1721,
2.052,0.1814,0.2968,0.07026,0.05049,0.09637,0.03619,0.03104,0.02417,0.02701,0.03447,0.1629,0.1702,
2.052,0.182,0.2957,0.07028,0.05051,0.09608,0.03619,0.03105,0.02418,0.02702,0.03448,0.163,0.1715,
2.048,0.1841,0.2994,0.07024,0.04896,0.09501,0.03617,0.03103,0.02416,0.027,0.03446,0.1645,0.1691,
2.049,0.1828,0.2975,0.07026,0.04898,0.09469,0.03618,0.03104,0.02417,0.02701,0.03447,0.1646,0.1711,
2.049,0.1876,0.2976,0.07029,0.04899,0.09437,0.03619,0.03105,0.02418,0.02702,0.03448,0.1647,0.1712,
2.047,0.1882,0.2968,0.07029,0.04899,0.09437,0.03495,0.03105,0.02418,0.02702,0.03448,0.1647,0.1732,
2.045,0.1883,0.2975,0.07023,0.04791,0.0943,0.03492,0.03103,0.02416,0.027,0.03445,0.1653,0.1732,
2.044,0.1837,0.299,0.07017,0.04788,0.09425,0.0349,0.03101,0.02415,0.02699,0.03444,0.1661,0.1711,
2.049,0.183,0.2998,0.07012,0.04784,0.09417,0.03488,0.03099,0.02413,0.02696,0.03836,0.1628,0.1699,
2.048,0.1846,0.302,0.07006,0.0478,0.0941,0.03485,0.03096,0.02411,0.02694,0.03833,0.1635,0.1673,
2.046,0.1865,0.302,0.07006,0.0478,0.0941,0.03398,0.03096,0.02411,0.02694,0.03833,0.1635,0.1682,
2.046,0.1863,0.302,0.07006,0.0478,0.0941,0.03398,0.03096,0.02411,0.02694,0.03833,0.1635,0.1682,
2.045,0.1857,0.304,0.07,0.04776,0.09402,0.03395,0.03094,0.02409,0.02692,0.0383,0.1642,0.1659,
2.041,0.1919,0.307,0.06997,0.04772,0.09387,0.03266,0.03089,0.02405,0.02764,0.03747,0.1656,0.1631,
2.038,0.204,0.3068,0.06987,0.04784,0.0939,0.03313,0.03044,0.0369,0.01673,0.03556,0.1656,0.1632,
2.035,0.2053,0.3066,0.06962,0.04799,0.09285,0.0538,0.009733,0.03688,0.01714,0.0457,0.1566,0.1631,
2.038,0.2083,0.3038,0.06963,0.04812,0.0955,0.05401,0.00952,0.03688,0.01714,0.0457,0.1566,0.1631,
2.039,0.2213,0.3034,0.06965,0.04816,0.09517,0.054,0.009934,0.03646,0.01713,0.04569,0.1574,0.1631,
2.041,0.2083,0.3021,0.06932,0.04836,0.09645,0.05401,0.009937,0.03647,0.01818,0.04467,0.1574,0.1631,
2.041,0.2083,0.3015,0.06894,0.04841,0.09633,0.05416,0.009712,0.03643,0.01816,0.04461,0.1588,0.1629,
2.041,0.2095,0.3012,0.06885,0.04866,0.09636,0.05418,0.009716,0.03644,0.01816,0.04463,0.1589,0.163,
2.043,0.2165,0.3011,0.06892,0.04875,0.09606,0.05298,0.009719,0.03645,0.02182,0.04099,0.1589,0.1643,
2.044,0.3219,0.3003,0.06902,0.0488,0.09523,0.0533,0.009286,0.03639,0.02525,0.03744,0.161,0.164,
2.045,0.2484,0.2993,0.06916,0.04895,0.09573,0.05332,0.009289,0.0364,0.02526,0.03746,0.1611,0.164,
2.045,0.2102,0.2993,0.06833,0.04914,0.09583,0.05338,0.009298,0.03644,0.02529,0.03749,0.1612,0.1642,
2.044,0.2108,0.2988,0.06862,0.04923,0.09547,0.05248,0.009291,0.03642,0.02527,0.03747,0.162,0.165,
2.046,0.2251,0.2977,0.06828,0.0494,0.09525,0.05255,0.009997,0.03577,0.026,0.03683,0.163,0.1652,
2.049,0.3234,0.2958,0.06836,0.04961,0.09634,0.0526,0.01042,0.03539,0.02602,0.03686,0.1632,0.1654,
2.049,0.2613,0.2959,0.06794,0.04982,0.09581,0.05268,0.01085,0.03585,0.02522,0.03691,0.1634,0.1656,
2.048,0.202,0.2959,0.06759,0.04996,0.09546,0.05259,0.01084,0.03584,0.02518,0.03688,0.1642,0.1656,
2.048,0.1841,0.2957,0.0674,0.05002,0.09523,0.05265,0.01085,0.03691,0.02487,0.03621,0.1644,0.1658,
2.049,0.1848,0.2947,0.06719,0.04993,0.09517,0.05262,0.01084,0.03688,0.02485,0.03619,0.1659,0.1657,
2.047,0.2102,0.2935,0.0667,0.05005,0.09543,0.05198,0.01036,0.03687,0.02478,0.03612,0.1664,0.1679,
2.049,0.1938,0.2914,0.06644,0.05029,0.09576,0.05216,0.0104,0.037,0.02557,0.03555,0.167,0.1684,
2.05,0.193,0.2906,0.06639,0.05052,0.09586,0.05221,0.01041,0.03704,0.0264,0.03478,0.1671,0.1686,
2.056,0.1907,0.2939,0.06568,0.0506,0.09581,0.05045,0.0104,0.03702,0.02639,0.04189,0.1615,0.1663,
2.056,0.1933,0.2937,0.06583,0.05064,0.09554,0.05091,0.00999,0.03705,0.02641,0.04191,0.1617,0.1664,
2.057,0.2106,0.2932,0.06604,0.05073,0.09557,0.05135,0.009993,0.03664,0.02641,0.04193,0.1617,0.1665,
2.061,0.3078,0.0995,0.06596,0.0507,0.2886,0.05134,0.009992,0.03663,0.02641,0.04192,0.1625,0.1665,
2.061,0.3088,0.09929,0.06582,0.05081,0.2882,0.05075,0.009981,0.03662,0.02679,0.04148,0.1633,0.167,
2.059,0.3102,0.09823,0.06574,0.0509,0.2888,0.0507,0.009973,0.03659,0.02677,0.04145,0.164,0.1668,
2.062,0.3293,0.09739,0.06558,0.05098,0.2897,0.05069,0.03325,0.01326,0.02802,0.04017,0.164,0.1669,
2.06,0.332,0.09532,0.06544,0.0511,0.2917,0.05071,0.03368,0.01284,0.02887,0.03934,0.1641,0.1669,
2.061,0.3317,0.09474,0.06534,0.0513,0.2914,0.05078,0.03373,0.01328,0.02919,0.03869,0.1643,0.1672,
2.061,0.3334,0.09464,0.06527,0.05151,0.2912,0.0508,0.03374,0.01328,0.0292,0.03871,0.1644,0.1672,
2.061,0.3385,0.09452,0.06512,0.05024,0.2898,0.05079,0.03373,0.01328,0.0301,0.03778,0.166,0.1686,
2.062,0.336,0.09541,0.06541,0.05026,0.2893,0.05076,0.03372,0.01328,0.03135,0.0365,0.1667,0.1672,
2.063,0.3382,0.09389,0.06551,0.05028,0.2897,0.0507,0.03367,0.01326,0.03131,0.03807,0.1666,0.167,
2.062,0.3376,0.09385,0.06535,0.05048,0.2897,0.05308,0.03129,0.01326,0.03173,0.03765,0.1666,0.167,
2.059,0.3569,0.09379,0.06539,0.04978,0.2897,0.05198,0.03087,0.01315,0.03173,0.03765,0.1666,0.1694,
2.058,0.3432,0.09366,0.06543,0.04986,0.2897,0.05324,0.02961,0.01315,0.03173,0.03765,0.1666,0.1694,
2.06,0.3339,0.09598,0.06556,0.04982,0.2892,0.05175,0.02956,0.01313,0.03238,0.03809,0.1668,0.1677,
2.07,0.3319,0.09874,0.06552,0.04978,0.2891,0.05173,0.02955,0.01312,0.03313,0.04353,0.1613,0.1645,
2.071,0.3309,0.09827,0.06582,0.04978,0.2889,0.05169,0.02952,0.01311,0.03716,0.03944,0.162,0.1644,
2.07,0.3295,0.09811,0.06567,0.04991,0.2886,0.05164,0.0295,0.0131,0.03755,0.03899,0.1626,0.1643,
2.07,0.3291,0.09807,0.06564,0.04999,0.2886,0.05164,0.02992,0.01268,0.03755,0.03899,0.1626,0.1643,
2.071,0.3278,0.0981,0.06561,0.05005,0.2884,0.05166,0.03042,0.01339,0.03636,0.039,0.1627,0.1643,
2.071,0.3311,0.0976,0.06579,0.05019,0.2882,0.05162,0.03039,0.01338,0.03716,0.03813,0.1634,0.1642,
2.071,0.3308,0.09755,0.06582,0.05028,0.2879,0.05164,0.03082,0.01297,0.0376,0.03772,0.1634,0.1642,
2.071,0.3333,0.09732,0.06596,0.05037,0.2879,0.05164,0.03082,0.01297,0.0384,0.03692,0.1634,0.1642,
2.07,0.3355,0.09574,0.06567,0.05064,0.2882,0.05161,0.0308,0.01296,0.03838,0.0369,0.165,0.1641,
2.068,0.3436,0.09499,0.06513,0.05088,0.2891,0.05001,0.03082,0.01358,0.03863,0.03606,0.165,0.1658,
2.068,0.3411,0.09484,0.06526,0.0509,0.2891,0.05001,0.03082,0.01358,0.04097,0.03371,0.165,0.1658,
2.065,0.3426,0.09705,0.06498,0.05027,0.2888,0.049,0.03131,0.0128,0.04086,0.03358,0.1657,0.1656,
2.062,0.3449,0.09613,0.06486,0.0505,0.2896,0.04777,0.03098,0.0128,0.04086,0.03358,0.1657,0.1672,
2.078,0.3415,0.09837,0.06482,0.05063,0.2905,0.04876,0.02995,0.0128,0.04084,0.04458,0.1554,0.1633,
2.077,0.3423,0.09804,0.06482,0.05068,0.2906,0.04791,0.02996,0.0128,0.04311,0.04234,0.1555,0.1642,
2.077,0.3443,0.09759,0.06473,0.05079,0.2905,0.04789,0.02994,0.01313,0.04429,0.04079,0.1562,0.1641,
2.076,0.346,0.09748,0.0647,0.05013,0.2905,0.04831,0.02953,0.01313,0.04429,0.04079,0.1562,0.1649,
2.073,0.3516,0.09425,0.06469,0.05014,0.2933,0.04827,0.0295,0.01354,0.04383,0.04075,0.1569,0.1648,
2.073,0.3579,0.09357,0.06451,0.05023,0.2934,0.04833,0.02954,0.01356,0.04389,0.04081,0.1571,0.165,
2.072,0.3503,0.09347,0.06435,0.05043,0.2928,0.04711,0.02996,0.01314,0.04459,0.0401,0.1579,0.1662,
2.05,0.3667,0.09347,0.06424,0.05054,0.2928,0.06684,0.01023,0.01314,0.04654,0.03815,0.1579,0.1662,
2.049,0.323,0.09206,0.06413,0.05062,0.2936,0.06681,0.01022,0.01313,0.04652,0.03813,0.1586,0.1662,
2.049,0.301,0.09178,0.06388,0.05066,0.2936,0.06687,0.01023,0.01314,0.04657,0.03817,0.1587,0.1663,
2.048,0.305,0.09169,0.06318,0.05072,0.2936,0.06686,0.01023,0.01314,0.04656,0.03817,0.1595,0.1663,
2.047,0.2994,0.0916,0.0632,0.05079,0.2936,0.06599,0.01023,0.01314,0.0481,0.03663,0.1595,0.1672,
2.048,0.3019,0.09153,0.06321,0.05093,0.2933,0.06643,0.009813,0.01425,0.04701,0.03665,0.1596,0.1673,
2.048,0.2998,0.09367,0.06307,0.05002,0.2929,0.0664,0.009809,0.01424,0.04699,0.03663,0.1603,0.166,
2.046,0.303,0.09318,0.0632,0.0501,0.293,0.06468,0.009812,0.01424,0.04701,0.03664,0.1604,0.1678,
2.046,0.2,0.09286,0.06337,0.05011,0.2926,0.06353,0.009822,0.01482,0.0465,0.03668,0.1605,0.1692,
2.047,0.2011,0.09221,0.06351,0.05033,0.2922,0.06362,0.009836,0.0154,0.046,0.03673,0.1608,0.1694,
2.051,0.2006,0.0942,0.06353,0.05039,0.2918,0.06361,0.009834,0.01757,0.04382,0.03673,0.1615,0.167,
2.05,0.1921,0.09455,0.0639,0.05046,0.2916,0.06234,0.009826,0.01756,0.04379,0.0367,0.1622,0.1671,
2.052,0.1941,0.09659,0.06348,0.05087,0.2908,0.06226,0.009814,0.01753,0.04373,0.03665,0.1636,0.1646,
2.05,0.1954,0.09601,0.06349,0.0509,0.2902,0.06098,0.009804,0.01752,0.04369,0.03662,0.1651,0.1656,
2.047,0.1969,0.09596,0.06359,0.05095,0.291,0.05799,0.0098,0.01751,0.04465,0.03562,0.1659,0.167,
2.048,0.2002,0.09477,0.06374,0.05096,0.2924,0.05798,0.009798,0.01751,0.04548,0.0368,0.1647,0.1659,
2.047,0.2022,0.09389,0.06359,0.05108,0.293,0.05836,0.009984,0.01701,0.04697,0.03536,0.1648,0.1661,
2.048,0.2086,0.09367,0.06359,0.05122,0.2923,0.05844,0.009998,0.01703,0.04798,0.03446,0.165,0.1663,
2.047,0.2054,0.09356,0.0636,0.05136,0.2921,0.05758,0.01,0.01704,0.0487,0.03378,0.1651,0.1672,
2.044,0.2076,0.09337,0.0635,0.05165,0.2921,0.05898,0.008604,0.01704,0.0487,0.03378,0.1651,0.1672,
2.041,0.2127,0.0933,0.0633,0.05191,0.2921,0.05654,0.008604,0.01704,0.04998,0.03249,0.1651,0.1697,
2.044,0.2139,0.09574,0.06331,0.0519,0.2919,0.05649,0.009379,0.0168,0.04938,0.03246,0.1657,0.1669,
2.041,0.2168,0.09453,0.06325,0.05204,0.2928,0.05693,0.008963,0.0168,0.05051,0.03137,0.1658,0.167,
2.04,0.2237,0.09513,0.063,0.05217,0.294,0.05685,0.008952,0.0174,0.05656,0.02599,0.1659,0.1641,
2.04,0.2216,0.09478,0.06324,0.05227,0.294,0.05685,0.008952,0.01801,0.05664,0.0253,0.1659,0.1641,
2.046,0.2239,0.09465,0.06316,0.05231,0.2938,0.05681,0.008944,0.01866,0.05593,0.02819,0.1636,0.1639,
2.054,0.2473,0.09433,0.06324,0.05236,0.2938,0.05683,0.008947,0.04436,0.03026,0.0282,0.1637,0.164,
2.055,0.2468,0.09404,0.06354,0.05241,0.2935,0.05685,0.00895,0.04438,0.03027,0.02821,0.1637,0.1641,
2.055,0.2483,0.09375,0.0636,0.0525,0.2932,0.05691,0.009294,0.04409,0.0312,0.02733,0.1639,0.1642,
2.055,0.2528,0.09311,0.06389,0.05267,0.2929,0.05686,0.009287,0.04405,0.03283,0.02566,0.1646,0.1641,
2.053,0.2529,0.09274,0.06407,0.05269,0.2927,0.05483,0.009442,0.04375,0.0328,0.02564,0.1653,0.1661,
2.054,0.2608,0.09217,0.0646,0.05273,0.2927,0.05483,0.0102,0.04299,0.0328,0.02564,0.1653,0.1661,
2.053,0.2535,0.09188,0.0645,0.05192,0.2928,0.05485,0.0102,0.04342,0.03239,0.02565,0.1653,0.167,
2.054,0.2494,0.09183,0.06446,0.052,0.2928,0.05485,0.01065,0.0434,0.03239,0.02523,0.1653,0.167,
2.053,0.2449,0.09138,0.06447,0.0521,0.2926,0.0549,0.01066,0.04386,0.03306,0.02421,0.1655,0.1672,
2.053,0.2331,0.094,0.06401,0.05224,0.2927,0.05341,0.01065,0.04386,0.03303,0.02419,0.1664,0.1655,
2.053,0.2341,0.09328,0.06414,0.05231,0.2925,0.05348,0.01066,0.04392,0.03426,0.02303,0.1666,0.1658,
2.061,0.2386,0.09426,0.06419,0.05071,0.2925,0.05347,0.01066,0.04425,0.03392,0.0285,0.162,0.1656,
2.062,0.2389,0.09415,0.06392,0.05093,0.2914,0.05352,0.01067,0.04471,0.03491,0.02716,0.1629,0.1657,
2.062,0.2413,0.09354,0.0638,0.0509,0.2915,0.0536,0.01123,0.04501,0.03417,0.0272,0.1631,0.1659,
2.062,0.2396,0.09326,0.06381,0.05101,0.2912,0.05355,0.01123,0.04498,0.03414,0.02717,0.1638,0.1658,
2.063,0.2576,0.09309,0.06404,0.05108,0.2907,0.05359,0.01123,0.04501,0.03515,0.02621,0.1639,0.1659,
2.063,0.2341,0.09251,0.06423,0.05122,0.2905,0.05365,0.01124,0.04561,0.03504,0.02582,0.1641,0.1661,
2.065,0.2486,0.09204,0.06459,0.05144,0.2889,0.0538,0.01127,0.04574,0.03514,0.02589,0.1646,0.1666,
2.056,0.2399,0.092,0.06452,0.05155,0.2889,0.05863,0.006447,0.04608,0.0348,0.02589,0.1646,0.1666,
2.067,0.257,0.09191,0.06458,0.05158,0.2889,0.05863,0.01415,0.03893,0.03425,0.02589,0.1646,0.1666,
2.066,0.2437,0.09148,0.0645,0.05164,0.2888,0.0586,0.01415,0.03891,0.03535,0.02476,0.1653,0.1665,
2.066,0.2397,0.091,0.06441,0.05176,0.2887,0.05857,0.01414,0.03889,0.03534,0.02475,0.1661,0.1664,
2.066,0.2426,0.09068,0.06452,0.0518,0.2884,0.05852,0.01458,0.03875,0.03497,0.02473,0.1668,0.1663,
2.071,0.2435,0.09052,0.06444,0.05187,0.2882,0.05733,0.01548,0.0378,0.03494,0.02779,0.1644,0.1673,
2.071,0.2444,0.09039,0.06437,0.05189,0.288,0.05729,0.01546,0.03853,0.03415,0.02777,0.1651,0.1671,
2.071,0.2502,0.09027,0.06442,0.05194,0.2872,0.05728,0.01546,0.03853,0.03577,0.02614,0.1659,0.1671,
2.068,0.2514,0.08935,0.06443,0.0521,0.288,0.05612,0.01504,0.03853,0.03577,0.02614,0.1659,0.1687,
2.068,0.2525,0.08917,0.06462,0.05216,0.2877,0.05614,0.01505,0.03854,0.03578,0.02615,0.1659,0.1687,
2.064,0.2557,0.08954,0.06462,0.05213,0.2888,0.05367,0.01504,0.03931,0.03603,0.02509,0.1667,0.1691,
2.061,0.2588,0.08887,0.06479,0.05221,0.2892,0.05367,0.01504,0.04902,0.02632,0.02509,0.1667,0.1691,
2.078,0.2777,0.09087,0.06445,0.05252,0.2889,0.05396,0.03581,0.02898,0.02599,0.02837,0.1632,0.1669,
2.076,0.2783,0.09087,0.06435,0.05102,0.2889,0.05396,0.03581,0.0294,0.02599,0.02795,0.1632,0.1685,
2.076,0.2818,0.09068,0.06447,0.05109,0.2889,0.05396,0.03608,0.02913,0.02599,0.02795,0.1632,0.1685,
2.071,0.2805,0.08858,0.06452,0.05105,0.2917,0.05212,0.03602,0.02942,0.02687,0.02665,0.1646,0.1685,
2.069,0.2852,0.08754,0.06467,0.05003,0.2925,0.05212,0.03644,0.029,0.02687,0.02665,0.1646,0.1696,
2.07,0.2885,0.0898,0.0647,0.05007,0.2923,0.05208,0.03641,0.02898,0.02685,0.02663,0.1653,0.1669,
2.077,0.2874,0.09038,0.06427,0.05004,0.2924,0.05203,0.03637,0.02895,0.02682,0.03056,0.1628,0.1654,
2.076,0.2836,0.09031,0.06422,0.05,0.2921,0.05199,0.03634,0.02934,0.02638,0.03054,0.1635,0.1652,
2.077,0.2922,0.09026,0.06413,0.05014,0.2921,0.05199,0.03634,0.02934,0.02638,0.03054,0.1635,0.1652,
2.076,0.2855,0.09009,0.06403,0.05024,0.2919,0.05238,0.03588,0.02965,0.02714,0.0294,0.1642,0.1651,
2.076,0.2852,0.08985,0.06394,0.05023,0.2914,0.05229,0.03582,0.02961,0.02709,0.02935,0.1656,0.1648,
2.073,0.2736,0.08844,0.06385,0.05015,0.2926,0.05125,0.03584,0.02963,0.02709,0.02936,0.1657,0.1661,
2.073,0.2751,0.08804,0.06406,0.05034,0.2926,0.05147,0.03616,0.0291,0.02709,0.02936,0.1657,0.1661,
2.07,0.2744,0.08523,0.06423,0.05041,0.2952,0.05234,0.03528,0.0291,0.02807,0.02839,0.1657,0.1661,
2.068,0.2752,0.08368,0.06439,0.05047,0.2965,0.05234,0.03528,0.0291,0.02883,0.02762,0.1657,0.1661,
2.068,0.2751,0.08368,0.06439,0.05047,0.2965,0.05234,0.03528,0.0291,0.03034,0.02611,0.1657,0.1661,
2.075,0.2748,0.08311,0.06456,0.05039,0.2958,0.05255,0.03486,0.02936,0.03076,0.0298,0.1632,0.1656,
2.076,0.2785,0.08282,0.06461,0.05069,0.2955,0.05256,0.03488,0.02992,0.03022,0.02981,0.1633,0.1657,
2.075,0.284,0.0826,0.06447,0.05074,0.295,0.05248,0.03482,0.02987,0.03086,0.02907,0.1646,0.1654,
2.075,0.2959,0.0824,0.06453,0.05087,0.295,0.05248,0.03482,0.02987,0.03086,0.02907,0.1646,0.1654,
2.076,0.2656,0.08231,0.0645,0.05106,0.2948,0.0525,0.03483,0.03064,0.03012,0.02908,0.1647,0.1655,
2.076,0.2677,0.08215,0.06466,0.05112,0.2946,0.05251,0.03484,0.03065,0.03013,0.02909,0.1647,0.1655,
2.077,0.2703,0.08228,0.06464,0.05136,0.2933,0.05293,0.03416,0.0306,0.03018,0.02914,0.165,0.1664,
2.079,0.2563,0.08349,0.06455,0.05154,0.2918,0.05303,0.03423,0.03099,0.0299,0.0292,0.1662,0.1651,
2.091,0.2577,0.08299,0.06457,0.05169,0.2905,0.05345,0.03475,0.03005,0.0299,0.03629,0.1608,0.1651,
2.089,0.2632,0.08274,0.06475,0.0502,0.29,0.05343,0.03515,0.02962,0.02989,0.03627,0.1615,0.1665,
2.091,0.2575,0.08463,0.06509,0.05019,0.2885,0.05342,0.03556,0.0292,0.02988,0.03627,0.1631,0.1642,
2.091,0.2608,0.08427,0.06527,0.05022,0.2883,0.05337,0.03553,0.02917,0.02986,0.03624,0.1638,0.164,
2.089,0.2583,0.0843,0.06529,0.04867,0.2881,0.05294,0.03512,0.02918,0.02987,0.03625,0.1638,0.1665,
2.089,0.2621,0.08416,0.0654,0.0487,0.2881,0.05294,0.03512,0.02918,0.02987,0.03625,0.1638,0.1665,
2.09,0.2594,0.08424,0.06543,0.04879,0.2873,0.05299,0.03516,0.02963,0.02948,0.03629,0.164,0.1667,
2.096,0.261,0.08636,0.06528,0.04896,0.2861,0.05196,0.03493,0.02962,0.03023,0.03921,0.1635,0.1639,
2.096,0.2664,0.08606,0.06523,0.04891,0.285,0.05237,0.0345,0.02961,0.03022,0.0392,0.1651,0.1638,
2.096,0.2664,0.0858,0.06504,0.04899,0.2846,0.05236,0.0345,0.03038,0.02944,0.0392,0.1659,0.1638,
2.083,0.2588,0.08569,0.06479,0.04933,0.2839,0.07088,0.01659,0.02976,0.02944,0.04166,0.1642,0.1638,
2.084,0.245,0.08559,0.06477,0.04949,0.2829,0.07131,0.01686,0.02908,0.02944,0.04167,0.1651,0.1638,
2.082,0.2459,0.08482,0.06475,0.04955,0.2834,0.07175,0.01645,0.02909,0.02945,0.04168,0.1651,0.1639,
2.081,0.2509,0.08345,0.06455,0.04965,0.2844,0.07183,0.01647,0.02912,0.02948,0.04173,0.1653,0.164,
2.079,0.2484,0.08327,0.06473,0.04858,0.2844,0.07252,0.01577,0.02912,0.02948,0.04173,0.1653,0.1651,
2.077,0.2531,0.08419,0.06461,0.0487,0.2856,0.07148,0.01555,0.02944,0.02913,0.04171,0.1661,0.1636,
2.078,0.2501,0.08399,0.06431,0.04891,0.2848,0.07163,0.01558,0.0295,0.02919,0.04179,0.1664,0.1639,
2.086,0.2447,0.08384,0.06409,0.0489,0.2844,0.07162,0.01603,0.02905,0.02994,0.04658,0.1617,0.1639,
2.086,0.2465,0.08379,0.06388,0.04908,0.2837,0.07208,0.01603,0.02999,0.02874,0.04665,0.1619,0.1641,
2.086,0.2485,0.08371,0.06384,0.04921,0.2837,0.07156,0.01603,0.02999,0.02874,0.04665,0.1619,0.1646,
2.086,0.2519,0.08343,0.06404,0.04928,0.2837,0.07156,0.01603,0.02999,0.02874,0.04665,0.1619,0.1646,
2.086,0.2564,0.08312,0.06394,0.04941,0.2838,0.07158,0.01603,0.03042,0.02931,0.04568,0.162,0.1647,
2.084,0.2599,0.08303,0.06388,0.04957,0.2838,0.07131,0.03201,0.01429,0.0292,0.04568,0.162,0.1652,
2.084,0.261,0.08285,0.06372,0.04959,0.2834,0.0712,0.03238,0.01441,0.02934,0.04487,0.1633,0.165,
2.082,0.2606,0.08148,0.06387,0.04955,0.2842,0.07114,0.03296,0.01379,0.02932,0.04483,0.164,0.1648,
2.082,0.2624,0.08122,0.06387,0.04965,0.284,0.07108,0.03294,0.01377,0.02971,0.04437,0.1647,0.1647,
2.079,0.2695,0.07865,0.06385,0.04977,0.2865,0.07108,0.03294,0.01377,0.03013,0.04396,0.1647,0.1647,
2.079,0.264,0.07856,0.0638,0.04991,0.2865,0.07144,0.03258,0.01377,0.03013,0.04396,0.1647,0.1647,
2.077,0.265,0.07728,0.06383,0.05,0.2875,0.07216,0.03234,0.01333,0.03133,0.04279,0.1647,0.1647,
2.077,0.2653,0.07706,0.06393,0.04996,0.2872,0.0721,0.03231,0.01332,0.0313,0.04275,0.1654,0.1646,
2.077,0.2643,0.07701,0.06396,0.04945,0.2872,0.0721,0.03231,0.01332,0.0313,0.04275,0.1654,0.1651,
2.081,0.2626,0.07688,0.06384,0.04961,0.2867,0.07207,0.0323,0.01332,0.03128,0.04622,0.1627,0.1651,
2.082,0.2678,0.07691,0.06384,0.04971,0.2863,0.07212,0.03265,0.01299,0.03242,0.04514,0.1628,0.1652,
2.081,0.2691,0.07668,0.06379,0.04983,0.286,0.07275,0.03193,0.01298,0.03239,0.0451,0.1635,0.165,
2.08,0.2793,0.07658,0.06348,0.04995,0.2854,0.07188,0.03265,0.01227,0.0324,0.04511,0.1643,0.166,
2.081,0.2819,0.07616,0.06347,0.04993,0.2855,0.07193,0.03267,0.01289,0.03695,0.04001,0.1644,0.1661,
2.082,0.2779,0.07596,0.06329,0.05014,0.2845,0.07186,0.03311,0.01296,0.03733,0.03899,0.1659,0.1659,
2.085,0.2765,0.0759,0.06322,0.05024,0.2838,0.07185,0.03311,0.0133,0.03699,0.04059,0.1651,0.1659,
2.085,0.2752,0.07595,0.06326,0.05027,0.2833,0.07103,0.03313,0.0133,0.03702,0.04062,0.1653,0.1669,
2.092,0.277,0.07786,0.06316,0.05022,0.2829,0.07006,0.03308,0.01328,0.03738,0.04502,0.1626,0.1644,
2.093,0.2585,0.0777,0.06351,0.05029,0.2819,0.07016,0.03313,0.0133,0.03785,0.04466,0.1628,0.1647,
2.092,0.2601,0.07662,0.06371,0.05037,0.2825,0.07018,0.03314,0.01331,0.03787,0.04468,0.1629,0.1647,
2.092,0.266,0.07617,0.06398,0.0504,0.2823,0.07055,0.03269,0.0133,0.03888,0.0436,0.1636,0.1646,
2.092,0.2602,0.07619,0.06381,0.0506,0.2811,0.06983,0.03275,0.01332,0.03896,0.04369,0.1639,0.1658,
2.098,0.2685,0.0759,0.06382,0.05063,0.2812,0.06982,0.03277,0.02013,0.0339,0.04198,0.164,0.1659,
2.098,0.2689,0.07571,0.06382,0.05082,0.2812,0.06982,0.03277,0.02013,0.0339,0.04198,0.164,0.1659,
2.098,0.2828,0.07554,0.06368,0.05098,0.281,0.06976,0.03274,0.02011,0.03492,0.0409,0.1647,0.1657,
2.098,0.2615,0.0753,0.06377,0.05112,0.281,0.07026,0.03224,0.02011,0.03492,0.0409,0.1647,0.1657,
2.097,0.2604,0.0753,0.06368,0.05121,0.281,0.07068,0.03182,0.02011,0.03492,0.0409,0.1647,0.1657,
2.095,0.2609,0.07322,0.0637,0.05139,0.2825,0.07073,0.03184,0.02013,0.03494,0.04093,0.1648,0.1659,
2.091,0.2648,0.07126,0.0637,0.05142,0.2848,0.0698,0.03209,0.01984,0.03491,0.04089,0.1655,0.1659,
2.09,0.2594,0.07009,0.06377,0.05141,0.2857,0.06977,0.0321,0.02027,0.03597,0.03944,0.1655,0.1659,
2.091,0.2613,0.07188,0.06389,0.05138,0.2855,0.06884,0.03207,0.02025,0.03594,0.03941,0.1662,0.1646,
2.088,0.2534,0.0712,0.06384,0.05164,0.286,0.06675,0.0319,0.02025,0.03594,0.03941,0.1662,0.1669,
2.088,0.2546,0.07114,0.06386,0.05175,0.2857,0.06715,0.0318,0.01999,0.03595,0.03942,0.1663,0.167,
2.088,0.2501,0.07114,0.06375,0.05186,0.2857,0.06715,0.0318,0.01999,0.03595,0.03942,0.1663,0.167,
2.088,0.2647,0.07093,0.06365,0.05194,0.2856,0.06762,0.03184,0.01956,0.03598,0.03945,0.1664,0.1671,
2.104,0.256,0.07186,0.06359,0.05191,0.2851,0.06751,0.03179,0.01953,0.03592,0.05203,0.1551,0.1657,
2.105,0.2549,0.07188,0.06338,0.05191,0.2849,0.06753,0.03182,0.01954,0.03881,0.04921,0.1552,0.1658,
2.106,0.2572,0.07108,0.06354,0.05218,0.2844,0.06677,0.03187,0.02028,0.03818,0.04929,0.1555,0.167,
2.107,0.2644,0.07108,0.06346,0.05252,0.2834,0.06687,0.03192,0.0203,0.03823,0.04936,0.1557,0.1672,
2.108,0.26,0.07105,0.06326,0.05267,0.2827,0.06696,0.03196,0.02033,0.03999,0.04772,0.1559,0.1674,
2.109,0.2794,0.07092,0.06339,0.05274,0.2825,0.06698,0.03197,0.02034,0.04429,0.04345,0.1559,0.1675,
2.107,0.2653,0.07043,0.06316,0.05279,0.2835,0.06801,0.0309,0.02109,0.04352,0.04344,0.1567,0.1665,
2.103,0.2727,0.06608,0.06339,0.05287,0.2868,0.06801,0.0309,0.0222,0.0434,0.04243,0.1574,0.1665,
2.104,0.2784,0.06588,0.06354,0.053,0.2856,0.06805,0.03092,0.02222,0.0442,0.04168,0.1583,0.1666,
2.101,0.2789,0.06565,0.06366,0.05139,0.2854,0.06799,0.03089,0.0222,0.04493,0.04088,0.159,0.1681,
2.103,0.3065,0.0669,0.06361,0.05142,0.2851,0.06794,0.03087,0.02274,0.04434,0.04085,0.1596,0.1666,
2.101,0.278,0.06672,0.06366,0.05155,0.2851,0.06761,0.03032,0.02274,0.0475,0.03768,0.1596,0.1674,
2.076,0.2624,0.06669,0.06368,0.05155,0.2851,0.08629,0.01165,0.02274,0.0475,0.03768,0.1596,0.1674,
2.078,0.2572,0.06864,0.06348,0.05166,0.2854,0.08622,0.01164,0.02272,0.04746,0.03765,0.1603,0.1648,
2.075,0.2519,0.06843,0.06335,0.05156,0.2847,0.08556,0.01119,0.02267,0.04888,0.03603,0.1623,0.1653,
2.071,0.2626,0.06463,0.06331,0.05167,0.2882,0.0856,0.01117,0.02366,0.04786,0.03602,0.1625,0.1654,
2.07,0.2613,0.06444,0.06314,0.05182,0.2883,0.08562,0.01115,0.02364,0.04885,0.03505,0.1625,0.1655,
2.069,0.2592,0.06429,0.06287,0.05181,0.2876,0.08541,0.01112,0.02358,0.04873,0.03496,0.1646,0.1651,
2.069,0.2673,0.06609,0.0629,0.05052,0.2875,0.08535,0.0111,0.02353,0.04974,0.03388,0.1653,0.1641,
2.071,0.2645,0.06599,0.06286,0.04962,0.2872,0.08528,0.01109,0.02351,0.0497,0.03572,0.1641,0.1649,
2.07,0.2612,0.06583,0.0628,0.04954,0.2868,0.08514,0.01107,0.02389,0.05181,0.03305,0.1655,0.1646,
2.069,0.2646,0.06574,0.06281,0.04962,0.2868,0.08393,0.01107,0.02431,0.05139,0.03305,0.1655,0.1658,
2.069,0.2679,0.06574,0.06257,0.04986,0.2868,0.08393,0.01107,0.02431,0.05139,0.03305,0.1655,0.1658,
2.069,0.2708,0.06553,0.0627,0.04994,0.2868,0.08393,0.01107,0.02431,0.05139,0.03305,0.1655,0.1658,
2.069,0.2555,0.06546,0.06227,0.05008,0.2866,0.08401,0.01134,0.02407,0.05144,0.03308,0.1657,0.166,
2.069,0.2611,0.06534,0.06228,0.05019,0.2866,0.08314,0.01134,0.02407,0.05186,0.03267,0.1657,0.1669,
2.078,0.2593,0.06768,0.06247,0.05024,0.2862,0.08313,0.01134,0.02486,0.05105,0.03646,0.1627,0.1639,
2.078,0.268,0.06743,0.06242,0.05025,0.2857,0.083,0.01169,0.02446,0.05097,0.0364,0.164,0.1636,
2.077,0.215,0.06568,0.0623,0.05044,0.2872,0.08303,0.02306,0.01387,0.05118,0.03544,0.1641,0.1637,
2.078,0.2182,0.06545,0.06212,0.05076,0.2866,0.08314,0.02351,0.01417,0.05056,0.03549,0.1643,0.1639,
2.085,0.2169,0.06525,0.06209,0.04913,0.2861,0.08322,0.02326,0.01492,0.05011,0.04071,0.16,0.1652,
2.085,0.2272,0.06519,0.06228,0.04918,0.2854,0.08309,0.02323,0.0152,0.05131,0.03909,0.1602,0.1659,
2.084,0.2249,0.06512,0.06211,0.04943,0.2854,0.08309,0.02509,0.01334,0.05228,0.03812,0.1602,0.1659,
2.083,0.2259,0.06486,0.06226,0.0495,0.285,0.08193,0.02511,0.01335,0.05476,0.0357,0.1603,0.1672,
2.08,0.2301,0.06458,0.06252,0.04952,0.285,0.08402,0.02344,0.01327,0.05484,0.03529,0.1603,0.1672,
2.079,0.2319,0.06439,0.06267,0.04962,0.2848,0.08431,0.02318,0.01327,0.05723,0.03293,0.1603,0.1673,
2.079,0.231,0.06434,0.06256,0.04977,0.2848,0.08431,0.02363,0.01352,0.0573,0.03216,0.1603,0.1673,
2.08,0.2356,0.06432,0.06258,0.04977,0.2848,0.08431,0.02363,0.01411,0.05672,0.03216,0.1603,0.1673,
2.081,0.2464,0.06427,0.06251,0.04998,0.2843,0.08437,0.02364,0.01412,0.05676,0.03219,0.1604,0.1674,
2.079,0.2233,0.06423,0.06256,0.04832,0.2843,0.08437,0.02364,0.01468,0.0562,0.03219,0.1604,0.1691,
2.095,0.2439,0.06833,0.06281,0.0485,0.2836,0.08436,0.02364,0.04447,0.0264,0.03218,0.1612,0.1645,
2.093,0.2414,0.06746,0.06297,0.04862,0.2838,0.08421,0.02402,0.04471,0.02564,0.0321,0.1613,0.1651,
2.093,0.2304,0.06741,0.06303,0.04862,0.2838,0.08421,0.02402,0.04471,0.02564,0.0321,0.1613,0.1651,
2.095,0.2307,0.06738,0.06332,0.04872,0.2823,0.08438,0.02407,0.0448,0.02628,0.03158,0.1617,0.1655,
2.095,0.2324,0.067,0.0633,0.04882,0.2817,0.0844,0.02408,0.04595,0.02515,0.03159,0.1625,0.1655,
2.094,0.232,0.06893,0.06309,0.04899,0.2838,0.08308,0.02406,0.046,0.02471,0.03157,0.1632,0.1626,
2.093,0.2358,0.06867,0.06274,0.04932,0.2839,0.08224,0.02406,0.04643,0.0243,0.03158,0.1633,0.1635,
2.092,0.242,0.06846,0.06231,0.04952,0.2837,0.0822,0.02405,0.04641,0.02429,0.03156,0.164,0.1635,
2.092,0.2408,0.06817,0.06239,0.04965,0.2833,0.08216,0.02404,0.04686,0.02381,0.03155,0.1647,0.1634,
2.093,0.2426,0.06819,0.06237,0.04971,0.2828,0.08135,0.02462,0.04633,0.02939,0.026,0.1649,0.1644,
2.093,0.2445,0.06762,0.06259,0.0499,0.2824,0.08143,0.02464,0.04638,0.02943,0.02603,0.165,0.1645,
2.092,0.2452,0.06668,0.06232,0.05006,0.2827,0.08152,0.02468,0.04644,0.02947,0.02606,0.1653,0.1648,
2.091,0.2438,0.06649,0.06225,0.05018,0.2825,0.08045,0.02444,0.04641,0.02944,0.02604,0.166,0.1658,
2.091,0.2453,0.06649,0.0623,0.05025,0.282,0.08106,0.0239,0.04644,0.02988,0.02564,0.1661,0.166,
2.09,0.2483,0.06568,0.06236,0.05033,0.2825,0.08109,0.02391,0.04645,0.02989,0.02565,0.1661,0.166,
2.09,0.2486,0.0656,0.06241,0.05036,0.2825,0.08138,0.02361,0.04645,0.02989,0.02565,0.1661,0.166,
2.09,0.2537,0.06556,0.0625,0.05044,0.282,0.08214,0.02327,0.04615,0.03117,0.02441,0.1662,0.1661,
2.089,0.2614,0.06533,0.06229,0.05065,0.2818,0.08062,0.0237,0.04576,0.03162,0.024,0.1664,0.1678,
2.084,0.2605,0.06281,0.06235,0.05073,0.284,0.08065,0.02371,0.04578,0.03468,0.02096,0.1664,0.1679,
2.108,0.2548,0.06751,0.06221,0.05068,0.2833,0.07895,0.02413,0.0452,0.03586,0.03107,0.157,0.1641,
2.108,0.2549,0.06751,0.0622,0.05076,0.2831,0.07898,0.02414,0.04521,0.03852,0.02843,0.157,0.1641,
2.108,0.2536,0.06743,0.0622,0.05091,0.2829,0.07901,0.02414,0.04523,0.03853,0.02844,0.1571,0.1642,
2.102,0.2721,0.06723,0.06216,0.05106,0.2824,0.07939,0.05178,0.01714,0.03851,0.02843,0.1578,0.1641,
2.101,0.2736,0.06693,0.06217,0.05107,0.2819,0.07926,0.0517,0.01711,0.03887,0.02797,0.1591,0.1638,
2.101,0.2959,0.06689,0.0622,0.05107,0.2819,0.07962,0.05134,0.01745,0.03944,0.02706,0.1591,0.1638,
2.096,0.2818,0.06331,0.06233,0.05116,0.2853,0.07962,0.05134,0.01745,0.03944,0.02706,0.1591,0.1638,
2.093,0.2532,0.0619,0.06213,0.05127,0.2864,0.07799,0.0513,0.01743,0.03941,0.02704,0.1598,0.1653,
2.09,0.2464,0.06113,0.06222,0.05142,0.2862,0.07566,0.05179,0.01704,0.04012,0.02642,0.16,0.1679,
2.092,0.2418,0.06261,0.0624,0.05141,0.2858,0.07565,0.05179,0.01746,0.04086,0.02526,0.1608,0.1659,
2.093,0.255,0.06241,0.0626,0.05147,0.2856,0.07568,0.05181,0.0182,0.04056,0.02485,0.1609,0.166,
2.092,0.2309,0.06233,0.0626,0.05155,0.2856,0.07568,0.05181,0.01862,0.04164,0.02335,0.1609,0.166,
2.092,0.23,0.06212,0.06266,0.05174,0.2854,0.0757,0.05182,0.01862,0.04165,0.02335,0.1609,0.166,
2.09,0.2273,0.06201,0.0627,0.05076,0.2854,0.07465,0.05182,0.01862,0.04165,0.02335,0.1609,0.1681,
2.091,0.2326,0.06338,0.06272,0.05072,0.2851,0.07486,0.05151,0.01861,0.04232,0.02264,0.1616,0.1665,
2.091,0.2443,0.06323,0.06275,0.05076,0.2847,0.07483,0.05205,0.01804,0.0423,0.02263,0.1623,0.1664,
2.089,0.2425,0.06201,0.06266,0.05076,0.2854,0.07517,0.05184,0.01806,0.04234,0.02265,0.1625,0.1666,
2.089,0.2319,0.06174,0.06286,0.05083,0.2854,0.07517,0.05184,0.01806,0.04234,0.02265,0.1625,0.1666,
2.087,0.2356,0.06111,0.06286,0.0509,0.286,0.07483,0.05114,0.01806,0.04276,0.02223,0.1625,0.1676,
2.092,0.2497,0.0611,0.06276,0.05105,0.2857,0.07485,0.05149,0.03474,0.02577,0.02224,0.1626,0.1677,
2.092,0.2447,0.06108,0.06269,0.0512,0.2855,0.0753,0.05109,0.03476,0.02675,0.02127,0.1626,0.1678,
2.092,0.2422,0.06097,0.06254,0.05151,0.2852,0.07532,0.05111,0.03477,0.02676,0.02128,0.1627,0.1678,
2.091,0.2583,0.05987,0.06301,0.05153,0.2857,0.07535,0.05154,0.03478,0.02677,0.02086,0.1627,0.1679,
2.092,0.2517,0.05991,0.06308,0.05169,0.2845,0.0759,0.05163,0.0352,0.02603,0.0209,0.163,0.1682,
2.093,0.246,0.05993,0.06291,0.05206,0.2835,0.07601,0.05171,0.03525,0.02607,0.02093,0.1632,0.1684,
2.093,0.2441,0.05995,0.06282,0.05219,0.2833,0.07603,0.05172,0.03526,0.02608,0.02094,0.1633,0.1685,
2.058,0.2012,0.0598,0.06289,0.05225,0.2833,0.1102,0.01754,0.03602,0.02532,0.02094,0.1633,0.1685,
2.058,0.2037,0.05979,0.06287,0.05235,0.283,0.1103,0.01755,0.03603,0.02533,0.02094,0.1634,0.1685,
2.06,0.2058,0.06193,0.06295,0.05236,0.2832,0.1102,0.01753,0.036,0.02629,0.01994,0.164,0.1656,
2.059,0.2053,0.06195,0.0628,0.05255,0.283,0.1083,0.01754,0.03602,0.0263,0.01995,0.1641,0.1676,
2.06,0.2117,0.06383,0.06264,0.0526,0.2826,0.1058,0.01754,0.03601,0.02728,0.01897,0.1649,0.1679,
2.06,0.2172,0.06369,0.06282,0.05262,0.2823,0.1058,0.01754,0.03602,0.02729,0.01897,0.165,0.1679,
2.06,0.2154,0.06368,0.06273,0.05278,0.2821,0.1059,0.01755,0.03604,0.0273,0.01898,0.165,0.168,
2.06,0.2072,0.06448,0.06255,0.05277,0.2816,0.1044,0.01752,0.03598,0.02725,0.01895,0.1664,0.1681,
2.06,0.2085,0.06439,0.06249,0.05292,0.2816,0.1044,0.01752,0.03598,0.02725,0.01895,0.1664,0.1681,
2.059,0.211,0.06406,0.06275,0.05299,0.2816,0.1032,0.01752,0.03598,0.0285,0.0177,0.1664,0.1693,
2.058,0.2151,0.06485,0.0627,0.05314,0.2823,0.1008,0.01751,0.03595,0.02848,0.01768,0.1671,0.1695,
2.056,0.2278,0.06464,0.06283,0.05324,0.2823,0.09834,0.01709,0.03637,0.02806,0.01768,0.1671,0.1723,
2.057,0.214,0.06368,0.06295,0.05343,0.2837,0.09867,0.01665,0.03634,0.02804,0.01931,0.1662,0.1711,
2.058,0.2163,0.06356,0.06303,0.05365,0.283,0.09878,0.01667,0.03637,0.02807,0.01933,0.1663,0.1712,
2.058,0.2162,0.06344,0.06299,0.05382,0.283,0.0979,0.01667,0.03637,0.02807,0.01933,0.1663,0.1721,
2.056,0.2169,0.06344,0.06273,0.05408,0.283,0.09578,0.01694,0.03611,0.02849,0.01891,0.1663,0.1742,
2.056,0.2248,0.06325,0.06289,0.05411,0.283,0.09578,0.01694,0.03653,0.02901,0.01797,0.1663,0.1742,
2.054,0.2112,0.06288,0.0629,0.05419,0.2831,0.09335,0.01694,0.03687,0.02868,0.01797,0.1664,0.1768,
2.064,0.211,0.065,0.06308,0.05414,0.2828,0.09412,0.01609,0.03684,0.02866,0.02226,0.1628,0.1742,
2.046,0.2059,0.06484,0.06321,0.05417,0.2828,0.1012,0.007778,0.03684,0.02866,0.02226,0.1628,0.1755,
2.048,0.2122,0.06752,0.06311,0.05423,0.2826,0.1011,0.007772,0.03681,0.02975,0.02113,0.1635,0.1726,
2.046,0.2042,0.06705,0.06294,0.05442,0.283,0.09982,0.007772,0.03715,0.02984,0.02071,0.1635,0.1738,
2.044,0.208,0.06691,0.06308,0.05339,0.283,0.1002,0.007352,0.03715,0.03026,0.02029,0.1635,0.1748,
2.047,0.2114,0.07002,0.06278,0.05359,0.2828,0.1002,0.007346,0.03745,0.0299,0.02027,0.1641,0.1715,
2.045,0.2292,0.0712,0.0627,0.05253,0.2826,0.09868,0.00734,0.03742,0.02987,0.02026,0.1648,0.1726,
2.046,0.2298,0.0743,0.06266,0.0525,0.2829,0.09617,0.007328,0.03736,0.02982,0.02022,0.1662,0.1705,
2.044,0.2215,0.07342,0.06254,0.05266,0.2836,0.09493,0.008374,0.03633,0.03388,0.01618,0.1663,0.1719,
2.049,0.2176,0.07556,0.06232,0.05284,0.2833,0.09433,0.008367,0.0363,0.03385,0.01796,0.1652,0.17,
2.044,0.221,0.07186,0.06224,0.05305,0.2869,0.09276,0.008367,0.0363,0.03385,0.01796,0.1652,0.1716,
2.041,0.2242,0.07066,0.06242,0.05315,0.2878,0.09165,0.008367,0.0363,0.03455,0.01726,0.1652,0.1727,
2.04,0.228,0.06999,0.06234,0.05328,0.2884,0.09054,0.008367,0.0363,0.03455,0.01726,0.1652,0.1738,
2.038,0.2243,0.0694,0.06223,0.05252,0.289,0.09054,0.008367,0.0363,0.03455,0.01726,0.1652,0.1746,
2.037,0.2283,0.06934,0.06222,0.05259,0.289,0.09075,0.008571,0.03588,0.03552,0.01628,0.1652,0.1746,
2.037,0.2285,0.06934,0.06213,0.05268,0.289,0.09075,0.008571,0.03588,0.03552,0.01628,0.1652,0.1746,
2.036,0.2802,0.06925,0.06223,0.05268,0.289,0.08964,0.008571,0.03588,0.03599,0.01581,0.1652,0.1758,
2.036,0.2408,0.06925,0.0621,0.05281,0.289,0.08964,0.008571,0.03588,0.03599,0.01581,0.1652,0.1758,
2.037,0.2206,0.071,0.0619,0.05301,0.2885,0.08803,0.008566,0.0362,0.03564,0.0158,0.1659,0.1754,
2.053,0.2234,0.07701,0.06176,0.05298,0.288,0.08567,0.01541,0.0293,0.03559,0.01846,0.1647,0.1712,
2.053,0.224,0.07623,0.0617,0.05314,0.2885,0.0857,0.01541,0.02931,0.0356,0.01847,0.1647,0.1712,
2.051,0.1832,0.07626,0.06165,0.05198,0.288,0.08576,0.01542,0.02933,0.03604,0.01806,0.1648,0.1726,
2.053,0.1858,0.0773,0.06176,0.05207,0.2868,0.0858,0.01543,0.02934,0.03606,0.01807,0.1657,0.1716,
2.054,0.1835,0.07742,0.0618,0.05238,0.2851,0.08374,0.01547,0.02941,0.03615,0.01811,0.1661,0.1743,
2.063,0.1845,0.07918,0.06126,0.05251,0.2844,0.08367,0.01546,0.02939,0.03612,0.02181,0.1639,0.1723,
2.062,0.1899,0.0789,0.06117,0.0526,0.2845,0.08369,0.01546,0.0294,0.03613,0.02181,0.164,0.1723,
2.061,0.1917,0.07877,0.06117,0.05273,0.2845,0.08263,0.01504,0.0294,0.03613,0.02181,0.164,0.1738,
2.059,0.1939,0.07887,0.06121,0.05264,0.2873,0.08249,0.01502,0.02935,0.03607,0.02178,0.1654,0.1699,
2.068,0.193,0.08225,0.0611,0.0526,0.2866,0.08229,0.01498,0.02928,0.03649,0.02466,0.164,0.1658,
2.068,0.1961,0.08209,0.06115,0.05272,0.2866,0.08229,0.01498,0.02928,0.03649,0.02466,0.164,0.1658,
2.067,0.1975,0.08202,0.06119,0.05274,0.2866,0.08229,0.01498,0.02928,0.03719,0.02397,0.164,0.1658,
2.067,0.1971,0.08127,0.06099,0.05282,0.2864,0.08221,0.01497,0.02925,0.03715,0.02394,0.1655,0.1656,
2.081,0.1981,0.0798,0.06094,0.05285,0.2871,0.0822,0.01496,0.02924,0.03833,0.03214,0.1569,0.1656,
2.08,0.1964,0.07955,0.06115,0.05288,0.2871,0.08065,0.01496,0.02924,0.0392,0.03127,0.1569,0.1671,
2.079,0.1972,0.07906,0.06119,0.05294,0.2873,0.07981,0.01497,0.02959,0.03929,0.03087,0.1569,0.168,
2.079,0.1991,0.07895,0.06121,0.05302,0.2873,0.07889,0.01524,0.0301,0.03851,0.03087,0.1569,0.169,
2.08,0.2,0.08199,0.0613,0.05319,0.2873,0.07718,0.01523,0.0301,0.03851,0.03087,0.1577,0.1666,
2.076,0.2159,0.08065,0.06126,0.05337,0.2885,0.07718,0.03288,0.01245,0.03938,0.03,0.1577,0.1666,
2.075,0.2184,0.08006,0.06069,0.0539,0.2889,0.07585,0.0329,0.01301,0.04014,0.02871,0.1578,0.1681,
2.073,0.2166,0.08006,0.06059,0.054,0.2889,0.07378,0.03229,0.01334,0.0398,0.02871,0.1578,0.1707,
2.076,0.2188,0.08333,0.06072,0.05408,0.288,0.07372,0.03226,0.01366,0.03943,0.02868,0.1592,0.1669,
2.075,0.2198,0.08401,0.06056,0.05415,0.2878,0.07269,0.03284,0.01305,0.0394,0.02866,0.1599,0.167,
2.073,0.2416,0.08386,0.06061,0.05425,0.2878,0.071,0.03284,0.01305,0.04072,0.02734,0.1599,0.1687,
2.071,0.2101,0.08375,0.06068,0.05415,0.2878,0.06946,0.03273,0.01305,0.04072,0.02734,0.1599,0.1705,
2.073,0.2101,0.08528,0.06061,0.05414,0.2875,0.0694,0.03271,0.01346,0.04027,0.02732,0.1605,0.1687,
2.071,0.2134,0.08494,0.06081,0.05429,0.2875,0.06682,0.03271,0.01346,0.04027,0.02732,0.1605,0.1713,
2.07,0.215,0.08689,0.06067,0.05447,0.287,0.06543,0.03236,0.01345,0.04025,0.02731,0.1613,0.1708,
2.07,0.2333,0.08689,0.06054,0.0546,0.287,0.06543,0.03236,0.01345,0.04025,0.02731,0.1613,0.1708,
2.07,0.2181,0.08679,0.05989,0.05481,0.2872,0.06547,0.03238,0.01346,0.04028,0.02733,0.1614,0.171,
2.071,0.2233,0.08633,0.05982,0.05505,0.2873,0.06549,0.03239,0.01513,0.03863,0.02734,0.1614,0.171,
2.07,0.2267,0.08622,0.05971,0.0551,0.2886,0.06648,0.03143,0.01513,0.03864,0.02734,0.1623,0.1691,
2.072,0.2481,0.08691,0.06006,0.05521,0.2871,0.06654,0.03146,0.01514,0.03868,0.02737,0.1632,0.1682,
2.071,0.2119,0.08671,0.06022,0.05525,0.2871,0.06567,0.03146,0.01514,0.03868,0.02737,0.1632,0.1691,
2.072,0.2138,0.08785,0.06018,0.05529,0.2876,0.06562,0.03143,0.01513,0.03864,0.02735,0.1639,0.167,
2.071,0.2119,0.0878,0.06024,0.05447,0.2871,0.06566,0.03187,0.01473,0.03867,0.02736,0.164,0.168,
2.071,0.2297,0.08954,0.06025,0.05454,0.2869,0.06474,0.03185,0.01471,0.03906,0.02693,0.1647,0.1668,
2.07,0.2229,0.08836,0.06025,0.05462,0.288,0.06474,0.03185,0.01471,0.03906,0.02693,0.1647,0.1668,
2.073,0.2277,0.08787,0.06044,0.05464,0.2881,0.06477,0.03186,0.03506,0.01873,0.02694,0.1648,0.1668,
2.092,0.2228,0.08903,0.06044,0.05482,0.2872,0.06547,0.03159,0.03465,0.01874,0.03803,0.1546,0.1655,
2.092,0.2238,0.09044,0.06059,0.05489,0.2869,0.0643,0.03199,0.03409,0.01872,0.038,0.1552,0.1648,
2.06,0.2291,0.08874,0.06044,0.05499,0.2883,0.08625,0.009957,0.03406,0.01871,0.03797,0.1559,0.1647,
2.06,0.2053,0.0882,0.06037,0.055,0.288,0.08615,0.009945,0.03402,0.01868,0.03792,0.1572,0.1645,
2.06,0.1899,0.08857,0.06044,0.05505,0.2878,0.08488,0.009941,0.03401,0.01868,0.03791,0.158,0.1648,
2.058,0.1879,0.08803,0.06051,0.05505,0.2883,0.08326,0.01025,0.03359,0.01868,0.03791,0.158,0.1665,
2.057,0.1948,0.08788,0.06063,0.05508,0.2883,0.08055,0.01025,0.03359,0.02047,0.03612,0.158,0.1692,
2.057,0.1926,0.08895,0.06049,0.05512,0.2875,0.07818,0.01026,0.03361,0.02048,0.03614,0.1588,0.1705,
2.056,0.2012,0.08937,0.06053,0.05515,0.2873,0.07701,0.009984,0.03358,0.02088,0.03569,0.1595,0.1711,
2.056,0.2053,0.08926,0.06056,0.05509,0.2869,0.07706,0.009995,0.03362,0.0209,0.03573,0.1597,0.1712,
2.055,0.2071,0.08924,0.06032,0.05511,0.287,0.07569,0.009998,0.03363,0.02091,0.03574,0.1597,0.1727,
2.053,0.2003,0.09047,0.06016,0.05499,0.2868,0.07298,0.01012,0.03404,0.02062,0.03531,0.1605,0.174,
2.051,0.1999,0.09045,0.06008,0.0551,0.2868,0.07147,0.01012,0.03442,0.02024,0.03531,0.1605,0.1755,
2.052,0.1993,0.09168,0.06009,0.05514,0.2866,0.07142,0.01012,0.03439,0.02064,0.03487,0.1611,0.1739,
2.054,0.2043,0.09318,0.06007,0.0551,0.2864,0.07136,0.01011,0.03436,0.02156,0.03391,0.1618,0.1722,
2.054,0.2046,0.09289,0.0603,0.05516,0.2864,0.07169,0.01055,0.03359,0.02156,0.03391,0.1618,0.1722,
2.051,0.2075,0.08983,0.06036,0.05529,0.2886,0.07179,0.01056,0.03438,0.02084,0.03395,0.162,0.1724,
2.051,0.2147,0.08893,0.0602,0.05547,0.2886,0.07179,0.01056,0.03494,0.0219,0.03235,0.162,0.1733,
2.05,0.2172,0.08855,0.06014,0.05565,0.2887,0.07181,0.01057,0.03605,0.0208,0.03236,0.1621,0.1733,
2.053,0.2188,0.09428,0.05994,0.05573,0.2882,0.07017,0.01055,0.03599,0.02146,0.03161,0.1634,0.1686,
2.053,0.2183,0.09529,0.05997,0.05478,0.2878,0.07016,0.01055,0.03598,0.0225,0.03057,0.1642,0.1681,
