entropy,entropyInd,RabA,RabB,RabC,RabD,RabE,RabF,RabG,RabH,RabI,xER,xPM,
0.6396,0.3355,0.003954,0.003383,0.002555,0.004669,0.002033,0.001469,0.001142,0.001271,0.001306,0.1956,0.7826,
0.6395,0.3359,0.003954,0.003384,0.002555,0.004654,0.002033,0.001469,0.001142,0.001271,0.001306,0.1956,0.7826,
0.6404,0.335,0.00395,0.00338,0.002552,0.004634,0.002031,0.001467,0.001141,0.001269,0.001305,0.1964,0.7818,
0.6418,0.3306,0.00395,0.00338,0.002552,0.004634,0.002031,0.001467,0.001141,0.001269,0.001595,0.1961,0.7818,
0.6418,0.3306,0.00395,0.00338,0.002552,0.004634,0.002031,0.001467,0.001141,0.001269,0.001595,0.1961,0.7818,
0.6452,0.3197,0.004005,0.00338,0.002552,0.004634,0.002006,0.001467,0.001141,0.001269,0.002314,0.1954,0.7818,
0.6452,0.3197,0.004005,0.00338,0.002552,0.004634,0.002006,0.001467,0.001141,0.001269,0.002314,0.1954,0.7818,
0.6462,0.3199,0.004001,0.003377,0.00255,0.004613,0.002004,0.001466,0.00114,0.001268,0.002312,0.1962,0.781,
0.6462,0.3199,0.004001,0.003377,0.00255,0.004613,0.002004,0.001466,0.00114,0.001268,0.002312,0.1962,0.781,
0.6462,0.3282,0.004001,0.003377,0.00255,0.004613,0.002004,0.001466,0.00114,0.001268,0.002312,0.1962,0.781,
0.6462,0.3282,0.004001,0.003377,0.00255,0.004613,0.002004,0.001466,0.00114,0.001268,0.002312,0.1962,0.781,
0.6462,0.3282,0.004001,0.003377,0.00255,0.004613,0.002004,0.001466,0.00114,0.001268,0.002312,0.1962,0.781,
0.6468,0.3258,0.003927,0.003377,0.00255,0.004613,0.002004,0.001466,0.00114,0.001268,0.00255,0.196,0.7811,
0.6469,0.3262,0.003902,0.003376,0.002549,0.004612,0.002004,0.001466,0.001139,0.001268,0.002549,0.1962,0.7809,
0.6469,0.3225,0.003902,0.003376,0.002549,0.004612,0.002004,0.001466,0.001139,0.001268,0.002549,0.1962,0.7809,
0.6487,0.3158,0.004061,0.003376,0.002525,0.004612,0.002004,0.001466,0.001139,0.001268,0.002795,0.1959,0.7808,
0.651,0.3101,0.004058,0.003374,0.002523,0.004609,0.002002,0.001465,0.001139,0.001267,0.003189,0.1961,0.7803,
0.6506,0.3096,0.004058,0.003374,0.002523,0.004609,0.001957,0.001453,0.001139,0.001267,0.003189,0.1961,0.7804,
0.652,0.305,0.004088,0.003374,0.002449,0.004609,0.001957,0.001453,0.001139,0.001267,0.003606,0.1957,0.7804,
0.6524,0.3047,0.004086,0.003372,0.002448,0.004607,0.001956,0.001453,0.001138,0.001266,0.003604,0.196,0.7801,
0.6542,0.2955,0.004148,0.003372,0.002448,0.004607,0.001956,0.001453,0.001138,0.001266,0.003955,0.1956,0.78,
0.6553,0.2936,0.004146,0.003371,0.002447,0.004605,0.001955,0.001452,0.001138,0.001266,0.004115,0.1959,0.7796,
0.6553,0.2936,0.004146,0.003371,0.002447,0.004605,0.001955,0.001452,0.001138,0.001266,0.004115,0.1959,0.7796,
0.6552,0.2988,0.004146,0.003368,0.002446,0.004592,0.001955,0.001452,0.001137,0.001266,0.004115,0.1959,0.7796,
0.6577,0.2924,0.004144,0.003367,0.002421,0.004589,0.001954,0.001451,0.001137,0.001265,0.004671,0.1958,0.7792,
0.6593,0.2873,0.004144,0.003367,0.002421,0.004589,0.001903,0.001451,0.001137,0.001265,0.005175,0.1953,0.7793,
0.6612,0.2803,0.004245,0.003367,0.002421,0.004574,0.001902,0.001451,0.001137,0.001265,0.005571,0.1949,0.7792,
0.661,0.2839,0.004245,0.003366,0.00242,0.004545,0.001902,0.001451,0.001136,0.001265,0.005571,0.1949,0.7792,
0.662,0.2807,0.004241,0.003362,0.002393,0.004541,0.0019,0.001449,0.001135,0.001263,0.005626,0.1956,0.7785,
0.662,0.2807,0.004241,0.003362,0.002393,0.004541,0.0019,0.001449,0.001135,0.001263,0.005626,0.1956,0.7785,
0.6633,0.2768,0.004241,0.003362,0.002393,0.004541,0.0019,0.001449,0.001135,0.001263,0.005992,0.1952,0.7785,
0.6636,0.282,0.004236,0.00336,0.002402,0.004541,0.00193,0.00142,0.001172,0.001445,0.005774,0.1952,0.7785,
0.6637,0.2847,0.004236,0.003352,0.00241,0.004541,0.00193,0.001464,0.001314,0.001307,0.005725,0.1952,0.7785,
0.6637,0.2852,0.004215,0.003369,0.002412,0.004541,0.00193,0.001483,0.001295,0.001307,0.005725,0.1952,0.7785,
0.6631,0.304,0.004176,0.003371,0.002412,0.004563,0.00193,0.002209,6.075E-4,0.001268,0.005725,0.1952,0.7785,
0.6643,0.3064,0.004169,0.003363,0.002423,0.00456,0.001929,0.002208,6.072E-4,0.001342,0.005795,0.1955,0.7781,
0.6647,0.3095,0.00416,0.003364,0.002431,0.00456,0.001946,0.002212,5.863E-4,0.001424,0.005819,0.1954,0.7781,
0.6674,0.3071,0.004153,0.003367,0.002435,0.00456,0.001946,0.002212,5.863E-4,0.001612,0.006314,0.1947,0.7781,
0.6676,0.3142,0.004142,0.003371,0.002442,0.00456,0.001946,0.002237,5.775E-4,0.001817,0.006093,0.1947,0.7781,
0.6677,0.319,0.004055,0.003385,0.002446,0.004628,0.001965,0.002217,5.775E-4,0.001859,0.006051,0.1947,0.7781,
0.6688,0.3162,0.004052,0.003386,0.002448,0.004628,0.001965,0.002217,5.775E-4,0.001878,0.006351,0.1944,0.7781,
0.6699,0.3174,0.003995,0.003376,0.002452,0.004675,0.001963,0.002215,5.768E-4,0.001876,0.006344,0.1953,0.7772,
0.6699,0.3198,0.003988,0.003374,0.002461,0.004675,0.001979,0.002199,5.768E-4,0.001876,0.006344,0.1953,0.7772,
0.6699,0.3225,0.003975,0.003381,0.002466,0.004675,0.001989,0.002189,5.925E-4,0.001861,0.006344,0.1953,0.7772,
0.6713,0.3252,0.003788,0.00339,0.002469,0.004851,0.001989,0.002189,5.925E-4,0.001906,0.00669,0.1949,0.7772,
0.6715,0.3339,0.003782,0.00339,0.002475,0.004851,0.001999,0.002179,6.12E-4,0.002044,0.006533,0.1949,0.7772,
0.6722,0.275,0.003775,0.003386,0.002482,0.004849,0.001998,0.002178,6.118E-4,0.002235,0.006386,0.1952,0.7769,
0.6721,0.2686,0.003763,0.003395,0.002486,0.004849,0.001998,0.002178,6.118E-4,0.002255,0.006326,0.1952,0.7769,
0.6727,0.2732,0.003752,0.003401,0.00249,0.004849,0.001998,0.002178,6.404E-4,0.002397,0.006258,0.1951,0.7769,
0.6727,0.2749,0.003746,0.0034,0.002498,0.004849,0.00202,0.002157,6.404E-4,0.002397,0.006258,0.1951,0.7769,
0.6728,0.2772,0.003742,0.0034,0.002501,0.004849,0.002019,0.002157,6.403E-4,0.002397,0.006257,0.1952,0.7768,
0.6728,0.276,0.003734,0.003401,0.002507,0.004849,0.002019,0.002157,6.403E-4,0.002397,0.006257,0.1952,0.7768,
0.6743,0.2726,0.003733,0.003402,0.002507,0.004849,0.002029,0.002147,6.599E-4,0.002377,0.00668,0.1948,0.7768,
0.6744,0.2767,0.003729,0.003401,0.002513,0.004849,0.002029,0.002147,6.599E-4,0.002539,0.006518,0.1948,0.7768,
0.6745,0.284,0.003667,0.003407,0.002519,0.004898,0.002029,0.002147,6.599E-4,0.002595,0.006462,0.1948,0.7768,
0.675,0.2824,0.003662,0.003406,0.002522,0.004896,0.002028,0.002146,6.901E-4,0.002665,0.006357,0.1951,0.7765,
0.6768,0.2792,0.003607,0.003406,0.002521,0.004945,0.002028,0.002145,6.898E-4,0.002664,0.006759,0.195,0.7762,
0.6768,0.2801,0.003607,0.003398,0.002529,0.004945,0.002028,0.002145,6.898E-4,0.002664,0.006759,0.195,0.7762,
0.6757,0.294,0.003601,0.003399,0.002535,0.004945,0.003515,6.569E-4,6.898E-4,0.0027,0.006723,0.195,0.7762,
0.6758,0.2905,0.003601,0.003394,0.002539,0.004945,0.003491,6.881E-4,6.586E-4,0.002918,0.006506,0.195,0.7762,
0.6758,0.2652,0.003589,0.003401,0.002545,0.004945,0.003491,6.881E-4,6.586E-4,0.002966,0.006457,0.195,0.7762,
0.6765,0.2659,0.003583,0.003402,0.002548,0.004944,0.003507,6.714E-4,6.585E-4,0.003019,0.006561,0.195,0.7761,
0.6778,0.2711,0.00357,0.003403,0.00256,0.004944,0.003507,6.838E-4,6.72E-4,0.00322,0.006633,0.1947,0.7761,
0.6787,0.2761,0.003553,0.003399,0.002581,0.004944,0.003507,6.838E-4,6.72E-4,0.003415,0.006688,0.1944,0.7761,
0.6788,0.2826,0.00354,0.003403,0.002589,0.004944,0.003537,6.543E-4,6.72E-4,0.003613,0.006489,0.1944,0.7761,
0.6813,0.2843,0.003525,0.003404,0.002594,0.004939,0.003533,6.537E-4,6.714E-4,0.0037,0.006824,0.1948,0.7753,
0.6813,0.2703,0.003516,0.003411,0.002597,0.004939,0.003509,6.537E-4,7.104E-4,0.003909,0.006577,0.1948,0.7754,
0.6813,0.2798,0.003506,0.003415,0.002603,0.004939,0.003509,6.537E-4,7.104E-4,0.003909,0.006577,0.1948,0.7754,
0.6819,0.2727,0.003579,0.003413,0.002604,0.004939,0.003509,6.537E-4,7.104E-4,0.003909,0.006618,0.1948,0.7753,
0.683,0.277,0.003575,0.003416,0.002606,0.004939,0.003519,6.686E-4,6.854E-4,0.004234,0.00658,0.1945,0.7753,
0.6835,0.3181,0.003574,0.003409,0.00261,0.004938,0.003518,6.684E-4,7.215E-4,0.004487,0.006287,0.1947,0.775,
0.6836,0.2969,0.003563,0.003415,0.002615,0.004938,0.003518,6.684E-4,7.371E-4,0.004577,0.006182,0.1947,0.775,
0.6835,0.2719,0.003554,0.00342,0.00262,0.004905,0.003501,7.027E-4,6.935E-4,0.004635,0.006185,0.1947,0.7751,
0.6825,0.2752,0.003512,0.003415,0.002476,0.004947,0.003501,7.027E-4,6.935E-4,0.004673,0.006102,0.1948,0.7752,
0.6825,0.2758,0.003505,0.003415,0.002483,0.004947,0.003501,7.027E-4,6.935E-4,0.004673,0.006102,0.1948,0.7752,
0.6839,0.2702,0.003642,0.003424,0.002489,0.004947,0.003501,7.318E-4,6.644E-4,0.004673,0.006272,0.1946,0.775,
0.6838,0.2719,0.003605,0.003425,0.002441,0.004981,0.0035,7.317E-4,6.643E-4,0.004713,0.00623,0.1947,0.775,
0.6838,0.2864,0.00357,0.003429,0.002444,0.005009,0.0035,7.317E-4,6.643E-4,0.004926,0.006017,0.1947,0.775,
0.6836,0.2845,0.003566,0.003428,0.002449,0.005009,0.003485,7.278E-4,7.007E-4,0.005151,0.005704,0.1948,0.775,
0.6841,0.2877,0.003608,0.003439,0.002451,0.005009,0.003485,7.522E-4,6.763E-4,0.005293,0.005606,0.1947,0.775,
0.6841,0.2909,0.00359,0.00345,0.002457,0.005009,0.003485,7.522E-4,6.763E-4,0.005332,0.005567,0.1947,0.775,
0.6841,0.2936,0.003582,0.003457,0.002459,0.005009,0.003485,7.522E-4,6.763E-4,0.005436,0.005463,0.1947,0.775,
0.6841,0.2895,0.003568,0.003469,0.002461,0.005009,0.003485,7.646E-4,6.638E-4,0.005455,0.005444,0.1947,0.775,
0.6841,0.2855,0.003552,0.003482,0.002464,0.005009,0.003485,7.646E-4,6.638E-4,0.00564,0.005259,0.1947,0.775,
0.6841,0.2903,0.00354,0.003487,0.00247,0.005009,0.003485,7.646E-4,6.638E-4,0.005859,0.00504,0.1947,0.775,
0.6841,0.2952,0.003531,0.003494,0.002473,0.005009,0.003485,7.841E-4,6.729E-4,0.005895,0.004975,0.1947,0.775,
0.6838,0.2988,0.003485,0.003496,0.002413,0.005046,0.003485,7.841E-4,7.21E-4,0.005949,0.004873,0.1947,0.775,
0.6838,0.304,0.003479,0.003496,0.002418,0.005046,0.003485,7.841E-4,7.21E-4,0.00616,0.004663,0.1947,0.775,
0.6855,0.307,0.003515,0.003504,0.002422,0.005044,0.003503,7.644E-4,7.776E-4,0.006309,0.004763,0.1947,0.7747,
0.6857,0.3227,0.003496,0.003506,0.002423,0.005061,0.003528,7.395E-4,8.7E-4,0.006216,0.004763,0.1947,0.7747,
0.6875,0.2932,0.003692,0.003514,0.002425,0.005061,0.003528,7.395E-4,9.284E-4,0.006232,0.004858,0.1945,0.7745,
0.6888,0.303,0.003656,0.003524,0.002426,0.005034,0.003547,7.192E-4,9.642E-4,0.006349,0.005039,0.1944,0.7743,
0.6888,0.2993,0.00365,0.00353,0.002427,0.005034,0.003567,6.997E-4,9.836E-4,0.006411,0.004958,0.1944,0.7743,
0.6892,0.294,0.003633,0.003527,0.002432,0.005027,0.003861,4.233E-4,9.636E-4,0.006505,0.005041,0.1945,0.7741,
0.6919,0.3009,0.003628,0.003525,0.002439,0.005027,0.003861,4.233E-4,9.792E-4,0.006597,0.005687,0.1938,0.7741,
0.6924,0.2827,0.003624,0.003521,0.002438,0.004979,0.003857,4.229E-4,9.781E-4,0.006631,0.005644,0.1944,0.7735,
0.6924,0.2956,0.003598,0.003518,0.002443,0.005003,0.003857,4.683E-4,9.522E-4,0.006612,0.005644,0.1944,0.7735,
0.6924,0.2914,0.003591,0.003524,0.002444,0.005003,0.003857,4.683E-4,9.717E-4,0.006687,0.005549,0.1944,0.7735,
0.6924,0.2891,0.003583,0.003527,0.002448,0.004992,0.003867,4.582E-4,9.91E-4,0.006668,0.005546,0.1944,0.7735,
0.6922,0.2908,0.003582,0.003527,0.002448,0.004962,0.003892,4.333E-4,0.00101,0.006767,0.005427,0.1944,0.7735,
0.692,0.302,0.003575,0.003525,0.002456,0.004948,0.003868,6.332E-4,8.295E-4,0.006886,0.005249,0.1944,0.7736,
0.6916,0.3058,0.003533,0.003521,0.002461,0.004989,0.003813,6.786E-4,8.36E-4,0.006906,0.005139,0.1945,0.7737,
0.6924,0.3068,0.003532,0.003522,0.002462,0.004989,0.003833,6.592E-4,8.71E-4,0.006988,0.005253,0.1942,0.7737,
0.6935,0.3091,0.003521,0.003524,0.00247,0.004976,0.003832,6.591E-4,8.71E-4,0.006988,0.005572,0.1939,0.7737,
0.6936,0.3007,0.003513,0.003532,0.00247,0.004976,0.003832,6.786E-4,9.096E-4,0.00705,0.005452,0.1939,0.7737,
0.6955,0.2994,0.003508,0.003527,0.002471,0.004972,0.00385,6.76E-4,8.894E-4,0.007075,0.005732,0.1943,0.773,
0.6952,0.3008,0.003499,0.003533,0.002475,0.004972,0.003796,6.76E-4,9.252E-4,0.007095,0.005664,0.1943,0.7731,
0.6952,0.3043,0.003497,0.003531,0.00248,0.004972,0.003796,6.76E-4,9.407E-4,0.0073,0.005444,0.1943,0.7731,
0.6964,0.3031,0.003478,0.003525,0.002488,0.004972,0.003815,6.566E-4,0.001016,0.007225,0.00578,0.1939,0.7731,
0.6976,0.3024,0.003475,0.003521,0.002495,0.004972,0.003831,6.41E-4,0.001085,0.007191,0.006062,0.1936,0.7731,
0.6972,0.3061,0.003466,0.003523,0.002503,0.004972,0.00374,6.41E-4,0.001135,0.007199,0.006004,0.1936,0.7732,
0.697,0.3179,0.003459,0.003525,0.002507,0.004972,0.0037,6.41E-4,0.001155,0.007238,0.005945,0.1936,0.7733,
0.6968,0.3102,0.003454,0.003524,0.002513,0.004972,0.0037,6.41E-4,0.001155,0.007284,0.005831,0.1937,0.7733,
0.6986,0.3143,0.003535,0.003529,0.002515,0.004972,0.003726,6.501E-4,0.001158,0.007246,0.006221,0.1933,0.7732,
0.7008,0.3025,0.003571,0.003516,0.00249,0.004967,0.003722,6.495E-4,0.001187,0.007245,0.006508,0.1937,0.7724,
0.7008,0.3085,0.003571,0.003515,0.002491,0.004967,0.003722,7.108E-4,0.001142,0.007388,0.006348,0.1937,0.7724,
0.7039,0.3845,0.003566,0.003513,0.002498,0.004967,0.003722,7.108E-4,0.005496,0.003204,0.006402,0.1935,0.7724,
0.7038,0.3889,0.003561,0.003503,0.002513,0.004967,0.003698,7.108E-4,0.005496,0.003204,0.006402,0.1935,0.7724,
0.7034,0.3921,0.003553,0.003507,0.002518,0.004967,0.003609,7.53E-4,0.005484,0.003173,0.006402,0.1935,0.7725,
0.7053,0.3918,0.003763,0.003505,0.002519,0.004965,0.003607,7.526E-4,0.005732,0.00292,0.006512,0.1939,0.7719,
0.706,0.3412,0.003763,0.003492,0.002531,0.004965,0.003607,7.526E-4,0.005732,0.002975,0.006658,0.1936,0.7719,
0.7063,0.3425,0.003745,0.003486,0.002535,0.004963,0.003616,7.703E-4,0.005722,0.002987,0.006624,0.1939,0.7716,
0.7066,0.3538,0.003719,0.00351,0.002537,0.004963,0.003616,7.703E-4,0.005722,0.003039,0.006664,0.1938,0.7716,
0.7072,0.352,0.003719,0.003506,0.002541,0.004963,0.003616,7.703E-4,0.0058,0.003252,0.006505,0.1937,0.7716,
0.7072,0.3526,0.003713,0.00351,0.002544,0.004963,0.003635,7.509E-4,0.0058,0.003252,0.006505,0.1937,0.7716,
0.7072,0.3588,0.00371,0.003511,0.002547,0.004963,0.003635,7.703E-4,0.005855,0.003246,0.006436,0.1937,0.7716,
0.7092,0.3544,0.003702,0.003509,0.002551,0.004961,0.003634,7.7E-4,0.005872,0.003379,0.006697,0.1936,0.7713,
0.7091,0.3536,0.003689,0.003519,0.002554,0.004961,0.003634,8.144E-4,0.005843,0.003364,0.00666,0.1937,0.7713,
0.7093,0.3572,0.003689,0.003514,0.002558,0.004945,0.003633,8.453E-4,0.005811,0.003441,0.006582,0.1938,0.7712,
0.7094,0.3584,0.003661,0.00352,0.002558,0.004966,0.003633,8.763E-4,0.005799,0.003422,0.006582,0.1938,0.7712,
0.7099,0.3581,0.003643,0.003522,0.002559,0.004966,0.003633,8.919E-4,0.005784,0.00348,0.006693,0.1936,0.7712,
0.7094,0.3638,0.003628,0.003529,0.002567,0.004966,0.003682,8.024E-4,0.005798,0.003438,0.006688,0.1936,0.7713,
0.7091,0.3582,0.003571,0.003529,0.002569,0.005005,0.003828,6.566E-4,0.005798,0.003558,0.006569,0.1936,0.7713,
0.7093,0.3599,0.003571,0.003523,0.002574,0.005005,0.003828,6.915E-4,0.005789,0.00362,0.006481,0.1936,0.7713,
0.7093,0.3624,0.003567,0.003517,0.002585,0.005005,0.003848,6.969E-4,0.005764,0.00364,0.006462,0.1936,0.7713,
0.7094,0.3693,0.003562,0.003519,0.002586,0.004991,0.003848,7.124E-4,0.005749,0.003859,0.006242,0.1936,0.7713,
0.7113,0.3587,0.003558,0.003518,0.002586,0.004974,0.003861,7.353E-4,0.005706,0.003905,0.006589,0.1937,0.7709,
0.7112,0.3331,0.00355,0.00352,0.002592,0.004974,0.003897,7.766E-4,0.005647,0.003886,0.006549,0.1937,0.7709,
0.712,0.3326,0.003541,0.003524,0.002596,0.00493,0.003897,7.959E-4,0.005651,0.003898,0.006787,0.1935,0.7709,
0.7113,0.3657,0.003537,0.003523,0.0026,0.004916,0.003846,7.711E-4,0.005671,0.004116,0.006482,0.1935,0.771,
0.7102,0.3897,0.003513,0.003543,0.002604,0.004916,0.003846,7.711E-4,0.007372,0.002415,0.006482,0.1935,0.771,
0.7102,0.376,0.003508,0.003544,0.002606,0.004915,0.003806,7.84E-4,0.007352,0.002609,0.006278,0.1937,0.7709,
0.7116,0.3751,0.003588,0.003539,0.002612,0.004915,0.003806,8.034E-4,0.007348,0.0027,0.006418,0.1934,0.7708,
0.7144,0.4224,0.003585,0.003535,0.002618,0.004915,0.003806,0.003323,0.004829,0.002735,0.006346,0.1935,0.7708,
0.7144,0.4253,0.003583,0.00353,0.002625,0.004915,0.003806,0.003323,0.004893,0.002703,0.006314,0.1935,0.7708,
0.714,0.4357,0.003569,0.003524,0.00263,0.004927,0.003707,0.003312,0.004899,0.002789,0.006198,0.1936,0.7708,
0.7142,0.439,0.00356,0.003525,0.002638,0.004927,0.003741,0.003324,0.00489,0.003021,0.005929,0.1936,0.7708,
0.7143,0.4356,0.003552,0.003531,0.002639,0.004927,0.003741,0.003413,0.004801,0.003063,0.005887,0.1936,0.7708,
0.7143,0.435,0.00355,0.00353,0.002643,0.004927,0.003793,0.003416,0.004785,0.003056,0.005854,0.1936,0.7708,
0.7183,0.4269,0.003666,0.003523,0.002644,0.004911,0.00379,0.003427,0.00477,0.003111,0.006599,0.1933,0.7702,
0.7182,0.4293,0.003661,0.003517,0.002643,0.004905,0.00379,0.003466,0.004763,0.003196,0.006418,0.1935,0.7701,
0.7182,0.4265,0.003658,0.003518,0.002644,0.004905,0.00379,0.003485,0.004743,0.003196,0.006418,0.1935,0.7701,
0.7188,0.4531,0.003763,0.003515,0.002649,0.004905,0.005745,0.001564,0.004728,0.003501,0.006403,0.1932,0.77,
0.72,0.4031,0.00375,0.003519,0.002659,0.004905,0.005673,0.001624,0.004668,0.003578,0.006765,0.1928,0.7701,
0.7199,0.3506,0.003749,0.003519,0.002661,0.004905,0.005673,0.001682,0.00461,0.003578,0.006708,0.1928,0.7701,
0.722,0.333,0.003746,0.003504,0.00267,0.004901,0.005668,0.001719,0.004587,0.003761,0.006861,0.1932,0.7694,
0.7226,0.3386,0.003744,0.003502,0.002673,0.004901,0.005668,0.001743,0.004563,0.003857,0.0069,0.193,0.7694,
0.7226,0.3391,0.003744,0.003498,0.002677,0.004901,0.005668,0.001743,0.004563,0.003927,0.006829,0.193,0.7694,
0.7234,0.3371,0.003737,0.003497,0.002686,0.004901,0.005668,0.001743,0.004608,0.004015,0.006913,0.1928,0.7694,
0.7234,0.3408,0.003732,0.003495,0.002692,0.004901,0.005668,0.001758,0.004621,0.003986,0.006913,0.1928,0.7694,
0.7239,0.3428,0.003725,0.003498,0.002691,0.004899,0.005684,0.001738,0.004638,0.004051,0.006823,0.1932,0.769,
0.7241,0.3592,0.003718,0.003505,0.002692,0.004899,0.005707,0.001715,0.004638,0.004457,0.006418,0.1932,0.769,
0.7248,0.3479,0.003717,0.003505,0.002693,0.004899,0.005723,0.001743,0.004594,0.004571,0.006493,0.193,0.769,
0.7248,0.35,0.003715,0.003493,0.002707,0.004899,0.005738,0.001747,0.004574,0.004571,0.006493,0.193,0.769,
0.7241,0.3483,0.003624,0.003491,0.00271,0.004988,0.005699,0.001709,0.004583,0.004543,0.006453,0.1931,0.7691,
0.7242,0.3534,0.003601,0.00351,0.002714,0.004988,0.005699,0.001741,0.004552,0.004679,0.006317,0.1931,0.7691,
0.7241,0.3556,0.003596,0.003508,0.002719,0.004987,0.005698,0.001741,0.00459,0.004639,0.006253,0.1933,0.769,
0.7242,0.357,0.003596,0.003506,0.002722,0.004987,0.005698,0.001802,0.004548,0.00462,0.006253,0.1933,0.769,
0.7239,0.3575,0.003584,0.003516,0.002724,0.004987,0.005654,0.00184,0.00453,0.004608,0.006234,0.1932,0.7691,
0.7239,0.3684,0.003569,0.003531,0.002725,0.004987,0.005685,0.001873,0.004497,0.004615,0.006196,0.1932,0.7691,
0.7239,0.3604,0.003562,0.003537,0.002725,0.004987,0.005685,0.001911,0.004491,0.004602,0.006177,0.1932,0.7691,
0.7237,0.3602,0.003557,0.003538,0.00273,0.004987,0.005695,0.001921,0.004472,0.00477,0.005929,0.1933,0.7691,
0.7244,0.364,0.003614,0.003541,0.002733,0.005014,0.00572,0.001916,0.004453,0.00479,0.006004,0.1931,0.7691,
0.7261,0.3625,0.003728,0.003538,0.002738,0.005014,0.005736,0.001985,0.004383,0.004774,0.006301,0.1928,0.769,
0.7257,0.3619,0.003721,0.003535,0.002739,0.005008,0.005701,0.001966,0.0044,0.00488,0.006159,0.1928,0.7691,
0.7271,0.362,0.003862,0.003537,0.002744,0.005008,0.005716,0.001951,0.0044,0.004946,0.006276,0.1927,0.7689,
0.7276,0.3632,0.003848,0.003541,0.002747,0.005005,0.005713,0.001949,0.004398,0.004943,0.006272,0.1931,0.7685,
0.7276,0.3814,0.003799,0.003542,0.002758,0.005042,0.005738,0.001924,0.004398,0.004943,0.006272,0.1931,0.7685,
0.7279,0.3893,0.003752,0.003544,0.002764,0.005065,0.005769,0.001913,0.004411,0.004911,0.006386,0.193,0.7685,
0.7291,0.3729,0.003741,0.003546,0.00277,0.005063,0.005787,0.001893,0.004409,0.00491,0.006642,0.193,0.7682,
0.7291,0.363,0.003741,0.003545,0.002771,0.005063,0.005845,0.001834,0.004428,0.005096,0.006436,0.193,0.7682,
0.7286,0.3611,0.003741,0.003544,0.002772,0.005063,0.00581,0.001796,0.004428,0.005227,0.006265,0.1931,0.7683,
0.7292,0.364,0.003737,0.003545,0.002775,0.005063,0.00581,0.001796,0.004454,0.005327,0.006303,0.1929,0.7683,
0.7292,0.3676,0.00373,0.003548,0.002777,0.005062,0.00581,0.001861,0.004446,0.005402,0.006121,0.1931,0.7682,
0.7294,0.366,0.003685,0.003553,0.002781,0.005099,0.005826,0.00207,0.004221,0.005443,0.00608,0.1931,0.7682,
0.7293,0.3731,0.003682,0.003552,0.002785,0.005085,0.005826,0.00207,0.004237,0.005581,0.005926,0.193,0.7682,
0.7286,0.373,0.00362,0.003554,0.002721,0.005127,0.005856,0.002082,0.004214,0.005562,0.005869,0.1931,0.7683,
0.7302,0.3615,0.003619,0.003551,0.002725,0.005127,0.005856,0.002121,0.004175,0.005821,0.006049,0.1927,0.7683,
0.7302,0.3667,0.003612,0.003553,0.00273,0.005127,0.005887,0.002111,0.004188,0.005929,0.005908,0.1927,0.7683,
0.7306,0.3675,0.003517,0.003554,0.002731,0.005219,0.005912,0.002105,0.004169,0.006169,0.005812,0.1925,0.7683,
0.7301,0.3763,0.003416,0.003553,0.002737,0.005309,0.005906,0.002035,0.004225,0.006263,0.005523,0.193,0.768,
0.7296,0.3762,0.003412,0.003549,0.002744,0.005296,0.005937,0.002004,0.004224,0.006263,0.005394,0.1932,0.768,
0.7293,0.381,0.003373,0.003552,0.002754,0.005325,0.005963,0.001998,0.004225,0.006392,0.005248,0.193,0.7682,
0.7304,0.3898,0.003461,0.003558,0.002756,0.005309,0.005963,0.002024,0.004246,0.006404,0.005365,0.1928,0.7681,
0.7311,0.3661,0.00346,0.003552,0.00276,0.005308,0.005962,0.002023,0.00427,0.006455,0.00539,0.1929,0.7679,
0.731,0.3729,0.003457,0.003556,0.00276,0.005308,0.006008,0.002004,0.004244,0.006565,0.00528,0.1929,0.7679,
0.7309,0.3718,0.003452,0.003557,0.002764,0.005308,0.006054,0.001957,0.004244,0.006774,0.005071,0.1929,0.7679,
0.7307,0.3723,0.003452,0.003556,0.002765,0.005308,0.006029,0.001986,0.0042,0.006774,0.005071,0.1929,0.7679,
0.7317,0.3722,0.003407,0.003555,0.002769,0.00539,0.006029,0.002009,0.004213,0.006827,0.005181,0.1927,0.7679,
0.7316,0.3798,0.003402,0.00355,0.002776,0.005389,0.006012,0.001996,0.004208,0.006949,0.005042,0.1929,0.7678,
0.7316,0.366,0.003401,0.003547,0.002781,0.005389,0.006062,0.002021,0.004134,0.006949,0.005042,0.1929,0.7678,
0.7316,0.3868,0.0034,0.003541,0.002788,0.005389,0.006062,0.002021,0.00416,0.006923,0.005042,0.1929,0.7678,
0.7333,0.381,0.003548,0.003536,0.002792,0.005389,0.006077,0.002025,0.004141,0.007069,0.00517,0.1926,0.7676,
0.7335,0.3725,0.003537,0.003545,0.002794,0.005389,0.006077,0.002025,0.004156,0.007054,0.00522,0.1926,0.7676,
0.7331,0.3616,0.003537,0.003543,0.002796,0.005389,0.006074,0.002005,0.00415,0.007047,0.005171,0.1926,0.7677,
0.7331,0.3579,0.003537,0.003538,0.002802,0.005389,0.006105,0.001974,0.00415,0.007135,0.005083,0.1926,0.7677,
0.733,0.3647,0.003527,0.003537,0.002805,0.005381,0.006105,0.002012,0.00414,0.007126,0.005064,0.1926,0.7677,
0.7331,0.3821,0.003516,0.003539,0.002811,0.005379,0.006015,0.003164,0.003013,0.007101,0.005035,0.1928,0.7676,
0.7348,0.374,0.003544,0.003552,0.002812,0.005378,0.005969,0.003164,0.003012,0.007226,0.005329,0.1926,0.7674,
0.7347,0.4016,0.003529,0.003566,0.002813,0.005378,0.006007,0.003126,0.003012,0.007615,0.004941,0.1926,0.7674,
0.7346,0.3933,0.003528,0.003559,0.002818,0.005377,0.006005,0.004014,0.002123,0.007632,0.004921,0.1928,0.7673,
0.736,0.3911,0.003686,0.003573,0.002818,0.005377,0.006006,0.004083,0.002073,0.007668,0.005024,0.1926,0.7671,
0.7357,0.3899,0.003681,0.003576,0.00282,0.005377,0.005944,0.004106,0.00207,0.007732,0.00494,0.1926,0.7671,
0.7378,0.3843,0.003678,0.003579,0.00282,0.005377,0.005963,0.004086,0.00207,0.007809,0.00545,0.192,0.7671,
0.7373,0.3848,0.003675,0.003574,0.002824,0.005365,0.005991,0.004129,0.001999,0.007996,0.005199,0.1921,0.7672,
0.7374,0.3893,0.00357,0.003578,0.002785,0.005435,0.006067,0.004053,0.002044,0.007951,0.005309,0.192,0.7672,
0.7373,0.3932,0.003566,0.003571,0.002755,0.005435,0.006067,0.004053,0.002309,0.007706,0.005238,0.192,0.7673,
0.7394,0.3614,0.003564,0.003553,0.00276,0.005421,0.006048,0.004064,0.002339,0.007702,0.005864,0.1914,0.7673,
0.7397,0.3616,0.003631,0.003535,0.002762,0.005422,0.006048,0.004083,0.00232,0.007735,0.005832,0.1914,0.7673,
0.7409,0.3619,0.003626,0.003522,0.002766,0.005414,0.00608,0.004085,0.002268,0.007724,0.005824,0.1925,0.7662,
0.7411,0.3645,0.00362,0.003503,0.002775,0.005414,0.00608,0.004085,0.002268,0.007724,0.005908,0.1924,0.7662,
0.7411,0.3656,0.003614,0.003507,0.002777,0.005414,0.00608,0.004139,0.002214,0.007817,0.005814,0.1924,0.7662,
0.7418,0.3654,0.003611,0.003507,0.002778,0.005413,0.006135,0.004094,0.002279,0.007982,0.005712,0.1925,0.766,
0.7418,0.3685,0.003603,0.003512,0.00278,0.005413,0.006135,0.004094,0.002279,0.008022,0.005673,0.1925,0.766,
0.7429,0.3662,0.003537,0.003518,0.00278,0.005474,0.006169,0.004072,0.002294,0.008048,0.005958,0.1921,0.766,
0.7443,0.3633,0.003533,0.003517,0.00278,0.005459,0.006167,0.004103,0.002261,0.008133,0.006221,0.1921,0.7658,
0.744,0.3609,0.003525,0.003514,0.002791,0.005459,0.006131,0.00409,0.002261,0.008295,0.006058,0.1921,0.7658,
0.7444,0.3666,0.003484,0.003512,0.002791,0.005497,0.006129,0.004089,0.002303,0.008344,0.005962,0.1923,0.7655,
0.744,0.3694,0.003471,0.003521,0.002794,0.005497,0.006073,0.004089,0.002303,0.008565,0.005741,0.1923,0.7656,
0.7465,0.3643,0.003594,0.003523,0.002799,0.005469,0.006087,0.004119,0.002256,0.008565,0.006304,0.1918,0.7655,
0.7477,0.3929,0.003594,0.003515,0.002807,0.005469,0.006166,0.004041,0.002256,0.008634,0.006608,0.1914,0.7655,
0.7477,0.3398,0.003586,0.003523,0.002807,0.005469,0.006185,0.004041,0.002237,0.008634,0.006608,0.1914,0.7655,
0.746,0.3493,0.00358,0.003528,0.002808,0.005469,0.008359,0.00184,0.002217,0.008634,0.006787,0.1912,0.7655,
0.7474,0.3267,0.003564,0.003516,0.00281,0.005463,0.008387,0.00182,0.002195,0.008624,0.006926,0.192,0.7647,
0.7474,0.3176,0.003563,0.003511,0.002813,0.005463,0.008426,0.002015,0.001959,0.008668,0.00688,0.1921,0.7646,
0.7472,0.3268,0.003554,0.003518,0.002817,0.005463,0.008466,0.001994,0.001967,0.008661,0.006805,0.1922,0.7646,
0.7478,0.3201,0.003548,0.003522,0.002818,0.005463,0.008466,0.002013,0.001947,0.008681,0.006955,0.192,0.7646,
0.748,0.325,0.003532,0.003535,0.00282,0.005463,0.008466,0.00207,0.002063,0.008508,0.006955,0.192,0.7646,
0.7489,0.3269,0.003654,0.003533,0.002824,0.005448,0.00836,0.002057,0.00205,0.008526,0.007153,0.1919,0.7645,
0.7489,0.3304,0.00363,0.003549,0.002827,0.005404,0.008371,0.002086,0.002043,0.00849,0.007152,0.1921,0.7644,
0.7486,0.3323,0.003628,0.003547,0.00283,0.005391,0.008404,0.002053,0.002062,0.00847,0.007098,0.1921,0.7644,
0.7482,0.3328,0.003625,0.003527,0.002816,0.005375,0.008462,0.002015,0.002041,0.008684,0.006884,0.1921,0.7644,
0.748,0.3239,0.003617,0.003533,0.002818,0.005375,0.008462,0.002016,0.00206,0.008706,0.006804,0.1921,0.7645,
0.7495,0.3212,0.003722,0.003537,0.002819,0.005375,0.008462,0.002016,0.00206,0.00891,0.006893,0.1918,0.7644,
0.7498,0.3213,0.00372,0.003531,0.002824,0.005374,0.00846,0.00207,0.002024,0.008888,0.006891,0.192,0.7642,
0.7506,0.3329,0.003714,0.003531,0.002828,0.005372,0.008408,0.00205,0.002074,0.00895,0.007043,0.192,0.7641,
0.7504,0.3181,0.00371,0.00353,0.002832,0.005372,0.00841,0.002009,0.002099,0.009042,0.006925,0.192,0.7641,
0.7518,0.3066,0.003784,0.003538,0.002837,0.005392,0.008319,0.001983,0.002099,0.009042,0.007338,0.1916,0.7641,
0.7521,0.3009,0.003751,0.003532,0.002841,0.00542,0.008316,0.002001,0.002079,0.009252,0.007121,0.1919,0.7638,
0.7521,0.3016,0.003751,0.00353,0.002843,0.00542,0.008316,0.002021,0.002098,0.009214,0.007121,0.1919,0.7638,
0.7519,0.3046,0.00374,0.003537,0.002847,0.00542,0.008273,0.002045,0.002113,0.009272,0.007015,0.1919,0.7638,
0.7517,0.3115,0.003698,0.003547,0.002847,0.005453,0.00826,0.002015,0.002113,0.009343,0.006945,0.1919,0.7639,
0.7516,0.3108,0.003686,0.003545,0.002861,0.005453,0.008327,0.001948,0.002128,0.009356,0.006916,0.1919,0.7639,
0.7516,0.3131,0.003679,0.003551,0.002861,0.005453,0.008336,0.002046,0.002039,0.009337,0.006916,0.1919,0.7639,
0.7528,0.3146,0.003756,0.003545,0.002863,0.005429,0.008337,0.002046,0.00204,0.009585,0.006972,0.1916,0.7638,
0.756,0.3098,0.003915,0.003548,0.002866,0.005412,0.00833,0.002077,0.002005,0.009607,0.007423,0.1918,0.7631,
0.7557,0.309,0.003907,0.003545,0.002877,0.005412,0.008286,0.002062,0.002005,0.009639,0.007391,0.1918,0.7631,
0.7556,0.308,0.003904,0.003547,0.002878,0.005412,0.008306,0.002082,0.001966,0.009639,0.007391,0.1918,0.7631,
0.7576,0.3085,0.003853,0.003548,0.002877,0.005418,0.008323,0.002082,0.001981,0.009653,0.008033,0.1911,0.7632,
0.7575,0.3085,0.003849,0.003546,0.002883,0.005418,0.008353,0.002094,0.001939,0.009672,0.007969,0.1911,0.7632,
0.7585,0.3093,0.003847,0.003545,0.002886,0.005418,0.008353,0.002152,0.001882,0.009889,0.008092,0.1908,0.7632,
0.7581,0.3235,0.003774,0.003543,0.002888,0.00549,0.008351,0.002612,0.001402,0.009921,0.008041,0.1908,0.7632,
0.758,0.3183,0.003761,0.00355,0.002894,0.00549,0.008367,0.002597,0.001402,0.01006,0.007903,0.1908,0.7632,
0.7588,0.3196,0.003737,0.003549,0.002894,0.005485,0.008359,0.002629,0.001366,0.01005,0.007895,0.1916,0.7625,
0.7595,0.3206,0.003728,0.003549,0.002902,0.005485,0.008359,0.002648,0.001383,0.01011,0.008014,0.1914,0.7625,
0.7603,0.3191,0.003727,0.003535,0.002914,0.005466,0.008322,0.002644,0.001379,0.01017,0.008156,0.1915,0.7622,
0.762,0.3142,0.003916,0.003524,0.002899,0.005464,0.008316,0.002624,0.001379,0.01022,0.008332,0.1915,0.7619,
0.7634,0.3054,0.003912,0.003527,0.002899,0.005451,0.008316,0.002671,0.001374,0.01023,0.008749,0.191,0.7619,
0.7649,0.3177,0.003909,0.003528,0.0029,0.005436,0.008326,0.002662,0.001374,0.01025,0.009253,0.1905,0.7619,
0.7658,0.3026,0.003902,0.003526,0.002899,0.005431,0.008318,0.002659,0.001373,0.01035,0.00913,0.1913,0.7611,
0.7658,0.3023,0.003902,0.003524,0.0029,0.005385,0.008318,0.002659,0.001392,0.01033,0.009202,0.1912,0.7612,
0.7668,0.2945,0.003892,0.003531,0.0029,0.005356,0.008318,0.002659,0.001447,0.01036,0.009446,0.1909,0.7612,
0.7667,0.2947,0.003871,0.003551,0.0029,0.005341,0.008319,0.002659,0.001447,0.01036,0.009437,0.1909,0.7612,
0.7678,0.2963,0.003868,0.003548,0.002904,0.005299,0.008247,0.002659,0.001501,0.01056,0.009701,0.1904,0.7613,
0.7685,0.2953,0.003812,0.003544,0.002907,0.005341,0.008249,0.0027,0.001446,0.01058,0.009654,0.1911,0.7606,
0.7686,0.3017,0.003803,0.003548,0.002912,0.005341,0.008249,0.0027,0.001504,0.01057,0.009608,0.1911,0.7606,
0.7686,0.2956,0.003796,0.003555,0.002912,0.005341,0.008266,0.002684,0.001532,0.01073,0.009423,0.1911,0.7606,
0.7691,0.2969,0.003796,0.003548,0.002844,0.005341,0.0083,0.002669,0.001544,0.01074,0.009682,0.1908,0.7607,
0.7706,0.2944,0.003905,0.003557,0.002847,0.005341,0.00826,0.002668,0.00161,0.01092,0.009743,0.1905,0.7606,
0.7703,0.2964,0.003901,0.003556,0.002851,0.005341,0.008234,0.002637,0.00161,0.011,0.009669,0.1905,0.7607,
0.7712,0.3077,0.003826,0.003558,0.002851,0.005405,0.008254,0.002648,0.001609,0.01125,0.009489,0.1909,0.7602,
0.7712,0.2975,0.003773,0.003567,0.002852,0.005448,0.00827,0.002633,0.001628,0.01123,0.009489,0.1909,0.7602,
0.7712,0.2917,0.003768,0.003569,0.002854,0.005447,0.008286,0.002646,0.001615,0.01137,0.009327,0.191,0.7601,
0.7712,0.2899,0.003747,0.003575,0.002853,0.005447,0.008287,0.002662,0.001654,0.01137,0.009275,0.191,0.7601,
0.7727,0.299,0.003736,0.003586,0.002853,0.005447,0.008302,0.002665,0.001635,0.01156,0.009575,0.1905,0.7601,
0.7722,0.2939,0.003716,0.003585,0.002858,0.005447,0.008261,0.00269,0.001595,0.01182,0.009311,0.1905,0.7602,
0.7738,0.2925,0.003751,0.003586,0.002862,0.005447,0.008261,0.00269,0.001633,0.01179,0.009737,0.1901,0.7602,
0.7737,0.3005,0.003744,0.003586,0.002868,0.005432,0.008277,0.002675,0.001657,0.01197,0.009532,0.1901,0.7602,
0.7736,0.3025,0.003733,0.003597,0.002869,0.0054,0.008277,0.002695,0.001675,0.01193,0.009532,0.1901,0.7602,
0.7736,0.3023,0.003732,0.003591,0.002875,0.0054,0.008326,0.002646,0.001713,0.01218,0.009247,0.1901,0.7602,
0.7731,0.3172,0.003726,0.003593,0.00288,0.0054,0.008214,0.002646,0.001733,0.01231,0.009096,0.1901,0.7603,
0.7733,0.3117,0.00372,0.003591,0.002879,0.005395,0.008072,0.002644,0.00175,0.01231,0.009051,0.1908,0.7598,
0.7754,0.3101,0.003771,0.003587,0.002884,0.0055,0.008085,0.002628,0.001788,0.01259,0.009077,0.1908,0.7593,
0.7755,0.3087,0.003764,0.003593,0.002885,0.0055,0.008085,0.002628,0.001844,0.0127,0.008906,0.1908,0.7593,
0.7731,0.3255,0.003752,0.003591,0.002887,0.005511,0.009457,0.001229,0.001844,0.01268,0.008906,0.1908,0.7594,
0.773,0.3019,0.003714,0.003591,0.002891,0.005545,0.009463,0.001272,0.001799,0.01288,0.008677,0.1908,0.7594,
0.7735,0.284,0.003717,0.003606,0.002891,0.005585,0.009462,0.001272,0.001814,0.01296,0.008669,0.1907,0.7593,
0.7734,0.2872,0.003715,0.003593,0.002894,0.005582,0.009478,0.001257,0.001868,0.01304,0.008531,0.1907,0.7594,
0.7732,0.2882,0.003712,0.003593,0.002895,0.005581,0.009492,0.001241,0.001883,0.01311,0.008374,0.1908,0.7593,
0.7723,0.2887,0.003712,0.003589,0.002899,0.005581,0.009292,0.001286,0.001837,0.0133,0.008185,0.1908,0.7595,
0.7762,0.3046,0.003692,0.003593,0.002901,0.005628,0.00929,0.001286,0.003704,0.01149,0.008382,0.1907,0.7593,
0.7756,0.3022,0.003691,0.003592,0.002903,0.005628,0.009142,0.001297,0.003727,0.01153,0.008301,0.1907,0.7595,
0.7754,0.3129,0.003675,0.003603,0.002908,0.005612,0.009217,0.001269,0.003726,0.0118,0.007985,0.1907,0.7595,
0.7752,0.3075,0.003673,0.003606,0.002908,0.005612,0.009158,0.0013,0.003747,0.01179,0.007947,0.1907,0.7595,
0.7749,0.3049,0.003665,0.003608,0.002909,0.005586,0.009178,0.001308,0.003719,0.01201,0.007729,0.1907,0.7596,
0.7746,0.3081,0.003659,0.003611,0.002912,0.005586,0.009137,0.001323,0.00369,0.01217,0.007565,0.1907,0.7596,
0.7758,0.3122,0.003899,0.003615,0.002912,0.005586,0.009183,0.001299,0.003683,0.01215,0.007552,0.1907,0.7594,
0.775,0.3145,0.003858,0.003617,0.00291,0.005611,0.009083,0.001299,0.003663,0.01244,0.007258,0.1907,0.7595,
0.7783,0.3164,0.004073,0.003612,0.002912,0.005608,0.009098,0.001294,0.003646,0.01249,0.007749,0.1906,0.7589,
0.7778,0.2938,0.004073,0.00361,0.002913,0.005597,0.009035,0.001301,0.003647,0.01278,0.00743,0.1906,0.759,
0.7774,0.2946,0.004059,0.00362,0.002917,0.005597,0.008998,0.001287,0.003669,0.013,0.007165,0.1906,0.7591,
0.7773,0.2953,0.004059,0.003618,0.002919,0.005597,0.008998,0.001287,0.003669,0.01306,0.007113,0.1906,0.7591,
0.7771,0.2975,0.004051,0.00362,0.002924,0.005582,0.00894,0.001287,0.003795,0.01293,0.007113,0.1906,0.7591,
0.777,0.3005,0.00405,0.00362,0.002926,0.005582,0.008959,0.001268,0.003863,0.01322,0.006753,0.1906,0.7591,
0.7786,0.3007,0.004124,0.003623,0.002929,0.005581,0.008931,0.001298,0.003835,0.01325,0.007029,0.1906,0.7588,
0.7781,0.3121,0.004119,0.003621,0.002936,0.005565,0.00886,0.001343,0.003911,0.01331,0.006793,0.1906,0.7589,
0.7801,0.3139,0.004271,0.00363,0.002939,0.005565,0.00886,0.001343,0.004041,0.01337,0.006938,0.1903,0.7588,
0.7796,0.3057,0.004271,0.003622,0.002946,0.005565,0.008836,0.001337,0.004034,0.01349,0.006742,0.1903,0.7588,
0.7791,0.3054,0.004255,0.003636,0.002947,0.005535,0.008797,0.001368,0.004004,0.01353,0.00665,0.1904,0.7589,
0.7811,0.3036,0.004447,0.003638,0.002951,0.005521,0.008797,0.001447,0.003982,0.01347,0.006908,0.1902,0.7587,
0.7812,0.329,0.004431,0.003645,0.002952,0.005493,0.008816,0.001454,0.003988,0.01363,0.006705,0.1905,0.7584,
0.7809,0.3445,0.004431,0.003641,0.002956,0.005493,0.00876,0.001454,0.003988,0.01371,0.006628,0.1905,0.7584,
0.7806,0.343,0.004427,0.003645,0.002956,0.005493,0.008772,0.001476,0.003954,0.01415,0.006185,0.1905,0.7584,
0.7834,0.3673,0.004486,0.003644,0.002957,0.00549,0.008786,0.001456,0.003971,0.01412,0.006762,0.1904,0.7579,
0.7834,0.3235,0.00448,0.003649,0.002957,0.00549,0.008818,0.001437,0.003986,0.01409,0.006762,0.1904,0.7579,
0.7829,0.3228,0.004473,0.003655,0.002958,0.00549,0.00876,0.001437,0.004005,0.01433,0.006502,0.1904,0.758,
0.7826,0.3342,0.00447,0.00365,0.002963,0.005477,0.008696,0.001437,0.004098,0.01442,0.006324,0.1904,0.7581,
0.7822,0.3372,0.004459,0.003659,0.002965,0.005477,0.008623,0.001452,0.004117,0.01454,0.006175,0.1904,0.7581,
0.782,0.3391,0.004455,0.003659,0.002968,0.005463,0.008623,0.001477,0.004198,0.01475,0.005851,0.1904,0.7581,
0.782,0.3419,0.004455,0.003655,0.002972,0.005463,0.008623,0.001477,0.004224,0.01479,0.005785,0.1904,0.7581,
0.7817,0.3412,0.004413,0.003665,0.002976,0.005491,0.008623,0.001505,0.004212,0.01506,0.0055,0.1904,0.7581,
0.7829,0.3442,0.004492,0.003665,0.002979,0.005491,0.008642,0.001486,0.00431,0.01497,0.00568,0.1902,0.7581,
0.784,0.2968,0.004591,0.003665,0.002981,0.005491,0.008642,0.001486,0.004329,0.01498,0.005813,0.1901,0.758,
0.7839,0.2992,0.004581,0.003669,0.002983,0.005489,0.0087,0.001424,0.004327,0.0151,0.00564,0.1904,0.7577,
0.7839,0.3208,0.004579,0.00367,0.002984,0.005489,0.0087,0.001443,0.004308,0.01514,0.005599,0.1904,0.7577,
0.7838,0.3017,0.004531,0.003667,0.002988,0.005523,0.008701,0.001443,0.004342,0.01514,0.005572,0.1903,0.7577,
0.785,0.285,0.004652,0.003663,0.002994,0.005523,0.008743,0.001431,0.004357,0.01514,0.005697,0.1902,0.7576,
0.7849,0.2845,0.004645,0.00367,0.002994,0.005522,0.008741,0.001484,0.004405,0.01506,0.005582,0.1904,0.7575,
0.7869,0.2977,0.004644,0.003669,0.002994,0.005508,0.008653,0.001519,0.01217,0.007455,0.005388,0.1904,0.7576,
0.7874,0.3133,0.004718,0.00367,0.002995,0.005494,0.009185,9.447E-4,0.01223,0.007484,0.00573,0.19,0.7576,
0.7876,0.276,0.00471,0.003673,0.002997,0.005492,0.009181,9.444E-4,0.01226,0.007718,0.005454,0.1903,0.7573,
0.7875,0.2764,0.004626,0.00368,0.002998,0.005569,0.009181,9.596E-4,0.01228,0.007996,0.005142,0.1903,0.7573,
0.7891,0.2771,0.004796,0.003681,0.003003,0.005569,0.009121,9.596E-4,0.0123,0.007996,0.005386,0.19,0.7572,
0.7908,0.2711,0.00479,0.003686,0.003003,0.005569,0.009121,9.596E-4,0.0123,0.008034,0.005836,0.1895,0.7572,
0.7906,0.2715,0.004786,0.003689,0.003005,0.005569,0.009081,9.596E-4,0.01237,0.007965,0.005836,0.1895,0.7572,
0.7917,0.2738,0.005001,0.003689,0.003011,0.005569,0.008952,0.001002,0.01233,0.008052,0.005899,0.1893,0.7572,
0.7918,0.2834,0.004976,0.003683,0.003014,0.005566,0.008952,0.001002,0.01235,0.008244,0.00578,0.1892,0.7572,
0.7926,0.2916,0.004957,0.00369,0.002953,0.00556,0.008955,0.001004,0.01235,0.008206,0.005828,0.1901,0.7564,
0.7927,0.2785,0.004926,0.003694,0.002957,0.005585,0.008908,0.001004,0.01242,0.008182,0.005879,0.19,0.7565,
0.7922,0.2852,0.004868,0.003692,0.002959,0.005643,0.008766,0.001062,0.01241,0.008138,0.005879,0.19,0.7566,
0.7924,0.2831,0.004923,0.003691,0.002964,0.005613,0.008726,0.001104,0.01246,0.008085,0.00589,0.1899,0.7566,
0.7924,0.2841,0.00492,0.003691,0.002968,0.005597,0.008726,0.001157,0.01248,0.008013,0.005891,0.1899,0.7566,
0.7926,0.2818,0.00492,0.003689,0.00297,0.005597,0.008726,0.00123,0.01241,0.00814,0.005763,0.1899,0.7566,
0.7939,0.2818,0.00513,0.003686,0.002972,0.005583,0.008539,0.001244,0.01239,0.008232,0.005904,0.19,0.7563,
0.795,0.2819,0.005198,0.003694,0.002973,0.005582,0.008416,0.001285,0.01236,0.008246,0.006131,0.19,0.7562,
0.796,0.2843,0.0053,0.003698,0.002974,0.005582,0.008416,0.0013,0.01237,0.008419,0.006072,0.1898,0.7561,
0.7967,0.2868,0.005463,0.003696,0.002976,0.005582,0.008348,0.001351,0.01234,0.008591,0.00593,0.1897,0.756,
0.7967,0.2988,0.005463,0.003694,0.002978,0.005582,0.008348,0.001363,0.01233,0.008591,0.00593,0.1897,0.756,
0.7974,0.2927,0.005454,0.003701,0.002981,0.005582,0.008348,0.00139,0.0123,0.008761,0.005961,0.1895,0.756,
0.797,0.29,0.005445,0.003705,0.002981,0.00558,0.008281,0.001355,0.01232,0.008903,0.005744,0.1899,0.7558,
0.7979,0.2782,0.005599,0.003704,0.002983,0.00558,0.008153,0.001355,0.01234,0.008992,0.005868,0.1897,0.7558,
0.7981,0.2818,0.005546,0.003693,0.002985,0.005622,0.008152,0.001431,0.01229,0.009139,0.005684,0.1898,0.7556,
0.7982,0.2845,0.005539,0.003692,0.002992,0.005622,0.008171,0.001514,0.01219,0.00927,0.005553,0.1898,0.7556,
0.7978,0.323,0.005412,0.003695,0.002994,0.00573,0.00811,0.001521,0.01217,0.009363,0.005461,0.1898,0.7557,
0.7976,0.3297,0.005357,0.003694,0.002995,0.005784,0.008172,0.001489,0.01214,0.00955,0.005273,0.1898,0.7557,
0.7976,0.2942,0.005354,0.003697,0.002995,0.005784,0.008192,0.001469,0.01216,0.009535,0.005273,0.1898,0.7557,
0.7987,0.2829,0.005471,0.003699,0.002999,0.005762,0.008192,0.001484,0.01216,0.009516,0.005415,0.1897,0.7556,
0.7987,0.2816,0.00547,0.003695,0.003004,0.005761,0.008213,0.001462,0.01226,0.009439,0.005395,0.1898,0.7555,
