entropy,entropyInd,RabA,RabB,RabC,RabD,RabE,RabF,RabG,RabH,RabI,xER,xPM,
2.052,0.2279,0.2993,0.07109,0.05369,0.0981,0.04271,0.03087,0.024,0.0267,0.02745,0.162,0.1641,
2.052,0.2319,0.299,0.07107,0.05365,0.09745,0.0427,0.03088,0.024,0.0267,0.02745,0.1629,0.1642,
2.052,0.2328,0.2987,0.07109,0.05367,0.09749,0.0422,0.03089,0.02401,0.02671,0.02746,0.1629,0.1648,
2.05,0.2332,0.301,0.07097,0.05314,0.09747,0.04219,0.03088,0.02401,0.02671,0.02746,0.1637,0.1625,
2.047,0.234,0.3007,0.07099,0.05316,0.09751,0.04048,0.03089,0.02402,0.02672,0.02747,0.1638,0.1643,
2.047,0.2451,0.3006,0.07105,0.0532,0.09628,0.04051,0.03092,0.02403,0.02674,0.02748,0.1648,0.1644,
2.055,0.2193,0.2996,0.07081,0.05318,0.09507,0.04048,0.03091,0.02402,0.02672,0.03237,0.1614,0.1654,
2.053,0.2265,0.3026,0.07078,0.05315,0.0947,0.04046,0.03089,0.02401,0.02671,0.03235,0.1622,0.1622,
2.051,0.2304,0.3018,0.07079,0.05324,0.09457,0.03845,0.03094,0.02405,0.02675,0.03241,0.1624,0.1645,
2.049,0.2244,0.3029,0.07064,0.05324,0.09456,0.03812,0.03086,0.02394,0.02675,0.0324,0.1632,0.1634,
2.05,0.2277,0.3018,0.07065,0.05324,0.09397,0.03813,0.0309,0.02398,0.02678,0.03244,0.1635,0.1646,
2.049,0.2234,0.3011,0.07053,0.05316,0.09385,0.03757,0.03086,0.02394,0.02675,0.0324,0.1649,0.1649,
2.049,0.2287,0.3006,0.07052,0.05321,0.09333,0.0376,0.03089,0.02396,0.02676,0.03242,0.1651,0.1656,
2.052,0.2277,0.3027,0.07047,0.05316,0.09325,0.03757,0.03086,0.02394,0.02674,0.03503,0.1632,0.1631,
2.051,0.3525,0.3028,0.07049,0.05318,0.09294,0.03707,0.03087,0.02395,0.02675,0.03504,0.1632,0.1637,
2.051,0.2764,0.3024,0.06988,0.05324,0.09251,0.03711,0.03091,0.02398,0.02678,0.03508,0.1642,0.1639,
2.048,0.2327,0.3021,0.06987,0.05331,0.09208,0.03535,0.03085,0.02401,0.02682,0.03513,0.1645,0.166,
2.046,0.2181,0.3043,0.06855,0.05336,0.09217,0.03539,0.03088,0.02403,0.02684,0.03516,0.1654,0.1638,
2.044,0.2021,0.3044,0.06829,0.05342,0.09167,0.03446,0.03067,0.02406,0.02687,0.0352,0.1657,0.1653,
2.044,0.2237,0.3039,0.06834,0.05346,0.09173,0.03448,0.03069,0.02407,0.02689,0.03523,0.1658,0.1654,
2.055,0.2058,0.3033,0.06802,0.05349,0.09146,0.03449,0.03071,0.02408,0.0269,0.04242,0.1595,0.1656,
2.055,0.2066,0.3029,0.06804,0.05339,0.09129,0.0345,0.03071,0.02409,0.0269,0.04243,0.1596,0.1662,
2.051,0.1985,0.3035,0.068,0.05242,0.091,0.03291,0.03069,0.02407,0.02687,0.0424,0.1611,0.167,
2.051,0.2025,0.303,0.06805,0.05246,0.09106,0.03293,0.03071,0.02409,0.02689,0.04243,0.1612,0.1672,
2.05,0.1961,0.3032,0.06808,0.05159,0.0905,0.03294,0.03073,0.0241,0.0269,0.04245,0.1613,0.1682,
2.047,0.1949,0.3064,0.06798,0.05152,0.09038,0.0329,0.03069,0.02407,0.02687,0.04239,0.1627,0.164,
2.045,0.1961,0.3065,0.068,0.05154,0.09009,0.03182,0.0307,0.02407,0.02687,0.04241,0.1628,0.1652,
2.045,0.1964,0.3051,0.06804,0.05157,0.08953,0.03131,0.03071,0.02408,0.02688,0.04243,0.1629,0.1674,
2.047,0.1976,0.3016,0.06814,0.05163,0.08932,0.03083,0.03075,0.02411,0.02692,0.04248,0.1631,0.1711,
2.048,0.2015,0.3007,0.06804,0.05166,0.08939,0.03085,0.03078,0.02413,0.02694,0.04251,0.1632,0.1718,
2.047,0.2144,0.3008,0.06806,0.05168,0.08911,0.03086,0.03078,0.02413,0.02694,0.04252,0.1633,0.1718,
2.045,0.1973,0.303,0.06796,0.05184,0.0891,0.03033,0.03122,0.02368,0.02694,0.04251,0.1641,0.1693,
2.047,0.1933,0.3015,0.0678,0.05194,0.09033,0.03035,0.03124,0.0237,0.02772,0.04177,0.1642,0.1695,
2.047,0.2038,0.3013,0.06798,0.05203,0.08976,0.03037,0.03127,0.02987,0.0216,0.04181,0.1644,0.1696,
2.031,0.2065,0.304,0.06788,0.05235,0.08945,0.05113,0.01049,0.02986,0.02159,0.0418,0.1652,0.1663,
2.029,0.1961,0.3054,0.06788,0.05255,0.08944,0.04955,0.01049,0.02985,0.02236,0.04102,0.166,0.1654,
2.029,0.2032,0.3056,0.06791,0.05267,0.08884,0.04958,0.0105,0.02987,0.02279,0.04062,0.1661,0.1655,
2.043,0.2601,0.2957,0.07727,0.05274,0.08861,0.04965,0.01051,0.02991,0.02324,0.04026,0.1663,0.1658,
2.042,0.2656,0.2958,0.07753,0.05279,0.0877,0.04733,0.01052,0.02993,0.02695,0.0366,0.1665,0.1683,
2.042,0.2669,0.2958,0.07747,0.05284,0.0877,0.04733,0.01052,0.02993,0.02695,0.0366,0.1665,0.1683,
2.041,0.2688,0.297,0.07756,0.05282,0.08839,0.04772,0.01009,0.03026,0.02702,0.03617,0.1673,0.1656,
2.043,0.2726,0.2949,0.07764,0.05302,0.08996,0.04776,0.0101,0.03028,0.02746,0.03577,0.1674,0.1658,
2.091,0.3541,0.1389,0.07782,0.05315,0.2445,0.04777,0.0101,0.03071,0.02776,0.03778,0.1656,0.1659,
2.091,0.3632,0.1385,0.07795,0.05323,0.2443,0.04686,0.01156,0.02921,0.02773,0.03775,0.1663,0.1666,
2.092,0.3525,0.138,0.07793,0.0534,0.2437,0.04686,0.01156,0.02922,0.029,0.03649,0.1672,0.1666,
2.091,0.3745,0.1363,0.07781,0.05232,0.2445,0.04692,0.01158,0.02926,0.02981,0.03577,0.1674,0.1683,
2.102,0.2787,0.1382,0.07779,0.05231,0.2437,0.04688,0.01157,0.02923,0.02978,0.04342,0.1612,0.1659,
2.1,0.2187,0.1338,0.07684,0.05266,0.2475,0.04699,0.01159,0.0293,0.02985,0.04353,0.1616,0.1664,
2.1,0.2206,0.1337,0.07705,0.05189,0.247,0.04702,0.0116,0.02932,0.03086,0.04257,0.1617,0.1674,
2.099,0.2248,0.1316,0.07733,0.05205,0.2476,0.04696,0.01158,0.02928,0.03082,0.04251,0.1631,0.1671,
2.099,0.2622,0.1314,0.07733,0.05204,0.2474,0.04692,0.01157,0.02925,0.03079,0.04248,0.1638,0.167,
2.099,0.2431,0.1314,0.07716,0.05207,0.2472,0.04737,0.01116,0.02927,0.03124,0.04208,0.1639,0.1671,
2.099,0.2438,0.1308,0.07725,0.05216,0.2471,0.04735,0.01116,0.02926,0.03122,0.04207,0.1647,0.167,
2.099,0.2373,0.1306,0.07738,0.05225,0.2468,0.04737,0.01116,0.02927,0.03292,0.04039,0.1647,0.1671,
2.1,0.2485,0.1304,0.07751,0.05233,0.2468,0.04737,0.01116,0.02927,0.03292,0.04039,0.1647,0.1671,
2.101,0.226,0.1293,0.07819,0.05247,0.2455,0.04691,0.01188,0.02861,0.03297,0.04045,0.1658,0.1679,
2.099,0.1999,0.1289,0.07836,0.05257,0.2453,0.04567,0.01179,0.0285,0.03797,0.0355,0.1659,0.1695,
2.116,0.1971,0.1333,0.07829,0.05249,0.2435,0.04558,0.01176,0.0291,0.03766,0.0462,0.1577,0.1644,
2.116,0.201,0.1326,0.07855,0.05258,0.2431,0.046,0.01134,0.02952,0.03766,0.04578,0.1585,0.1644,
2.114,0.2009,0.1324,0.07846,0.05266,0.2429,0.04489,0.01123,0.03003,0.03667,0.04574,0.1592,0.1659,
2.114,0.2121,0.1321,0.07858,0.05279,0.2429,0.04436,0.01123,0.03003,0.03745,0.04497,0.1592,0.1664,
2.113,0.2142,0.1306,0.07869,0.05279,0.2436,0.04435,0.01123,0.03003,0.03947,0.04293,0.1599,0.1664,
2.11,0.2157,0.1241,0.07874,0.05297,0.2497,0.04437,0.01123,0.03004,0.03949,0.04294,0.16,0.1664,
2.109,0.2103,0.1233,0.07886,0.05312,0.2497,0.04384,0.01123,0.03004,0.03949,0.04294,0.16,0.1675,
2.109,0.223,0.1217,0.07855,0.0532,0.2491,0.04428,0.03101,0.01081,0.03871,0.04301,0.1603,0.1694,
2.108,0.2233,0.1207,0.07851,0.05325,0.2492,0.04383,0.03107,0.01082,0.04012,0.04175,0.1606,0.1702,
2.108,0.2228,0.12,0.07883,0.05329,0.2492,0.04482,0.03012,0.01083,0.04014,0.04178,0.1607,0.1703,
2.109,0.2244,0.12,0.07908,0.0534,0.2482,0.04531,0.02974,0.01084,0.04062,0.04141,0.1609,0.1705,
2.107,0.2307,0.1205,0.07947,0.05339,0.248,0.04374,0.02961,0.01083,0.04059,0.04138,0.1616,0.171,
2.108,0.2278,0.1222,0.07939,0.0534,0.2478,0.0437,0.02958,0.01162,0.03977,0.04134,0.1623,0.169,
2.108,0.2268,0.1218,0.07942,0.05346,0.2489,0.04369,0.02957,0.01161,0.03976,0.04133,0.1638,0.1666,
2.107,0.2483,0.1215,0.07942,0.05369,0.2482,0.04287,0.02961,0.01163,0.04108,0.04012,0.1641,0.1677,
2.108,0.243,0.1209,0.07962,0.05381,0.2478,0.04306,0.02945,0.01198,0.04081,0.04018,0.1644,0.168,
2.108,0.2335,0.1193,0.07974,0.05401,0.2483,0.04305,0.02945,0.01198,0.04166,0.03933,0.1652,0.168,
2.107,0.232,0.1192,0.07994,0.05408,0.2478,0.04262,0.02904,0.01198,0.04168,0.03935,0.1653,0.169,
2.107,0.2339,0.1183,0.0803,0.05407,0.2476,0.04262,0.02904,0.01198,0.0421,0.03892,0.1661,0.169,
2.107,0.2351,0.1178,0.08026,0.05436,0.2477,0.04263,0.02905,0.01198,0.04318,0.03787,0.1662,0.169,
2.107,0.2369,0.1177,0.08031,0.05442,0.2477,0.04263,0.02905,0.01241,0.04467,0.03596,0.1662,0.169,
2.107,0.2417,0.1163,0.08049,0.05449,0.2482,0.04261,0.02903,0.01302,0.04445,0.03551,0.1669,0.1689,
2.106,0.243,0.1145,0.08049,0.05455,0.2494,0.04206,0.02902,0.01335,0.04408,0.03549,0.1677,0.1694,
2.105,0.239,0.1152,0.08042,0.05463,0.2492,0.0416,0.02889,0.01334,0.04405,0.03546,0.1684,0.1689,
2.104,0.2443,0.1123,0.08057,0.05468,0.2506,0.04161,0.0289,0.01334,0.04406,0.03547,0.1684,0.17,
2.11,0.243,0.1135,0.08019,0.05476,0.2505,0.04159,0.02888,0.01334,0.04567,0.03787,0.1651,0.1686,
2.108,0.2461,0.1127,0.08026,0.05481,0.2507,0.04057,0.02891,0.01368,0.04636,0.03692,0.1653,0.1698,
2.107,0.24,0.1125,0.0801,0.05489,0.2508,0.04006,0.02892,0.01369,0.04744,0.03587,0.1654,0.1704,
2.108,0.2445,0.111,0.08028,0.05494,0.2517,0.04008,0.02894,0.01432,0.04685,0.03589,0.1655,0.1705,
2.108,0.2331,0.1108,0.08022,0.05508,0.2513,0.04013,0.02897,0.01434,0.0469,0.03593,0.1657,0.1707,
2.108,0.2382,0.1097,0.0806,0.05518,0.2517,0.04036,0.02876,0.01502,0.04694,0.03523,0.1657,0.1708,
2.107,0.241,0.1094,0.0809,0.05521,0.2517,0.03983,0.02876,0.01502,0.04794,0.03424,0.1657,0.1713,
2.105,0.2381,0.1085,0.08072,0.05558,0.2523,0.03877,0.02945,0.01434,0.04795,0.03425,0.1658,0.1724,
2.085,0.2294,0.1076,0.08069,0.05581,0.2528,0.05871,0.009538,0.01434,0.04918,0.03305,0.1658,0.1725,
2.085,0.237,0.1072,0.08087,0.05577,0.2528,0.05916,0.009388,0.01442,0.04885,0.03306,0.1659,0.1725,
2.085,0.2367,0.1081,0.08105,0.05587,0.2519,0.05828,0.009815,0.01399,0.04886,0.03306,0.1668,0.1723,
2.086,0.2496,0.1072,0.08132,0.05614,0.2512,0.05663,0.009834,0.01533,0.04765,0.03313,0.1671,0.1744,
2.087,0.2589,0.1074,0.08134,0.05629,0.2502,0.05671,0.01035,0.01484,0.04852,0.03237,0.1674,0.1747,
2.087,0.2571,0.1092,0.0813,0.05652,0.2512,0.05674,0.01063,0.01458,0.04898,0.03196,0.1683,0.1706,
2.09,0.2472,0.1133,0.08169,0.05656,0.2502,0.05675,0.01063,0.01458,0.04899,0.03197,0.1692,0.1661,
2.09,0.2512,0.1117,0.08207,0.05688,0.2497,0.05584,0.01066,0.01462,0.04913,0.03206,0.1697,0.1677,
2.093,0.2577,0.1115,0.08239,0.0569,0.2494,0.05533,0.01066,0.01763,0.04614,0.03207,0.1697,0.1683,
2.093,0.2601,0.1115,0.0822,0.05733,0.2486,0.05449,0.01139,0.01693,0.04619,0.0321,0.1699,0.1694,
2.093,0.2589,0.1097,0.08192,0.05769,0.2495,0.05448,0.01139,0.0185,0.0446,0.0321,0.1707,0.1693,
2.094,0.2613,0.1096,0.08205,0.05788,0.249,0.05398,0.01196,0.01796,0.04464,0.03212,0.1709,0.17,
2.094,0.2629,0.1087,0.08232,0.05797,0.249,0.05404,0.01261,0.01733,0.04468,0.03215,0.171,0.1702,
2.094,0.2618,0.107,0.08252,0.05817,0.2496,0.05412,0.01306,0.01692,0.04474,0.03219,0.1713,0.1704,
2.092,0.2593,0.1043,0.08264,0.05836,0.2514,0.05417,0.01307,0.01694,0.04479,0.03223,0.1715,0.1706,
2.091,0.2584,0.1034,0.0825,0.05851,0.2523,0.05327,0.01307,0.01694,0.04479,0.03223,0.1715,0.1715,
2.091,0.26,0.1028,0.08256,0.05864,0.2519,0.05327,0.01307,0.01693,0.0455,0.0322,0.1716,0.1715,
2.101,0.2635,0.1021,0.08284,0.05861,0.2516,0.05326,0.01307,0.01693,0.0455,0.03812,0.1665,0.1715,
2.102,0.2631,0.1022,0.08265,0.05883,0.2506,0.05327,0.01335,0.017,0.04516,0.03813,0.1674,0.1715,
2.101,0.2632,0.101,0.08287,0.0589,0.2514,0.05327,0.01335,0.017,0.04602,0.03726,0.1674,0.1715,
2.1,0.2644,0.1007,0.08278,0.05905,0.2515,0.05275,0.01335,0.017,0.04604,0.03728,0.1674,0.1721,
2.1,0.2639,0.1007,0.08259,0.05928,0.2513,0.05277,0.01336,0.01701,0.04724,0.03611,0.1675,0.1722,
2.099,0.2622,0.09904,0.08282,0.05937,0.2526,0.05277,0.01336,0.01701,0.04724,0.03611,0.1675,0.1722,
2.097,0.2587,0.09895,0.08282,0.05852,0.2525,0.0517,0.01336,0.01735,0.0469,0.03611,0.1684,0.1734,
2.098,0.2624,0.09994,0.08267,0.05871,0.2523,0.05166,0.01405,0.01706,0.04643,0.03608,0.1691,0.172,
2.1,0.2632,0.1012,0.08279,0.05896,0.2507,0.05214,0.01363,0.01708,0.04647,0.03611,0.1701,0.1708,
2.1,0.2587,0.1012,0.08272,0.05908,0.2505,0.05238,0.01342,0.01752,0.04606,0.03613,0.1702,0.1709,
2.1,0.2634,0.1005,0.08266,0.05931,0.2503,0.05245,0.01344,0.01754,0.04612,0.03618,0.1704,0.1711,
2.101,0.2577,0.1003,0.08284,0.05939,0.2503,0.05245,0.0156,0.01538,0.04612,0.03618,0.1704,0.1711,
2.101,0.2841,0.1002,0.08284,0.05949,0.25,0.05247,0.01561,0.01538,0.04686,0.03547,0.1705,0.1712,
2.101,0.2592,0.1001,0.08278,0.0596,0.2497,0.05251,0.0159,0.01511,0.04794,0.03444,0.1706,0.1713,
2.099,0.2553,0.1,0.08251,0.05984,0.2497,0.05253,0.0159,0.01589,0.05219,0.02944,0.1706,0.1714,
2.1,0.2551,0.09977,0.08279,0.05999,0.2491,0.05256,0.01591,0.01591,0.05222,0.02946,0.1708,0.1715,
2.099,0.2571,0.099,0.08299,0.06018,0.2489,0.05262,0.01593,0.01592,0.05384,0.02794,0.171,0.1717,
2.1,0.2874,0.09887,0.08273,0.06061,0.248,0.05307,0.01775,0.0141,0.05341,0.02794,0.1718,0.1717,
2.1,0.2608,0.09877,0.08283,0.06069,0.2477,0.05309,0.01776,0.0141,0.05387,0.02751,0.1719,0.1718,
2.099,0.267,0.09854,0.08293,0.06068,0.2472,0.05349,0.01731,0.0141,0.05427,0.02707,0.1727,0.1717,
2.095,0.256,0.09695,0.0826,0.06077,0.2489,0.05228,0.01697,0.0141,0.05429,0.02708,0.1727,0.1733,
2.094,0.2589,0.0952,0.08268,0.06091,0.2502,0.0523,0.01767,0.01341,0.05431,0.02709,0.1728,0.1734,
2.1,0.2421,0.1,0.08245,0.06136,0.2495,0.05229,0.01767,0.01341,0.05431,0.02885,0.1719,0.1683,
2.092,0.2448,0.09872,0.08262,0.06138,0.2504,0.05275,0.01724,0.01342,0.06236,0.02082,0.1719,0.1684,
2.092,0.2668,0.09829,0.08273,0.06149,0.2502,0.05278,0.019,0.01168,0.06241,0.02083,0.1721,0.1685,
2.089,0.2375,0.09823,0.08273,0.06151,0.2495,0.05107,0.01899,0.01168,0.06327,0.01995,0.1729,0.1702,
2.086,0.2322,0.09812,0.08285,0.06006,0.2495,0.0515,0.01856,0.01168,0.06428,0.01894,0.1729,0.1716,
2.096,0.2354,0.0977,0.08324,0.05861,0.2485,0.05174,0.01834,0.01168,0.06554,0.02378,0.1677,0.1732,
2.096,0.2321,0.09689,0.08342,0.05878,0.2482,0.05181,0.01836,0.01169,0.06563,0.02381,0.168,0.1734,
2.094,0.2282,0.09684,0.08349,0.0589,0.2477,0.05014,0.01837,0.0117,0.06568,0.02383,0.1681,0.1753,
2.09,0.2346,0.09622,0.08373,0.059,0.2478,0.0534,0.01513,0.0117,0.06614,0.0234,0.1682,0.1753,
2.091,0.2583,0.09897,0.083,0.0593,0.2471,0.05286,0.01514,0.01214,0.06652,0.02259,0.1699,0.1725,
2.09,0.2351,0.09883,0.08266,0.05954,0.2468,0.05237,0.01515,0.01215,0.06754,0.02167,0.17,0.1733,
2.089,0.2292,0.09859,0.0825,0.05961,0.2461,0.05265,0.01557,0.01134,0.06745,0.02164,0.1715,0.173,
2.088,0.2339,0.0984,0.08264,0.05975,0.2458,0.05289,0.01535,0.01135,0.06785,0.02127,0.1716,0.1731,
2.103,0.2671,0.09818,0.08265,0.05988,0.2451,0.05241,0.01491,0.0545,0.02562,0.02032,0.1724,0.174,
2.104,0.2698,0.09814,0.08263,0.06013,0.2446,0.05245,0.01536,0.05411,0.02637,0.0196,0.1725,0.1741,
2.105,0.2698,0.09951,0.08249,0.06024,0.2441,0.05242,0.01535,0.05408,0.02716,0.01879,0.1733,0.1725,
2.104,0.2735,0.09935,0.08252,0.06036,0.2441,0.05133,0.0157,0.05373,0.02716,0.01879,0.1733,0.1736,
2.114,0.2756,0.1002,0.08258,0.06037,0.2436,0.05298,0.01191,0.0537,0.02715,0.02707,0.1658,0.1746,
2.107,0.2805,0.09494,0.08268,0.05929,0.2481,0.0526,0.01181,0.05376,0.02718,0.0271,0.166,0.1765,
2.109,0.2775,0.09599,0.08254,0.0595,0.2478,0.05259,0.01253,0.05347,0.02717,0.02666,0.1668,0.175,
2.108,0.2749,0.09588,0.08251,0.05965,0.2478,0.05363,0.01177,0.05363,0.02674,0.02666,0.1668,0.175,
2.106,0.2762,0.09578,0.08266,0.05886,0.2469,0.0521,0.01206,0.05341,0.02677,0.02669,0.167,0.1777,
2.103,0.2813,0.09576,0.08253,0.05919,0.2464,0.04966,0.01207,0.05403,0.0262,0.02671,0.1671,0.1804,
2.106,0.2765,0.103,0.08231,0.05942,0.2457,0.04872,0.01205,0.05396,0.02617,0.02667,0.1686,0.1735,
2.106,0.2777,0.1023,0.08256,0.05955,0.2458,0.04874,0.01206,0.05398,0.02618,0.02668,0.1686,0.1735,
2.106,0.2852,0.1022,0.08235,0.05961,0.2456,0.04822,0.01207,0.05401,0.02619,0.0267,0.1687,0.1742,
2.107,0.2834,0.105,0.08237,0.05971,0.2452,0.0482,0.01206,0.05398,0.02706,0.02581,0.1695,0.1711,
2.107,0.2791,0.1045,0.08234,0.05983,0.2448,0.04819,0.01206,0.05398,0.02705,0.02581,0.1703,0.1711,
2.107,0.2613,0.1032,0.0823,0.05993,0.2438,0.04821,0.01206,0.05457,0.02648,0.02581,0.1712,0.1724,
2.102,0.2581,0.1033,0.08227,0.06014,0.2422,0.04626,0.01163,0.05669,0.02486,0.0254,0.1722,0.175,
2.101,0.2588,0.1064,0.08247,0.06011,0.2417,0.04569,0.0109,0.05667,0.02485,0.02538,0.173,0.1728,
2.102,0.2617,0.1059,0.08296,0.06013,0.2415,0.04571,0.0109,0.05669,0.02486,0.02539,0.1731,0.1729,
2.099,0.2621,0.1058,0.08289,0.05977,0.2413,0.04458,0.01089,0.05722,0.02406,0.02537,0.1738,0.1743,
2.097,0.2683,0.1057,0.08308,0.06003,0.2402,0.04348,0.01056,0.0573,0.02409,0.0254,0.174,0.1761,
2.098,0.2624,0.1054,0.08333,0.06018,0.2397,0.04351,0.01056,0.05734,0.02411,0.02542,0.1742,0.1762,
2.097,0.2681,0.1051,0.08352,0.06047,0.2392,0.04398,0.01013,0.05847,0.02304,0.02544,0.1743,0.1763,
2.097,0.2683,0.1046,0.08345,0.0606,0.2391,0.04403,0.01014,0.05853,0.02306,0.02546,0.1745,0.1765,
2.096,0.2709,0.1045,0.08366,0.06064,0.2386,0.04406,0.01015,0.06004,0.02161,0.02548,0.1746,0.1767,
2.091,0.2754,0.09859,0.08387,0.06082,0.2439,0.04408,0.01015,0.06006,0.02235,0.02476,0.1747,0.1767,
2.091,0.2753,0.09768,0.0838,0.06096,0.2442,0.04413,0.01016,0.06012,0.02237,0.02478,0.1749,0.1769,
2.099,0.2745,0.1003,0.08372,0.06109,0.2437,0.04355,0.01016,0.06044,0.02387,0.02664,0.1719,0.1746,
2.101,0.2959,0.1001,0.08386,0.06116,0.2437,0.04355,0.01104,0.05957,0.02387,0.02664,0.1719,0.1746,
2.101,0.2761,0.1001,0.08396,0.06122,0.2432,0.04359,0.01104,0.05995,0.02353,0.02665,0.1721,0.1747,
2.102,0.2765,0.09997,0.08396,0.06128,0.2425,0.04358,0.01148,0.0595,0.02351,0.02664,0.1729,0.1747,
2.101,0.2703,0.09975,0.08409,0.06136,0.2425,0.04358,0.01148,0.06026,0.02344,0.02596,0.1729,0.1747,
2.103,0.2656,0.1047,0.08409,0.06146,0.2423,0.04322,0.01125,0.06021,0.02342,0.02593,0.1736,0.1699,
2.12,0.303,0.1045,0.08398,0.06159,0.2418,0.04319,0.04056,0.03156,0.0227,0.02591,0.1744,0.1698,
2.133,0.2903,0.1043,0.08385,0.06153,0.2412,0.04314,0.04098,0.03105,0.02266,0.03358,0.1682,0.1696,
2.129,0.2737,0.1023,0.08371,0.06137,0.242,0.04237,0.0413,0.03081,0.02224,0.03349,0.1691,0.1713,
2.128,0.2801,0.102,0.08335,0.06162,0.2409,0.0423,0.041,0.03178,0.0209,0.03353,0.1702,0.1724,
2.128,0.2671,0.1021,0.08356,0.06182,0.2395,0.04146,0.04107,0.03256,0.0202,0.03358,0.1705,0.1737,
2.126,0.2716,0.1011,0.08346,0.06193,0.2399,0.04089,0.04105,0.03299,0.01975,0.03357,0.1713,0.1741,
2.126,0.2711,0.1009,0.08313,0.06197,0.2398,0.04087,0.04103,0.03297,0.02055,0.03274,0.172,0.1741,
2.127,0.2745,0.1009,0.08311,0.06214,0.2393,0.0409,0.04197,0.03208,0.02188,0.03144,0.1722,0.1742,
2.128,0.2834,0.1009,0.08319,0.06233,0.2385,0.04094,0.04202,0.03211,0.0219,0.03147,0.1724,0.1744,
2.128,0.2744,0.1008,0.08323,0.06228,0.238,0.04099,0.04206,0.03215,0.02192,0.0315,0.1725,0.1746,
2.129,0.2758,0.1007,0.08293,0.06251,0.2368,0.04103,0.0421,0.03218,0.02194,0.03153,0.1736,0.1747,
2.129,0.2782,0.1004,0.08341,0.06263,0.2359,0.04107,0.04215,0.03221,0.02197,0.03157,0.1738,0.1749,
2.129,0.2846,0.09763,0.08357,0.06286,0.2377,0.04112,0.0422,0.03225,0.02398,0.02961,0.174,0.1751,
2.129,0.2942,0.09766,0.08355,0.06287,0.2357,0.04114,0.04266,0.03241,0.0234,0.02962,0.1758,0.1752,
2.123,0.2899,0.09781,0.08334,0.0631,0.2344,0.05931,0.02467,0.03248,0.02635,0.02679,0.1762,0.1756,
2.138,0.2862,0.09772,0.08273,0.06332,0.2342,0.05928,0.02593,0.03119,0.02634,0.03548,0.1683,0.1755,
2.138,0.293,0.09683,0.08232,0.06382,0.2349,0.05875,0.02594,0.0312,0.02985,0.03199,0.1683,0.1761,
2.138,0.2964,0.09666,0.08246,0.06392,0.2346,0.05877,0.02595,0.03192,0.02914,0.03199,0.1684,0.1762,
2.137,0.2997,0.09638,0.08263,0.06391,0.2341,0.05818,0.02593,0.0319,0.02913,0.03198,0.1691,0.1767,
2.137,0.2989,0.0967,0.08252,0.06402,0.234,0.05769,0.02596,0.03194,0.03041,0.03075,0.1702,0.1758,
2.138,0.2958,0.0967,0.08266,0.06423,0.2329,0.05777,0.026,0.03198,0.03045,0.03078,0.1704,0.1761,
2.139,0.2974,0.0967,0.08267,0.06444,0.2313,0.05783,0.02667,0.03137,0.03048,0.03082,0.1714,0.1763,
2.14,0.302,0.09652,0.08279,0.06454,0.2311,0.05785,0.02668,0.03174,0.03014,0.03083,0.1715,0.1764,
2.127,0.2972,0.09649,0.08267,0.06429,0.2305,0.06886,0.01573,0.03176,0.03016,0.03085,0.1716,0.177,
2.125,0.2895,0.09575,0.08257,0.06332,0.2302,0.06876,0.01529,0.03177,0.03017,0.03086,0.1725,0.1788,
2.124,0.2845,0.09554,0.08253,0.06352,0.2297,0.06864,0.0153,0.03144,0.0302,0.03082,0.1727,0.1795,
2.125,0.2888,0.09935,0.08261,0.06363,0.2296,0.06693,0.0153,0.03143,0.03018,0.03081,0.1735,0.1766,
2.125,0.2842,0.09829,0.08267,0.06378,0.2301,0.06697,0.01559,0.03116,0.03199,0.02904,0.1736,0.1768,
2.125,0.2861,0.09747,0.08241,0.06415,0.2304,0.06702,0.0156,0.03118,0.03246,0.02861,0.1738,0.1769,
2.124,0.2989,0.09647,0.0821,0.06448,0.231,0.06707,0.01561,0.0312,0.03352,0.02759,0.1739,0.177,
2.124,0.3108,0.09619,0.08213,0.06458,0.2306,0.06715,0.01563,0.03124,0.03468,0.0265,0.1741,0.1772,
2.124,0.2723,0.09588,0.08256,0.06475,0.2296,0.06676,0.0152,0.03128,0.03472,0.02652,0.1743,0.1784,
2.122,0.2845,0.09816,0.08233,0.064,0.2291,0.06515,0.01522,0.03131,0.03558,0.02572,0.1754,0.1781,
2.12,0.2892,0.09549,0.08255,0.06416,0.2308,0.06428,0.01523,0.03134,0.03562,0.02575,0.1756,0.1792,
2.119,0.2908,0.09547,0.08245,0.06437,0.2305,0.06271,0.01648,0.03011,0.03563,0.02576,0.1757,0.1809,
2.121,0.2957,0.09703,0.08227,0.06446,0.2303,0.06172,0.0247,0.02185,0.03605,0.02529,0.1764,0.18,
2.121,0.3027,0.09991,0.08241,0.06439,0.2293,0.06001,0.02467,0.02242,0.03541,0.02525,0.178,0.1782,
2.12,0.301,0.09932,0.08229,0.06454,0.2295,0.0595,0.02469,0.02243,0.03543,0.02527,0.1781,0.1789,
2.121,0.3082,0.09871,0.08271,0.06473,0.2295,0.0595,0.02469,0.02279,0.03507,0.02527,0.1781,0.1789,
2.117,0.2876,0.09871,0.08267,0.06477,0.2295,0.0595,0.02469,0.04073,0.01713,0.02527,0.1781,0.1789,
2.118,0.2902,0.09851,0.08301,0.06506,0.2281,0.0594,0.02438,0.04081,0.01716,0.02532,0.1784,0.1798,
2.118,0.2835,0.09809,0.08293,0.06537,0.2279,0.05945,0.0244,0.04084,0.01718,0.02533,0.1786,0.18,
2.116,0.2855,0.09716,0.08278,0.06557,0.2286,0.05889,0.02433,0.04057,0.01763,0.02489,0.1786,0.181,
2.123,0.2873,0.09909,0.08275,0.06575,0.2279,0.05929,0.02399,0.04059,0.01764,0.02773,0.1768,0.1785,
2.123,0.2936,0.09906,0.08281,0.06599,0.227,0.05879,0.02401,0.04064,0.01766,0.02776,0.177,0.1793,
2.123,0.2909,0.09885,0.0829,0.06611,0.227,0.05879,0.02401,0.04064,0.01766,0.02776,0.177,0.1793,
2.123,0.2936,0.09876,0.08303,0.06618,0.2267,0.05881,0.02402,0.04065,0.01767,0.02777,0.1771,0.1793,
2.123,0.3027,0.09876,0.08306,0.06639,0.2259,0.05831,0.02405,0.04069,0.01768,0.02779,0.1773,0.1801,
2.124,0.2978,0.09857,0.08314,0.06602,0.2256,0.05857,0.02464,0.03989,0.01859,0.0269,0.1773,0.1807,
2.135,0.3109,0.09988,0.08295,0.06593,0.2253,0.05845,0.02459,0.03981,0.02047,0.0309,0.1737,0.178,
2.135,0.308,0.09957,0.08303,0.06603,0.2249,0.05786,0.02458,0.03979,0.02046,0.03088,0.1745,0.1784,
2.134,0.297,0.09817,0.08335,0.06617,0.2237,0.05795,0.02462,0.04097,0.01937,0.03093,0.1748,0.18,
2.136,0.299,0.101,0.0833,0.06641,0.2223,0.05798,0.02463,0.0415,0.01888,0.03095,0.1757,0.1772,
2.136,0.3023,0.1008,0.08355,0.06656,0.2218,0.05841,0.02426,0.04297,0.02,0.0284,0.1759,0.1774,
2.137,0.3187,0.1006,0.08362,0.06674,0.2207,0.05843,0.02427,0.04298,0.02098,0.02743,0.1768,0.1774,
2.135,0.3056,0.1002,0.08363,0.06671,0.2193,0.05683,0.02499,0.04301,0.02011,0.02738,0.1792,0.1787,
2.142,0.2942,0.09951,0.08352,0.06679,0.219,0.057,0.02427,0.04302,0.02011,0.03216,0.1754,0.1793,
2.14,0.299,0.09832,0.08282,0.06685,0.2189,0.05697,0.02425,0.04299,0.0201,0.03214,0.177,0.1797,
2.139,0.3095,0.09771,0.08286,0.06703,0.2184,0.05517,0.02429,0.04305,0.02111,0.03121,0.1773,0.1819,
2.141,0.2982,0.1016,0.08265,0.06722,0.2189,0.05516,0.02428,0.04305,0.02111,0.0312,0.1781,0.1767,
2.142,0.2916,0.1016,0.08267,0.06731,0.2176,0.05519,0.02507,0.04229,0.02111,0.03121,0.1791,0.1768,
2.142,0.303,0.1016,0.08258,0.0675,0.2173,0.05465,0.02508,0.04231,0.02112,0.03122,0.1792,0.1774,
2.143,0.2929,0.1015,0.08245,0.06755,0.2168,0.05236,0.02506,0.04355,0.02352,0.02986,0.1777,0.1796,
2.129,0.3,0.1015,0.08226,0.06761,0.2166,0.06453,0.01282,0.04351,0.0235,0.02983,0.1784,0.1794,
2.128,0.2999,0.1014,0.08213,0.06669,0.2166,0.06453,0.01282,0.04351,0.0235,0.02983,0.1784,0.1805,
2.128,0.3084,0.1005,0.08229,0.06687,0.2172,0.06453,0.01282,0.04351,0.0235,0.02983,0.1784,0.1805,
2.128,0.3081,0.09965,0.0825,0.06706,0.2163,0.0647,0.01285,0.04363,0.02356,0.02991,0.1789,0.181,
2.129,0.3018,0.09949,0.08226,0.06724,0.2145,0.06494,0.0129,0.04378,0.02364,0.03001,0.1795,0.1817,
2.131,0.3004,0.1025,0.08235,0.06731,0.2138,0.06493,0.0129,0.04377,0.02363,0.03,0.1804,0.1785,
2.131,0.3017,0.1005,0.08248,0.06752,0.2146,0.06503,0.01291,0.04383,0.02366,0.03003,0.1807,0.1787,
2.139,0.3044,0.09971,0.0821,0.06757,0.2139,0.06493,0.01289,0.04376,0.02362,0.03527,0.1778,0.1785,
2.139,0.2995,0.09883,0.08205,0.06726,0.2142,0.06498,0.01339,0.04331,0.02364,0.03529,0.1779,0.1792,
2.139,0.3006,0.09861,0.08222,0.06731,0.2142,0.06498,0.01339,0.04331,0.02364,0.03529,0.1779,0.1792,
2.138,0.2995,0.09859,0.08206,0.06743,0.2134,0.06551,0.01284,0.0433,0.02363,0.03528,0.1788,0.1791,
2.137,0.2888,0.09811,0.08184,0.06764,0.2133,0.0649,0.01283,0.04328,0.02362,0.03526,0.1796,0.1796,
2.135,0.2873,0.09799,0.08183,0.06776,0.2133,0.06426,0.01248,0.04364,0.02325,0.03526,0.1796,0.1806,
2.135,0.2921,0.09787,0.0814,0.06788,0.2129,0.06424,0.01248,0.04363,0.02324,0.03525,0.1805,0.1806,
2.141,0.3001,0.09736,0.08143,0.0677,0.2124,0.06407,0.01245,0.04351,0.02486,0.03781,0.1783,0.1801,
2.141,0.2858,0.09857,0.08135,0.06636,0.2114,0.06401,0.01244,0.04347,0.02642,0.03619,0.1799,0.1799,
2.148,0.2896,0.0985,0.08144,0.06658,0.2097,0.06407,0.01245,0.04418,0.02692,0.03915,0.177,0.18,
2.148,0.2911,0.0985,0.08135,0.06684,0.209,0.06357,0.01246,0.04422,0.02694,0.03918,0.1772,0.1808,
2.153,0.3098,0.1002,0.08144,0.06685,0.2086,0.06356,0.04115,0.01598,0.02648,0.03918,0.178,0.1786,
2.153,0.311,0.1,0.0815,0.0671,0.208,0.06304,0.04118,0.01599,0.0265,0.0392,0.1781,0.1793,
2.151,0.3072,0.09889,0.08141,0.06716,0.2088,0.06185,0.04114,0.01634,0.02611,0.03917,0.1789,0.1803,
2.151,0.3093,0.09831,0.08218,0.06724,0.2079,0.06135,0.04118,0.01635,0.02689,0.03845,0.1791,0.1811,
2.153,0.2891,0.0982,0.08236,0.06742,0.2071,0.06142,0.04122,0.02197,0.0213,0.03847,0.1793,0.1813,
2.155,0.2843,0.1002,0.08234,0.067,0.2058,0.06091,0.04126,0.022,0.02299,0.03684,0.1804,0.1803,
2.155,0.2841,0.09996,0.08274,0.06714,0.2049,0.06098,0.0416,0.02173,0.02301,0.03688,0.1806,0.1805,
2.157,0.2901,0.09944,0.0827,0.06727,0.2037,0.0619,0.0408,0.02174,0.02304,0.03785,0.1808,0.1808,
2.156,0.2855,0.09941,0.08251,0.06758,0.2034,0.06197,0.0402,0.02175,0.02305,0.03787,0.1809,0.1814,
2.161,0.2871,0.09885,0.08293,0.06759,0.2029,0.06098,0.04059,0.02179,0.02346,0.041,0.1776,0.1823,
2.159,0.2838,0.1004,0.08294,0.06555,0.2036,0.06156,0.03983,0.02175,0.02341,0.04093,0.1791,0.181,
2.159,0.2981,0.09977,0.083,0.06571,0.2029,0.06027,0.03965,0.02174,0.02712,0.03723,0.18,0.1825,
2.159,0.2886,0.1021,0.08311,0.06581,0.2025,0.05966,0.03949,0.02155,0.02712,0.03722,0.1809,0.1805,
2.172,0.2743,0.1019,0.08293,0.06586,0.2018,0.05967,0.0395,0.02192,0.02676,0.0456,0.1735,0.1806,
2.17,0.2776,0.1014,0.08322,0.06591,0.2016,0.058,0.03953,0.0226,0.02611,0.04564,0.1736,0.1824,
2.17,0.2799,0.1014,0.08331,0.06605,0.2007,0.05807,0.04003,0.02217,0.02614,0.04569,0.1738,0.1826,
2.17,0.2744,0.1011,0.08357,0.06619,0.2005,0.05752,0.04004,0.02217,0.02714,0.04471,0.1739,0.1832,
2.169,0.2763,0.1013,0.08354,0.06655,0.1987,0.05593,0.04081,0.02153,0.0272,0.0448,0.1743,0.1854,
2.169,0.2841,0.1035,0.08354,0.06571,0.1978,0.05573,0.04036,0.02153,0.02819,0.04382,0.1752,0.1846,
2.171,0.2833,0.1067,0.0835,0.0658,0.1971,0.05517,0.04037,0.02154,0.0282,0.04383,0.1761,0.1816,
2.172,0.2776,0.1065,0.08385,0.0659,0.1963,0.05523,0.04041,0.02222,0.02756,0.04388,0.1763,0.1818,
2.17,0.2864,0.1064,0.08364,0.06619,0.1955,0.05331,0.04041,0.02222,0.02855,0.04287,0.1772,0.1837,
2.17,0.2804,0.1065,0.08343,0.06639,0.1946,0.05241,0.04047,0.02293,0.02892,0.04192,0.1775,0.185,
2.171,0.293,0.109,0.08339,0.06631,0.1951,0.0524,0.04046,0.02385,0.02877,0.04115,0.1783,0.1813,
2.171,0.2708,0.1081,0.08335,0.06643,0.195,0.05248,0.04052,0.02434,0.02835,0.04121,0.1786,0.1816,
2.17,0.271,0.106,0.0833,0.0653,0.1959,0.05258,0.0406,0.02438,0.02987,0.03982,0.1789,0.1834,
2.172,0.2784,0.1108,0.0832,0.06531,0.1957,0.05253,0.04056,0.02436,0.03072,0.03891,0.1797,0.1782,
2.173,0.2743,0.1107,0.08336,0.06557,0.1948,0.05259,0.0406,0.02439,0.03075,0.03894,0.1799,0.1784,
2.172,0.2777,0.1095,0.08348,0.06574,0.1949,0.05162,0.04059,0.02438,0.03189,0.03779,0.1808,0.1794,
2.172,0.2827,0.1093,0.08351,0.06568,0.1947,0.05158,0.04056,0.02436,0.0327,0.03692,0.1815,0.1792,
2.17,0.2901,0.1083,0.08337,0.06579,0.1943,0.051,0.04092,0.02497,0.03171,0.03691,0.1824,0.1803,
2.17,0.3064,0.1082,0.08305,0.06593,0.1944,0.05101,0.04232,0.0236,0.03272,0.03593,0.1825,0.1804,
2.17,0.3048,0.1081,0.08324,0.06601,0.194,0.0515,0.04187,0.03347,0.02358,0.03523,0.1825,0.1805,
2.17,0.307,0.108,0.0832,0.06632,0.1935,0.05096,0.0419,0.03349,0.02359,0.03526,0.1827,0.1812,
2.17,0.3108,0.108,0.08323,0.06635,0.1932,0.05098,0.04191,0.0335,0.0236,0.03527,0.1827,0.1813,
2.17,0.2971,0.1079,0.08321,0.06645,0.1932,0.05098,0.04191,0.0335,0.02431,0.03456,0.1827,0.1813,
2.168,0.2967,0.108,0.08315,0.06657,0.1929,0.0496,0.04193,0.03408,0.02375,0.03457,0.1828,0.1827,
2.168,0.3002,0.108,0.0831,0.06671,0.1926,0.04847,0.04194,0.03489,0.02527,0.03226,0.1829,0.184,
2.166,0.3023,0.1078,0.08332,0.06677,0.1922,0.04714,0.0425,0.03436,0.02528,0.03228,0.1829,0.1854,
2.166,0.3032,0.1079,0.08327,0.06693,0.1916,0.04717,0.04253,0.03567,0.02402,0.0323,0.1831,0.1855,
2.178,0.2927,0.1091,0.08343,0.06707,0.1909,0.04601,0.04252,0.03566,0.02401,0.04039,0.1759,0.1851,
2.175,0.2927,0.1089,0.08351,0.06726,0.1905,0.04372,0.04283,0.03538,0.02402,0.0404,0.1759,0.1875,
2.158,0.2914,0.1107,0.08344,0.06739,0.1899,0.04373,0.06558,0.01266,0.02683,0.03761,0.1769,0.1853,
2.159,0.296,0.1095,0.08366,0.06744,0.192,0.0437,0.06555,0.01435,0.0262,0.03651,0.1777,0.1834,
2.159,0.3004,0.1095,0.08365,0.06753,0.1917,0.04372,0.06557,0.01435,0.02621,0.03653,0.1777,0.1835,
2.159,0.2926,0.1094,0.08335,0.06773,0.1918,0.04372,0.0656,0.01436,0.02669,0.03608,0.1778,0.1835,
2.16,0.3036,0.1139,0.08309,0.06774,0.1914,0.04306,0.06548,0.01433,0.02772,0.03494,0.1793,0.179,
2.158,0.2977,0.1127,0.08314,0.06782,0.1913,0.04135,0.06551,0.01434,0.02772,0.03496,0.1803,0.1808,
2.158,0.2989,0.1126,0.08312,0.06792,0.1905,0.04084,0.06562,0.01436,0.02946,0.03332,0.1806,0.1817,
2.157,0.302,0.1122,0.08298,0.06797,0.1904,0.04081,0.06558,0.01435,0.03041,0.03234,0.1814,0.1816,
2.153,0.3071,0.1122,0.08301,0.06822,0.1895,0.03777,0.06565,0.01437,0.03043,0.03237,0.1816,0.1849,
2.153,0.3113,0.1121,0.08309,0.0674,0.189,0.03813,0.06537,0.015,0.02984,0.03239,0.1817,0.186,
2.154,0.3195,0.1131,0.08291,0.06753,0.1893,0.03811,0.06534,0.01586,0.03221,0.02912,0.1825,0.184,
2.153,0.3196,0.1114,0.08287,0.06749,0.1904,0.03809,0.0653,0.01585,0.03219,0.02911,0.1833,0.1839,
2.153,0.3136,0.1113,0.08307,0.06757,0.1901,0.03811,0.06533,0.01585,0.03221,0.02912,0.1834,0.184,
2.167,0.3392,0.1108,0.0832,0.06783,0.1885,0.05611,0.04729,0.01622,0.03182,0.03465,0.1796,0.184,
2.164,0.3127,0.1066,0.08306,0.06797,0.192,0.05607,0.04727,0.01621,0.0318,0.03463,0.1804,0.1839,
2.163,0.3115,0.1064,0.08305,0.06697,0.1915,0.05614,0.04732,0.01623,0.03184,0.03467,0.1807,0.1853,
2.163,0.3132,0.106,0.08308,0.06715,0.1913,0.05559,0.04736,0.0167,0.03139,0.03469,0.1808,0.186,
2.163,0.3072,0.1073,0.08294,0.06715,0.1909,0.05549,0.04757,0.01637,0.03133,0.03463,0.1823,0.1841,
2.163,0.3088,0.1068,0.0826,0.06761,0.191,0.05552,0.04758,0.01638,0.03135,0.03464,0.1823,0.1841,
2.163,0.3107,0.1065,0.08294,0.06771,0.1907,0.05554,0.0476,0.01639,0.03136,0.03466,0.1824,0.1842,
2.163,0.3189,0.1063,0.08297,0.06785,0.1907,0.05554,0.0476,0.01639,0.03136,0.03466,0.1824,0.1842,
2.163,0.2919,0.1058,0.08327,0.06792,0.1902,0.05588,0.04721,0.01638,0.0318,0.03417,0.1832,0.1841,
2.163,0.3008,0.1058,0.08321,0.06815,0.1899,0.0559,0.04723,0.01638,0.03479,0.03121,0.1833,0.1842,
2.164,0.3115,0.1059,0.08304,0.06848,0.1882,0.05596,0.04727,0.0164,0.03483,0.03124,0.1844,0.1844,
2.161,0.3005,0.1057,0.08309,0.06858,0.1882,0.05325,0.04727,0.0164,0.03483,0.03124,0.1844,0.1871,
2.161,0.3079,0.1054,0.08327,0.06877,0.1879,0.05327,0.04775,0.01661,0.03417,0.03125,0.1845,0.1871,
2.162,0.2962,0.105,0.08348,0.06888,0.1873,0.05333,0.0478,0.01749,0.03333,0.03129,0.1847,0.1873,
2.159,0.3038,0.105,0.08339,0.06903,0.187,0.05132,0.04782,0.0175,0.03435,0.03029,0.1848,0.1895,
2.167,0.2984,0.1089,0.0838,0.06901,0.1862,0.0519,0.04701,0.03342,0.01831,0.03304,0.1843,0.1841,
2.171,0.2992,0.1088,0.08355,0.06915,0.1861,0.05185,0.04746,0.03404,0.01762,0.03598,0.1816,0.1839,
2.171,0.3039,0.1086,0.08356,0.06916,0.1859,0.05189,0.04749,0.03514,0.01654,0.036,0.1817,0.1841,
2.173,0.3078,0.1132,0.08354,0.06925,0.1848,0.05132,0.0475,0.03515,0.01654,0.03601,0.1827,0.1801,
2.173,0.3004,0.113,0.08355,0.06959,0.1825,0.05037,0.0476,0.03522,0.01781,0.03483,0.184,0.1815,
2.173,0.3081,0.1116,0.08385,0.06969,0.1833,0.05039,0.04941,0.03344,0.01929,0.03337,0.1841,0.1816,
2.171,0.3103,0.1112,0.08383,0.06993,0.1831,0.04907,0.04945,0.03346,0.0193,0.0334,0.1842,0.1831,
2.171,0.3106,0.1111,0.08385,0.07005,0.1828,0.04909,0.04993,0.0341,0.01822,0.03341,0.1843,0.1832,
2.184,0.3071,0.111,0.08372,0.07021,0.1812,0.04908,0.04991,0.03409,0.01922,0.04017,0.1782,0.1831,
2.182,0.3124,0.1101,0.08356,0.07052,0.1817,0.04837,0.05016,0.03341,0.01923,0.04018,0.1783,0.1844,
2.182,0.3233,0.1089,0.08422,0.07063,0.1816,0.0477,0.05028,0.03361,0.02191,0.03711,0.1785,0.1856,
2.183,0.3122,0.109,0.08427,0.07084,0.1806,0.04775,0.0508,0.03319,0.02194,0.03715,0.1787,0.1858,
2.182,0.3095,0.1087,0.08459,0.07099,0.18,0.04624,0.05084,0.0338,0.02276,0.03578,0.1789,0.1875,
2.182,0.3149,0.1085,0.08462,0.07127,0.1794,0.04627,0.05088,0.03382,0.02356,0.03502,0.179,0.1876,
2.183,0.3116,0.1085,0.0845,0.07141,0.1785,0.04634,0.05096,0.03387,0.02359,0.03507,0.1793,0.1879,
2.181,0.317,0.1084,0.08447,0.07168,0.1782,0.0449,0.05097,0.03389,0.0236,0.03509,0.1794,0.1894,
2.182,0.3178,0.1098,0.08444,0.07183,0.1774,0.04489,0.05097,0.03388,0.0236,0.03508,0.1802,0.1878,
2.182,0.3181,0.1112,0.08433,0.07198,0.1766,0.04467,0.05105,0.03341,0.0236,0.03507,0.1811,0.187,
2.183,0.328,0.1136,0.08431,0.07191,0.1757,0.04463,0.051,0.03337,0.02404,0.03456,0.1827,0.1841,
2.18,0.2982,0.1132,0.0845,0.07193,0.1757,0.05946,0.0362,0.03339,0.02405,0.03458,0.1828,0.1842,
2.18,0.3262,0.1128,0.08475,0.07224,0.1745,0.05957,0.03627,0.03517,0.02285,0.03417,0.1832,0.1845,
2.18,0.3078,0.1118,0.08451,0.07241,0.1751,0.05952,0.03623,0.03513,0.02509,0.03188,0.1839,0.1844,
2.18,0.3086,0.1117,0.08431,0.07253,0.1747,0.05949,0.03621,0.03511,0.02507,0.03186,0.1847,0.1843,
2.178,0.3177,0.1083,0.0843,0.07287,0.1772,0.05858,0.03625,0.03562,0.02596,0.03056,0.185,0.1855,
2.18,0.3118,0.1078,0.08429,0.07126,0.1764,0.05747,0.0367,0.03499,0.0259,0.03356,0.1842,0.1875,
2.179,0.3114,0.1077,0.08405,0.07142,0.1761,0.05692,0.03673,0.03502,0.02591,0.03358,0.1844,0.1882,
2.18,0.3287,0.1077,0.08385,0.07174,0.1758,0.05694,0.03674,0.03503,0.02928,0.03023,0.1844,0.1883,
2.178,0.3186,0.1067,0.08355,0.07227,0.1763,0.05599,0.03676,0.03505,0.02929,0.03025,0.1845,0.1893,
2.182,0.3224,0.1092,0.08398,0.07236,0.1751,0.05641,0.03731,0.03398,0.02927,0.03167,0.1848,0.1859,
2.182,0.3186,0.1092,0.08378,0.07251,0.1746,0.05638,0.03729,0.03396,0.02926,0.03166,0.1856,0.1858,
2.181,0.3188,0.1091,0.08346,0.07296,0.1743,0.05543,0.0373,0.03397,0.03036,0.03057,0.1857,0.1869,
2.199,0.3088,0.1108,0.08336,0.07316,0.1739,0.05578,0.03692,0.03396,0.03135,0.04019,0.1759,0.1846,
2.2,0.3125,0.1109,0.08331,0.07326,0.1736,0.0558,0.03741,0.0335,0.03136,0.04021,0.176,0.1847,
2.198,0.3096,0.1107,0.08339,0.07333,0.1736,0.05483,0.03828,0.03263,0.03136,0.04021,0.176,0.1856,
2.198,0.3224,0.1105,0.08346,0.07351,0.1736,0.05424,0.03828,0.03263,0.03136,0.04021,0.176,0.1862,
2.196,0.3248,0.1101,0.08344,0.07238,0.1744,0.05398,0.0382,0.03254,0.03125,0.04007,0.1768,0.1868,
2.193,0.3167,0.1099,0.08341,0.07202,0.1735,0.05234,0.03802,0.03259,0.03225,0.03918,0.1771,0.1897,
2.193,0.3602,0.1096,0.08379,0.07203,0.1722,0.05277,0.03764,0.03265,0.03234,0.0391,0.1776,0.1903,
2.194,0.3331,0.1122,0.08394,0.072,0.1721,0.05269,0.03809,0.03216,0.03232,0.03908,0.1784,0.187,
2.193,0.3427,0.1075,0.08378,0.07234,0.176,0.05275,0.03814,0.0322,0.03536,0.03612,0.1786,0.1872,
2.168,0.3372,0.1124,0.08378,0.07106,0.1755,0.07647,0.01296,0.03264,0.03581,0.03513,0.1803,0.184,
2.168,0.3023,0.1122,0.08364,0.07111,0.1745,0.0758,0.01331,0.03222,0.03624,0.03461,0.1819,0.1844,
2.166,0.3047,0.1102,0.08354,0.07128,0.1763,0.07466,0.01332,0.03223,0.03625,0.03463,0.1819,0.1857,
2.165,0.3024,0.1091,0.08338,0.07137,0.177,0.07412,0.01333,0.03226,0.03724,0.03369,0.1821,0.1864,
2.161,0.3031,0.1108,0.08324,0.07136,0.1769,0.06954,0.0133,0.03221,0.03718,0.03363,0.1829,0.1889,
2.161,0.3112,0.1089,0.08293,0.07162,0.1778,0.06968,0.01332,0.03275,0.03678,0.0337,0.1833,0.1893,
2.16,0.3133,0.1088,0.08284,0.07047,0.1775,0.06973,0.01333,0.03356,0.03603,0.03372,0.1834,0.1906,
2.16,0.3087,0.1114,0.08276,0.07034,0.1772,0.0696,0.01331,0.03349,0.03596,0.03366,0.1849,0.1874,
2.161,0.3113,0.111,0.08241,0.07084,0.1769,0.06965,0.01382,0.03301,0.03646,0.03321,0.185,0.1876,
2.157,0.331,0.1098,0.08259,0.06973,0.1772,0.06973,0.01431,0.04518,0.0239,0.03325,0.1853,0.1891,
2.156,0.3235,0.1082,0.08273,0.06911,0.1804,0.06969,0.0143,0.04515,0.02485,0.03227,0.1861,0.1872,
2.154,0.3098,0.1081,0.08234,0.06925,0.1818,0.0708,0.01316,0.04514,0.02483,0.03224,0.187,0.1853,
2.166,0.3084,0.107,0.08175,0.06933,0.1804,0.06956,0.01269,0.04504,0.02819,0.0378,0.18,0.1882,
2.165,0.3073,0.1091,0.08185,0.06934,0.1799,0.06897,0.01221,0.04501,0.02817,0.03778,0.1808,0.1868,
2.164,0.305,0.1088,0.08161,0.06943,0.1796,0.06885,0.01219,0.04493,0.02812,0.03771,0.1823,0.1865,
2.165,0.3134,0.1087,0.08163,0.06964,0.179,0.0689,0.01266,0.0445,0.02814,0.03774,0.1824,0.1866,
2.162,0.304,0.1085,0.08134,0.0697,0.1792,0.06647,0.01265,0.04452,0.02817,0.03763,0.1827,0.1892,
2.161,0.2956,0.1083,0.08153,0.0698,0.1789,0.06473,0.01313,0.04406,0.02896,0.03686,0.1827,0.191,
2.161,0.2683,0.1076,0.08179,0.06986,0.1787,0.06517,0.01275,0.04409,0.02899,0.03689,0.1829,0.1913,
2.161,0.2644,0.1115,0.08155,0.06996,0.1786,0.06356,0.01274,0.04486,0.02895,0.03608,0.1838,0.1885,
2.161,0.2647,0.1112,0.08156,0.07015,0.178,0.06364,0.01276,0.04492,0.02898,0.03612,0.184,0.1887,
2.161,0.2929,0.111,0.08157,0.07034,0.178,0.06401,0.01238,0.04492,0.03008,0.03502,0.184,0.1887,
2.161,0.2824,0.1126,0.08157,0.07035,0.1775,0.06398,0.01237,0.04655,0.0284,0.035,0.1848,0.1868,
2.161,0.2813,0.1124,0.08168,0.07045,0.1775,0.06398,0.01237,0.04693,0.02803,0.035,0.1848,0.1868,
2.16,0.2948,0.111,0.08162,0.07041,0.178,0.06399,0.01237,0.04693,0.02803,0.035,0.1858,0.1868,
2.159,0.2914,0.1111,0.08124,0.07045,0.1775,0.06456,0.01191,0.04775,0.02779,0.03458,0.1861,0.1871,
2.159,0.2904,0.1106,0.08103,0.07055,0.1776,0.06461,0.01191,0.04825,0.02733,0.0346,0.1862,0.1873,
2.156,0.2896,0.1129,0.08025,0.07085,0.1775,0.06275,0.01153,0.04903,0.02653,0.03459,0.1871,0.1869,
2.16,0.2831,0.1147,0.08021,0.07089,0.1768,0.06095,0.01152,0.04901,0.02731,0.03711,0.1847,0.1868,
2.161,0.2878,0.1143,0.08035,0.07085,0.1766,0.0609,0.01198,0.04849,0.02729,0.03707,0.1855,0.1867,
2.161,0.289,0.1142,0.08042,0.07098,0.1763,0.06092,0.01198,0.04851,0.0273,0.03708,0.1855,0.1867,
2.161,0.2948,0.1141,0.08046,0.07108,0.1755,0.06091,0.01198,0.04888,0.02738,0.0366,0.1864,0.1867,
2.16,0.2972,0.1137,0.08059,0.07125,0.175,0.06,0.01199,0.04893,0.02741,0.03664,0.1866,0.1879,
2.16,0.3023,0.1121,0.0806,0.07143,0.1763,0.06,0.01267,0.04825,0.02741,0.03664,0.1866,0.1879,
2.16,0.2991,0.1116,0.08059,0.07163,0.1764,0.06002,0.01268,0.04827,0.02742,0.03666,0.1867,0.188,
2.161,0.3014,0.1115,0.08062,0.07163,0.1759,0.05999,0.01267,0.04824,0.02891,0.03514,0.1876,0.1879,
2.161,0.3015,0.1115,0.08056,0.07185,0.1753,0.06004,0.01268,0.04827,0.0294,0.03468,0.1877,0.188,
2.159,0.3029,0.1112,0.0805,0.07195,0.1745,0.06395,0.008746,0.04828,0.02939,0.03792,0.1855,0.1881,
2.147,0.3171,0.1112,0.08052,0.07199,0.1745,0.06395,0.008746,0.062,0.01567,0.03792,0.1855,0.1881,
2.148,0.3065,0.1105,0.08071,0.0722,0.1746,0.06397,0.00875,0.06203,0.01655,0.03706,0.1855,0.1881,
2.151,0.2944,0.1101,0.08053,0.07257,0.1744,0.06402,0.008756,0.06207,0.02118,0.03247,0.1857,0.1883,
2.148,0.2826,0.1091,0.08075,0.07282,0.1742,0.06222,0.008764,0.06262,0.02073,0.03251,0.1859,0.1904,
2.149,0.2816,0.109,0.08135,0.07298,0.1723,0.06237,0.008781,0.06275,0.02078,0.03258,0.1863,0.1908,
2.15,0.2959,0.109,0.08147,0.07314,0.1713,0.06244,0.008792,0.06283,0.02179,0.03163,0.1866,0.1911,
2.145,0.2848,0.1089,0.08142,0.07331,0.1713,0.05886,0.008792,0.06384,0.02165,0.03075,0.1866,0.1947,
2.169,0.3136,0.11,0.08134,0.07315,0.1709,0.05885,0.04044,0.03218,0.02164,0.03075,0.1875,0.1933,
