entropy,entropyInd,RabA,RabB,RabC,RabD,RabE,RabF,RabG,RabH,RabI,xER,xPM,
0.8684,0.4196,0.0113,0.008895,0.009409,0.01005,0.007531,0.004842,0.003547,0.005856,0.008246,0.1865,0.7438,
0.8691,0.4091,0.01142,0.008891,0.009405,0.01004,0.007434,0.00484,0.003545,0.005854,0.008315,0.1868,0.7435,
0.868,0.4092,0.01142,0.008879,0.009404,0.01004,0.007219,0.004836,0.003541,0.005854,0.008315,0.1868,0.7437,
0.8672,0.4081,0.01142,0.008879,0.009403,0.01002,0.007081,0.004831,0.00354,0.005854,0.008315,0.1868,0.7439,
0.8685,0.4048,0.01161,0.008877,0.0094,0.009963,0.007005,0.004831,0.003539,0.005853,0.008616,0.1866,0.7437,
0.8674,0.4062,0.0116,0.00887,0.009398,0.009961,0.006761,0.004825,0.003539,0.005852,0.008615,0.1868,0.7438,
0.8662,0.409,0.0116,0.00886,0.009397,0.009961,0.006503,0.00482,0.003539,0.005852,0.008615,0.1868,0.7441,
0.8652,0.4079,0.01153,0.008857,0.009395,0.009948,0.006379,0.004816,0.003539,0.005852,0.008616,0.1868,0.7443,
0.8658,0.4054,0.01165,0.008854,0.009354,0.009895,0.006274,0.004807,0.003529,0.005851,0.008911,0.1867,0.7442,
0.8666,0.4064,0.01178,0.008853,0.009353,0.009879,0.006264,0.004804,0.003526,0.005847,0.009019,0.1866,0.744,
0.8675,0.3789,0.01193,0.008853,0.009352,0.009853,0.006249,0.004801,0.003521,0.005847,0.009183,0.1865,0.7439,
0.8674,0.3837,0.01193,0.008849,0.009347,0.009839,0.006183,0.0048,0.00352,0.005845,0.00918,0.1867,0.7438,
0.8682,0.3832,0.01212,0.008847,0.009344,0.00983,0.006009,0.00478,0.003515,0.005845,0.009529,0.1864,0.7438,
0.868,0.3747,0.01212,0.008844,0.009344,0.00978,0.006008,0.00478,0.003515,0.005845,0.009529,0.1864,0.7439,
0.8665,0.3685,0.01212,0.008844,0.009342,0.009728,0.005812,0.004756,0.003514,0.005832,0.009514,0.1864,0.7442,
0.8661,0.3672,0.01211,0.008841,0.009339,0.009725,0.005671,0.00475,0.003513,0.00583,0.00951,0.1867,0.744,
0.8661,0.3693,0.0121,0.008841,0.009339,0.009725,0.005671,0.00475,0.003513,0.00583,0.00951,0.1867,0.7441,
0.8659,0.3735,0.01217,0.00884,0.009339,0.009712,0.005532,0.004742,0.003508,0.00583,0.009619,0.1866,0.7441,
0.8659,0.3703,0.01221,0.00884,0.009339,0.009697,0.005471,0.004738,0.003503,0.00583,0.009719,0.1865,0.7442,
0.8658,0.3799,0.01219,0.008838,0.009278,0.009695,0.005469,0.004737,0.003502,0.005829,0.009717,0.1866,0.7441,
0.8651,0.3723,0.01219,0.008838,0.009279,0.009683,0.005348,0.00473,0.003502,0.005829,0.009718,0.1866,0.7442,
0.8648,0.3693,0.01217,0.008836,0.009279,0.009684,0.005307,0.00473,0.003502,0.00583,0.009718,0.1867,0.7443,
0.8647,0.3756,0.01217,0.008818,0.009278,0.009683,0.005307,0.004729,0.003502,0.00583,0.009714,0.1867,0.7443,
0.8651,0.3694,0.01223,0.008811,0.009277,0.009679,0.005292,0.004725,0.003497,0.005829,0.009777,0.1866,0.7442,
0.8643,0.3761,0.01223,0.008811,0.009277,0.009679,0.005158,0.00472,0.00349,0.005821,0.009777,0.1866,0.7444,
0.8639,0.3705,0.01223,0.008807,0.009277,0.00967,0.005108,0.004707,0.00349,0.005821,0.009777,0.1867,0.7445,
0.8637,0.3732,0.01223,0.008807,0.009276,0.009657,0.005069,0.004707,0.00349,0.005821,0.009777,0.1867,0.7445,
0.8631,0.3672,0.01223,0.008807,0.009206,0.009657,0.005025,0.004707,0.00349,0.005821,0.009777,0.1867,0.7446,
0.863,0.3696,0.01223,0.008806,0.009202,0.009634,0.005025,0.004707,0.00349,0.005821,0.009778,0.1867,0.7446,
0.8644,0.3675,0.01249,0.0088,0.0092,0.009611,0.005025,0.004708,0.00349,0.005821,0.009915,0.1865,0.7444,
0.8647,0.3618,0.01255,0.008794,0.009201,0.009611,0.00501,0.004704,0.003486,0.005821,0.009977,0.1865,0.7444,
0.8673,0.37,0.01275,0.008793,0.0092,0.009585,0.005028,0.004661,0.003554,0.006156,0.009969,0.1866,0.7437,
0.8671,0.3739,0.01272,0.008806,0.009208,0.009569,0.004985,0.004644,0.003592,0.00633,0.009758,0.1866,0.7438,
0.8666,0.3737,0.01265,0.008817,0.009212,0.009596,0.004961,0.004622,0.003585,0.006461,0.009601,0.1866,0.7439,
0.8681,0.3707,0.01261,0.008824,0.009221,0.009725,0.005016,0.004567,0.003585,0.006698,0.009698,0.1862,0.7439,
0.8679,0.3744,0.01259,0.008841,0.009185,0.009725,0.005035,0.00453,0.003581,0.00706,0.009336,0.1862,0.7439,
0.8679,0.374,0.01256,0.00886,0.00919,0.009713,0.005056,0.004546,0.003543,0.007257,0.00914,0.1862,0.7439,
0.8675,0.3777,0.01233,0.008854,0.009176,0.00984,0.005094,0.004509,0.003544,0.007421,0.008978,0.1862,0.744,
0.8674,0.3803,0.0122,0.008862,0.009179,0.009939,0.005098,0.004499,0.003527,0.007618,0.00878,0.1862,0.7441,
0.8674,0.3788,0.01207,0.008849,0.009191,0.01006,0.00513,0.004447,0.003504,0.007742,0.008627,0.1865,0.7438,
0.867,0.3785,0.01205,0.008865,0.009194,0.01005,0.005092,0.004428,0.00351,0.007717,0.008627,0.1866,0.7439,
0.8662,0.3825,0.01202,0.008874,0.009095,0.01005,0.005063,0.004419,0.003489,0.007859,0.008485,0.1866,0.7441,
0.8659,0.3906,0.01192,0.008919,0.009103,0.01001,0.00508,0.0044,0.003507,0.008137,0.008189,0.1866,0.7442,
0.8658,0.3909,0.01185,0.008933,0.009109,0.01,0.005137,0.004344,0.003563,0.008299,0.007972,0.1866,0.7442,
0.8656,0.3941,0.01176,0.008949,0.009118,0.01003,0.005155,0.004326,0.003563,0.008598,0.007675,0.1866,0.7442,
0.8651,0.4147,0.01173,0.008977,0.009075,0.01002,0.005135,0.004326,0.003544,0.009035,0.007237,0.1866,0.7443,
0.8646,0.3959,0.01163,0.008985,0.009056,0.01005,0.005148,0.004315,0.003513,0.009088,0.007185,0.1866,0.7444,
0.8637,0.3943,0.01155,0.009014,0.008962,0.01004,0.005131,0.004296,0.003513,0.009291,0.006982,0.1866,0.7446,
0.8651,0.3917,0.01159,0.009068,0.008969,0.01004,0.005126,0.004278,0.003513,0.009344,0.007274,0.1863,0.7445,
0.8648,0.3969,0.01158,0.009056,0.008984,0.01001,0.005126,0.004315,0.0035,0.009485,0.007047,0.1863,0.7446,
0.8639,0.4082,0.01145,0.00907,0.008813,0.01009,0.005169,0.004268,0.003556,0.009637,0.006839,0.1863,0.7448,
0.863,0.4192,0.01142,0.009092,0.008812,0.01005,0.005089,0.004282,0.003538,0.009967,0.006459,0.1864,0.7449,
0.861,0.4316,0.0114,0.009095,0.00883,0.01002,0.007309,0.002026,0.003538,0.01017,0.006249,0.1864,0.745,
0.8609,0.4192,0.01135,0.009094,0.008847,0.01001,0.007326,0.002007,0.003537,0.0104,0.006014,0.1866,0.7448,
0.8607,0.3932,0.01125,0.009107,0.008854,0.01005,0.007382,0.001951,0.003537,0.0104,0.006014,0.1866,0.7448,
0.8604,0.3927,0.01122,0.009121,0.008863,0.01002,0.007363,0.001946,0.003562,0.01053,0.005866,0.1866,0.7449,
0.86,0.3967,0.0112,0.009136,0.008829,0.009992,0.007363,0.001969,0.003577,0.01065,0.005704,0.1866,0.745,
0.8606,0.3944,0.01125,0.009152,0.008832,0.01001,0.007359,0.001949,0.003603,0.01074,0.005665,0.1866,0.7448,
0.8635,0.3919,0.01138,0.009161,0.008843,0.01007,0.007302,0.001941,0.003591,0.01078,0.006336,0.1859,0.7447,
0.8636,0.4062,0.01117,0.009167,0.008842,0.01019,0.007264,0.001953,0.003555,0.01078,0.006309,0.1865,0.7443,
0.8635,0.4006,0.01115,0.009174,0.008847,0.01018,0.007283,0.001935,0.003574,0.01076,0.006309,0.1865,0.7443,
0.8638,0.3926,0.01132,0.00916,0.008854,0.01018,0.007135,0.001984,0.003543,0.0109,0.006232,0.1864,0.7443,
0.8578,0.3906,0.01123,0.009133,0.008855,0.01019,0.006019,0.001969,0.003526,0.01094,0.006173,0.1865,0.7455,
0.8587,0.3899,0.01129,0.009135,0.008866,0.01015,0.005872,0.001983,0.003507,0.01106,0.006527,0.186,0.7456,
0.8577,0.3963,0.01119,0.009131,0.008882,0.01018,0.00567,0.003089,0.002426,0.01114,0.00642,0.186,0.7459,
0.8571,0.403,0.01117,0.00913,0.008893,0.01012,0.005571,0.003091,0.002406,0.0115,0.006049,0.1865,0.7456,
0.8566,0.41,0.01115,0.009136,0.0089,0.01011,0.005495,0.003105,0.002387,0.01162,0.005937,0.1865,0.7457,
0.8565,0.4045,0.0111,0.009156,0.008905,0.01011,0.005492,0.003124,0.002368,0.01162,0.005937,0.1865,0.7457,
0.856,0.4135,0.01109,0.009154,0.00891,0.01005,0.005457,0.003126,0.002349,0.01166,0.005895,0.1865,0.7458,
0.8557,0.4136,0.01113,0.009157,0.008841,0.0101,0.005309,0.003096,0.002364,0.01172,0.00599,0.1863,0.746,
0.8551,0.406,0.01112,0.009168,0.008845,0.01005,0.005258,0.003061,0.002426,0.01168,0.005966,0.1863,0.7461,
0.8551,0.4073,0.01107,0.009175,0.008854,0.01005,0.005272,0.003045,0.002426,0.01177,0.00587,0.1865,0.746,
0.8541,0.4054,0.01106,0.009176,0.00885,0.01002,0.005167,0.003038,0.002429,0.01182,0.005765,0.1865,0.7462,
0.8537,0.4064,0.01104,0.009154,0.008851,0.01,0.005117,0.003035,0.002546,0.01177,0.005698,0.1865,0.7463,
0.8573,0.4024,0.01128,0.009151,0.008861,0.01,0.00506,0.003051,0.002555,0.01179,0.00648,0.1857,0.7461,
0.8578,0.4027,0.01136,0.009133,0.008881,0.01,0.00507,0.003038,0.002536,0.01181,0.006553,0.1856,0.746,
0.8586,0.4054,0.01146,0.00911,0.008856,0.009981,0.005098,0.00304,0.002497,0.01204,0.006279,0.1863,0.7453,
0.8593,0.4054,0.01156,0.009112,0.008863,0.009973,0.005135,0.003002,0.002497,0.01204,0.006368,0.1863,0.7452,
0.8588,0.4057,0.0115,0.009123,0.008829,0.01,0.005098,0.002979,0.002508,0.0121,0.006289,0.1863,0.7452,
0.8587,0.4059,0.01134,0.009137,0.008832,0.01012,0.005097,0.002975,0.002538,0.01209,0.006255,0.1863,0.7453,
0.8584,0.407,0.01133,0.009149,0.008836,0.01011,0.005112,0.00296,0.002581,0.01204,0.006173,0.1864,0.7453,
0.8585,0.4092,0.01142,0.009146,0.008837,0.01011,0.005098,0.002975,0.002577,0.01207,0.00612,0.1864,0.7453,
0.8583,0.406,0.01141,0.009137,0.008843,0.0101,0.005088,0.002966,0.002576,0.01209,0.006086,0.1864,0.7453,
0.86,0.407,0.0114,0.009156,0.008806,0.01015,0.005086,0.002965,0.002612,0.01208,0.006414,0.1863,0.745,
0.8605,0.4094,0.01141,0.009155,0.008809,0.01021,0.005053,0.002984,0.002612,0.01215,0.006461,0.1862,0.745,
0.8606,0.4087,0.01142,0.009174,0.008771,0.0102,0.005067,0.002969,0.002612,0.01215,0.006499,0.1861,0.745,
0.8604,0.4241,0.01139,0.009178,0.008736,0.01022,0.005067,0.002969,0.002612,0.01218,0.006465,0.1861,0.745,
0.8596,0.4136,0.01131,0.009195,0.00874,0.01022,0.005035,0.002956,0.002641,0.01226,0.006288,0.1862,0.7452,
0.8582,0.4028,0.01127,0.009198,0.008751,0.01019,0.006289,0.001697,0.002659,0.01226,0.006251,0.1862,0.7452,
0.8588,0.3972,0.01133,0.009194,0.008755,0.01016,0.006287,0.001715,0.002677,0.01229,0.006256,0.1863,0.745,
0.858,0.3958,0.01126,0.009186,0.008756,0.0102,0.006249,0.001719,0.00264,0.01237,0.006108,0.1864,0.7451,
0.8597,0.3962,0.01136,0.009199,0.008758,0.0102,0.006259,0.00169,0.002792,0.01251,0.006174,0.1861,0.745,
0.859,0.4001,0.01116,0.009205,0.008766,0.01033,0.00618,0.001673,0.002856,0.0126,0.00602,0.1861,0.7451,
0.8576,0.4117,0.01113,0.0092,0.008767,0.01032,0.005999,0.001674,0.002883,0.01292,0.005656,0.1861,0.7454,
0.8619,0.3985,0.01147,0.009213,0.008715,0.0103,0.00571,0.001691,0.002897,0.01301,0.006818,0.185,0.7452,
0.8591,0.3961,0.01145,0.009216,0.00872,0.01041,0.00512,0.001676,0.002867,0.01303,0.006778,0.185,0.7457,
0.8591,0.3936,0.01126,0.009208,0.008679,0.0106,0.005151,0.001667,0.002957,0.01292,0.006778,0.185,0.7458,
0.8596,0.405,0.01123,0.009172,0.008665,0.01064,0.005037,0.001665,0.002935,0.01292,0.006751,0.1861,0.7449,
0.8597,0.4076,0.01132,0.009177,0.008668,0.0106,0.004996,0.001641,0.002982,0.01287,0.006805,0.186,0.7449,
0.8604,0.3987,0.01138,0.009183,0.008676,0.01058,0.004991,0.00164,0.003019,0.01291,0.006829,0.1861,0.7447,
0.861,0.4029,0.01146,0.009181,0.008645,0.01058,0.00501,0.00164,0.003038,0.01289,0.006914,0.186,0.7447,
0.8607,0.3986,0.01138,0.009195,0.008649,0.01057,0.005009,0.001639,0.003081,0.01284,0.006913,0.186,0.7447,
0.8609,0.4045,0.01126,0.009205,0.008658,0.01065,0.005024,0.002472,0.002288,0.01279,0.006913,0.186,0.7448,
0.8612,0.4035,0.0113,0.009195,0.008667,0.01059,0.005019,0.002491,0.002286,0.01284,0.006946,0.1859,0.7448,
0.8623,0.4047,0.0114,0.009195,0.008668,0.01064,0.004932,0.00241,0.00228,0.0129,0.007199,0.1859,0.7445,
0.8621,0.3969,0.01138,0.009201,0.008674,0.01063,0.004957,0.0024,0.002265,0.01318,0.006922,0.1859,0.7445,
0.8626,0.3939,0.01153,0.009187,0.008626,0.01059,0.004991,0.002393,0.002257,0.0132,0.006994,0.1858,0.7444,
0.8625,0.3957,0.01151,0.00918,0.008626,0.01056,0.004993,0.002389,0.002262,0.01322,0.006941,0.186,0.7443,
0.8621,0.3995,0.01148,0.009179,0.008639,0.01056,0.004949,0.002488,0.002175,0.01334,0.006783,0.186,0.7444,
0.8637,0.3975,0.01163,0.009168,0.008652,0.01052,0.004949,0.002507,0.002156,0.01337,0.007115,0.1857,0.7443,
0.8637,0.3982,0.01161,0.009164,0.008656,0.01051,0.004947,0.002506,0.002155,0.0135,0.006944,0.186,0.744,
0.8636,0.4009,0.01157,0.009198,0.008668,0.01051,0.004947,0.002518,0.002173,0.01351,0.006866,0.186,0.744,
0.863,0.4018,0.01155,0.009199,0.008678,0.0105,0.004886,0.002488,0.002173,0.01352,0.006834,0.186,0.7442,
0.8624,0.4051,0.01152,0.0092,0.008644,0.01052,0.00483,0.002503,0.002177,0.01374,0.0066,0.186,0.7443,
0.8641,0.4056,0.01162,0.009201,0.008649,0.01051,0.00483,0.002542,0.002137,0.01373,0.007011,0.1856,0.7441,
0.8652,0.3988,0.01168,0.009202,0.008654,0.01053,0.00483,0.002569,0.002138,0.01379,0.00716,0.1854,0.7441,
0.8653,0.4019,0.01158,0.009188,0.008658,0.01056,0.004843,0.002566,0.00214,0.01382,0.007059,0.1859,0.7437,
0.8652,0.4041,0.01155,0.009179,0.008664,0.01054,0.004859,0.002565,0.002199,0.01374,0.007058,0.1859,0.7437,
0.8645,0.4056,0.01149,0.009188,0.008666,0.01042,0.004875,0.002549,0.002291,0.01368,0.006988,0.186,0.7439,
0.8645,0.4007,0.01147,0.009192,0.008675,0.01041,0.004875,0.002591,0.002305,0.01363,0.006988,0.186,0.7439,
0.8656,0.4039,0.01159,0.009198,0.008686,0.01037,0.004875,0.002591,0.002305,0.01369,0.007126,0.1858,0.7438,
0.8673,0.4051,0.01153,0.009207,0.008684,0.01042,0.004849,0.002607,0.002321,0.01407,0.007142,0.1858,0.7433,
0.8679,0.4082,0.01149,0.0092,0.008689,0.01043,0.004849,0.002667,0.002645,0.01369,0.007143,0.1859,0.7433,
0.8714,0.4634,0.01143,0.009194,0.008704,0.01046,0.004887,0.002643,0.009329,0.00706,0.00701,0.1859,0.7434,
0.8715,0.4629,0.01145,0.009188,0.008719,0.01044,0.004881,0.002648,0.00931,0.007032,0.007093,0.1858,0.7435,
0.8723,0.4117,0.01156,0.009201,0.008725,0.01046,0.0049,0.00263,0.009379,0.007199,0.006916,0.1857,0.7433,
0.8722,0.4029,0.01148,0.009208,0.008708,0.01051,0.004881,0.002643,0.009426,0.007265,0.006781,0.1858,0.7433,
0.8719,0.4021,0.01146,0.009217,0.008713,0.01048,0.004881,0.002635,0.009445,0.007387,0.006625,0.1859,0.7433,
0.8716,0.4228,0.01145,0.009216,0.008717,0.01046,0.004881,0.002695,0.00946,0.007442,0.006435,0.1859,0.7434,
0.8715,0.4137,0.01144,0.009223,0.008718,0.01041,0.004881,0.002767,0.009389,0.007532,0.006345,0.1859,0.7434,
0.872,0.4134,0.01155,0.009226,0.008727,0.01045,0.004881,0.002768,0.009404,0.007591,0.006251,0.1859,0.7433,
0.8716,0.4235,0.01144,0.009213,0.008686,0.01052,0.004882,0.002802,0.009388,0.007591,0.006194,0.1859,0.7433,
0.871,0.4311,0.01135,0.009217,0.008588,0.01058,0.004882,0.002814,0.009406,0.007605,0.006151,0.1859,0.7435,
0.8709,0.4444,0.01128,0.009224,0.008595,0.01063,0.004863,0.002847,0.009368,0.007655,0.0061,0.1859,0.7435,
0.8722,0.4292,0.01141,0.009229,0.008607,0.01059,0.004875,0.00284,0.009371,0.007765,0.006251,0.1856,0.7434,
0.8718,0.4203,0.01148,0.009238,0.008602,0.01054,0.005891,0.0018,0.009371,0.007784,0.006378,0.1855,0.7434,
0.8715,0.4219,0.01145,0.009236,0.008599,0.01057,0.005868,0.001791,0.009356,0.00784,0.006322,0.1855,0.7435,
0.873,0.415,0.01148,0.009239,0.008596,0.01053,0.005893,0.001798,0.009332,0.007921,0.006452,0.1858,0.743,
0.8724,0.4011,0.01145,0.009234,0.008574,0.01048,0.005907,0.001806,0.009324,0.008207,0.006152,0.1858,0.7431,
0.872,0.4098,0.01139,0.009279,0.008578,0.0104,0.005889,0.00182,0.009301,0.008328,0.006029,0.1858,0.7431,
0.8735,0.4098,0.01146,0.009282,0.008497,0.01034,0.00589,0.001819,0.009278,0.008329,0.00661,0.1853,0.7432,
0.8732,0.4166,0.01144,0.009263,0.008501,0.01033,0.005925,0.001797,0.009285,0.008397,0.006485,0.1853,0.7433,
0.8726,0.4212,0.01141,0.009275,0.008504,0.01028,0.005884,0.001776,0.00933,0.008511,0.006327,0.1853,0.7434,
0.8724,0.4155,0.01136,0.009289,0.00851,0.0103,0.00588,0.001781,0.009343,0.00869,0.00611,0.1853,0.7434,
0.8719,0.4079,0.01135,0.009282,0.008518,0.01029,0.005837,0.00177,0.009325,0.008721,0.006077,0.1853,0.7435,
0.871,0.4242,0.01124,0.009291,0.008525,0.01037,0.005713,0.001784,0.01051,0.007577,0.006023,0.1853,0.7436,
0.8717,0.428,0.01137,0.009278,0.00848,0.01029,0.005447,0.001853,0.01043,0.007592,0.006402,0.1854,0.7435,
0.8722,0.4372,0.01146,0.009277,0.008472,0.01024,0.005236,0.001804,0.01042,0.007788,0.006748,0.1848,0.7437,
0.8711,0.4293,0.0114,0.009294,0.008438,0.01017,0.00512,0.001822,0.01044,0.007809,0.006688,0.1849,0.7439,
0.8711,0.4153,0.01143,0.009281,0.008456,0.01018,0.005118,0.001844,0.01059,0.007634,0.00667,0.1849,0.7439,
0.8714,0.4182,0.01159,0.009298,0.008461,0.01018,0.005035,0.001864,0.01054,0.007861,0.006442,0.1849,0.7439,
0.8717,0.428,0.01156,0.009303,0.008392,0.01016,0.004987,0.001945,0.01048,0.007864,0.006388,0.1857,0.7433,
0.8744,0.4358,0.01162,0.009291,0.008391,0.01011,0.004954,0.003918,0.008524,0.007864,0.006527,0.1855,0.7433,
0.8745,0.4317,0.01161,0.00929,0.008401,0.0101,0.004993,0.003908,0.00849,0.007862,0.006526,0.1857,0.7432,
0.8756,0.4317,0.01157,0.009304,0.008405,0.01021,0.005017,0.003897,0.008452,0.008013,0.006627,0.1854,0.7431,
0.8767,0.4057,0.01162,0.009308,0.008337,0.01018,0.004972,0.003932,0.008441,0.008069,0.006806,0.1856,0.7428,
0.8775,0.404,0.0117,0.009306,0.00835,0.01017,0.004983,0.003962,0.008398,0.008152,0.006842,0.1855,0.7426,
0.877,0.4043,0.01168,0.009319,0.008359,0.01017,0.00492,0.003956,0.008359,0.008195,0.006798,0.1855,0.7427,
0.8771,0.4068,0.01171,0.00932,0.008367,0.01015,0.004894,0.003941,0.008466,0.008154,0.006807,0.1855,0.7427,
0.8778,0.4127,0.01165,0.009308,0.008372,0.01015,0.004936,0.003896,0.009548,0.007087,0.007035,0.1855,0.7425,
0.8782,0.4135,0.0116,0.009336,0.00838,0.01025,0.00492,0.003922,0.009499,0.007105,0.007073,0.1855,0.7425,
0.8815,0.4203,0.01173,0.009347,0.008378,0.01024,0.004947,0.003925,0.009523,0.007189,0.007567,0.1853,0.7418,
0.8828,0.4082,0.01174,0.009351,0.008273,0.01024,0.00499,0.003951,0.009484,0.007146,0.007937,0.1853,0.7416,
0.8825,0.4109,0.01173,0.009353,0.008277,0.01021,0.005009,0.003952,0.009514,0.007277,0.00772,0.1854,0.7416,
0.883,0.4138,0.01185,0.009356,0.008288,0.01019,0.004951,0.004016,0.009484,0.007435,0.00759,0.1853,0.7415,
0.8858,0.4103,0.01194,0.009345,0.008306,0.0103,0.00495,0.004052,0.009445,0.007433,0.008099,0.1851,0.741,
0.8865,0.4102,0.01205,0.009341,0.008321,0.01027,0.004904,0.004054,0.009438,0.007566,0.008036,0.1852,0.7408,
0.8872,0.408,0.01214,0.009344,0.00828,0.01023,0.004899,0.00405,0.009424,0.007654,0.008205,0.185,0.7408,
0.8871,0.4125,0.0121,0.009358,0.008285,0.01022,0.004899,0.004051,0.009452,0.007626,0.008205,0.185,0.7408,
0.8871,0.4162,0.01207,0.009368,0.008296,0.01021,0.004899,0.004106,0.009415,0.007626,0.008186,0.185,0.7408,
0.8891,0.4174,0.0122,0.009381,0.008301,0.01021,0.004914,0.004143,0.009397,0.007593,0.008626,0.1845,0.7407,
0.8892,0.4152,0.01212,0.009389,0.008301,0.01022,0.004896,0.004139,0.009345,0.007603,0.008571,0.1852,0.7402,
0.8888,0.3971,0.01209,0.009386,0.008309,0.01022,0.004855,0.004138,0.009346,0.007572,0.008572,0.1852,0.7403,
0.8886,0.3991,0.01198,0.009406,0.00832,0.01026,0.004855,0.004157,0.009362,0.007539,0.008573,0.1852,0.7404,
0.8883,0.4031,0.01192,0.009407,0.00833,0.01022,0.004855,0.004175,0.009344,0.007625,0.008487,0.1852,0.7405,
0.8882,0.4028,0.01191,0.009397,0.008347,0.01021,0.004874,0.004175,0.009356,0.007624,0.008457,0.1852,0.7405,
0.8888,0.4039,0.01196,0.009386,0.008362,0.01015,0.004884,0.004141,0.009375,0.007639,0.008677,0.1849,0.7405,
0.8899,0.3955,0.01209,0.009389,0.00837,0.01013,0.004884,0.004141,0.00939,0.007747,0.008733,0.1848,0.7404,
0.8912,0.3884,0.01231,0.009392,0.008378,0.01007,0.00492,0.004096,0.009392,0.007984,0.008691,0.1846,0.7402,
0.8916,0.3954,0.01224,0.00938,0.008375,0.01011,0.004985,0.00404,0.009367,0.007998,0.008667,0.1851,0.7397,
0.8914,0.4014,0.01217,0.009388,0.008394,0.01009,0.00503,0.004025,0.009366,0.008098,0.008537,0.1851,0.7398,
0.8927,0.3979,0.01218,0.009379,0.008402,0.01001,0.004998,0.004035,0.009339,0.008303,0.008772,0.185,0.7395,
0.8927,0.3979,0.01214,0.009394,0.008407,0.01,0.004995,0.004078,0.009328,0.008481,0.00856,0.185,0.7396,
0.8925,0.3935,0.01214,0.00939,0.008416,0.009976,0.00501,0.004119,0.009278,0.008471,0.008541,0.185,0.7396,
0.8938,0.3948,0.01214,0.009382,0.00843,0.009975,0.005037,0.004141,0.009229,0.008491,0.008924,0.1847,0.7396,
0.8905,0.4368,0.01211,0.00939,0.008444,0.009975,0.005037,0.004197,0.014,0.00372,0.008803,0.1847,0.7396,
0.8934,0.413,0.01237,0.009397,0.008446,0.009965,0.005058,0.004199,0.01396,0.003765,0.009119,0.1849,0.7388,
0.8933,0.4104,0.01234,0.009403,0.008453,0.009965,0.005077,0.004192,0.01397,0.003751,0.009119,0.1849,0.7388,
0.8944,0.4117,0.01221,0.009407,0.008459,0.01011,0.005088,0.004198,0.01401,0.003747,0.009269,0.1849,0.7386,
0.8945,0.4149,0.01219,0.009407,0.008466,0.0101,0.005054,0.004208,0.01396,0.004384,0.008632,0.1849,0.7387,
0.8968,0.4197,0.01232,0.009417,0.008468,0.01007,0.005031,0.004219,0.01396,0.0044,0.009073,0.1848,0.7382,
0.8966,0.4127,0.01235,0.009412,0.00848,0.01012,0.006341,0.002922,0.01392,0.0044,0.009123,0.1848,0.7382,
0.8966,0.4389,0.01234,0.009399,0.00849,0.01012,0.006341,0.002922,0.01392,0.004437,0.009085,0.1848,0.7381,
0.8966,0.4382,0.01233,0.009385,0.008499,0.01011,0.006396,0.002897,0.01389,0.004532,0.00899,0.1848,0.7381,
0.8966,0.4417,0.01219,0.009375,0.00851,0.01021,0.006411,0.002909,0.01393,0.004711,0.008745,0.1848,0.7382,
0.8983,0.4389,0.01225,0.009397,0.008516,0.01021,0.006408,0.00295,0.01388,0.004687,0.009205,0.1844,0.7381,
0.9007,0.4367,0.01248,0.00939,0.008524,0.01021,0.006441,0.002997,0.01378,0.004758,0.009611,0.1839,0.7379,
0.9002,0.4437,0.01247,0.009394,0.008532,0.0102,0.006328,0.003023,0.01374,0.004957,0.009413,0.1839,0.738,
0.9,0.4194,0.01242,0.009409,0.00854,0.01019,0.00627,0.003074,0.01371,0.005089,0.009257,0.1839,0.7381,
0.9003,0.4219,0.01247,0.009411,0.008554,0.01018,0.006269,0.003073,0.01375,0.00528,0.009025,0.1839,0.7381,
0.9006,0.4228,0.01225,0.009426,0.008554,0.01028,0.006281,0.003034,0.01372,0.00533,0.00896,0.1847,0.7375,
0.9002,0.4233,0.01222,0.00941,0.008566,0.01026,0.00629,0.003001,0.01377,0.005309,0.008927,0.1847,0.7375,
0.8999,0.4307,0.01207,0.00941,0.008569,0.01038,0.006241,0.003008,0.01375,0.005442,0.008795,0.1847,0.7376,
0.9008,0.4449,0.01203,0.009407,0.008581,0.01044,0.006202,0.003026,0.01374,0.005534,0.008982,0.1844,0.7376,
0.8973,0.4217,0.01191,0.00943,0.008588,0.0105,0.005694,0.002871,0.01374,0.005616,0.008839,0.1845,0.7383,
0.8978,0.446,0.01198,0.009438,0.008592,0.01045,0.005712,0.002852,0.01374,0.005633,0.008849,0.1847,0.7381,
0.8972,0.404,0.01196,0.009433,0.008598,0.01043,0.005636,0.002852,0.01381,0.005561,0.008849,0.1847,0.7382,
0.8965,0.4047,0.01182,0.009432,0.008611,0.01053,0.005581,0.002869,0.01378,0.005606,0.008736,0.1847,0.7383,
0.8967,0.4109,0.01193,0.009435,0.008616,0.01052,0.006435,0.002023,0.01375,0.005687,0.008817,0.1845,0.7382,
0.8964,0.4402,0.01192,0.009446,0.008622,0.01052,0.006385,0.002045,0.01374,0.005691,0.008784,0.1845,0.7383,
0.9011,0.4861,0.01189,0.009449,0.008632,0.01049,0.006386,0.008305,0.007544,0.005679,0.008737,0.1846,0.7383,
0.9007,0.4324,0.01187,0.009447,0.00864,0.01048,0.006274,0.008302,0.007543,0.005966,0.008429,0.1847,0.7384,
0.9015,0.4352,0.01198,0.009441,0.00865,0.01048,0.006302,0.008366,0.008455,0.005058,0.008526,0.1845,0.7382,
0.9006,0.4285,0.01197,0.009437,0.008646,0.01044,0.006165,0.008418,0.008388,0.005102,0.00845,0.1847,0.7383,
0.9011,0.4303,0.01209,0.009458,0.008661,0.01039,0.006119,0.008459,0.00839,0.005098,0.008535,0.1845,0.7383,
0.9006,0.4367,0.01204,0.009449,0.00867,0.01036,0.006149,0.008473,0.008314,0.005256,0.008292,0.1847,0.7383,
0.8999,0.4458,0.01202,0.009445,0.008646,0.01036,0.006098,0.008488,0.009014,0.004928,0.007905,0.1847,0.7384,
0.8994,0.4402,0.01206,0.009435,0.008647,0.01029,0.00595,0.008499,0.009014,0.005277,0.007633,0.1846,0.7386,
0.8982,0.4392,0.01199,0.009393,0.008653,0.0103,0.005778,0.008544,0.008969,0.005329,0.007576,0.1846,0.7389,
0.8964,0.4415,0.01196,0.009397,0.008659,0.0103,0.005441,0.008561,0.008986,0.005315,0.007469,0.1848,0.7391,
0.8971,0.44,0.01195,0.009395,0.008669,0.01035,0.005414,0.008575,0.008971,0.005297,0.007695,0.1846,0.7391,
0.8966,0.4366,0.01194,0.009393,0.008679,0.01032,0.005306,0.008649,0.00894,0.005973,0.006975,0.1846,0.7392,
0.8979,0.4478,0.01205,0.00939,0.008692,0.01028,0.005178,0.008668,0.008904,0.006026,0.007426,0.1841,0.7393,
0.9006,0.4595,0.01216,0.009414,0.008689,0.01043,0.005121,0.008693,0.008872,0.006218,0.007472,0.1846,0.7384,
0.9005,0.4675,0.0121,0.009432,0.008696,0.01043,0.00519,0.008636,0.00886,0.006283,0.007407,0.1846,0.7384,
0.9005,0.4532,0.01209,0.009439,0.008703,0.01043,0.005205,0.00864,0.008872,0.006355,0.007304,0.1846,0.7384,
0.8999,0.4534,0.01207,0.009409,0.008688,0.01042,0.005166,0.008686,0.008793,0.006546,0.007113,0.1846,0.7385,
0.9017,0.45,0.01224,0.009432,0.008677,0.01044,0.005151,0.008725,0.008746,0.006696,0.007292,0.1843,0.7383,
0.9032,0.4205,0.01231,0.009431,0.008684,0.01046,0.005182,0.008728,0.008728,0.006674,0.007657,0.1839,0.7382,
0.9031,0.4392,0.01212,0.00943,0.008702,0.01057,0.005206,0.008741,0.008744,0.006658,0.00762,0.1839,0.7383,
0.9034,0.4366,0.01208,0.009421,0.008705,0.01055,0.005187,0.008793,0.008672,0.007077,0.007192,0.1845,0.7378,
0.9033,0.4333,0.01194,0.009421,0.008712,0.01066,0.005219,0.008796,0.008654,0.007234,0.007009,0.1845,0.7379,
0.9036,0.4193,0.01185,0.009438,0.008716,0.01077,0.005219,0.008808,0.008642,0.007377,0.006914,0.1844,0.7378,
0.9046,0.4053,0.01192,0.00945,0.008687,0.01076,0.005234,0.008879,0.008602,0.007369,0.007133,0.1842,0.7378,
0.9056,0.4049,0.01197,0.009458,0.008692,0.01074,0.005267,0.008869,0.008598,0.007394,0.007313,0.184,0.7377,
0.9058,0.4072,0.01203,0.009474,0.0087,0.01074,0.005183,0.008871,0.008638,0.007669,0.007113,0.1838,0.7378,
0.9053,0.4083,0.01199,0.009478,0.008708,0.01073,0.005235,0.01038,0.007105,0.007846,0.006913,0.1838,0.7378,
0.9055,0.4109,0.01196,0.00948,0.008708,0.01064,0.005287,0.01031,0.0071,0.008009,0.006739,0.1844,0.7374,
0.9049,0.414,0.0119,0.009489,0.008717,0.01063,0.005223,0.01033,0.007054,0.00813,0.006619,0.1844,0.7375,
0.9074,0.4203,0.01199,0.009507,0.008716,0.01068,0.005279,0.01027,0.007054,0.008198,0.007105,0.1839,0.7373,
0.9071,0.4172,0.01195,0.009496,0.008731,0.01069,0.005286,0.01027,0.007068,0.008203,0.007034,0.1839,0.7374,
0.9075,0.414,0.01185,0.009499,0.008732,0.0107,0.006085,0.009459,0.007078,0.00828,0.006897,0.1843,0.7371,
0.9072,0.4016,0.01181,0.009489,0.008741,0.01068,0.006085,0.009501,0.007061,0.008383,0.006769,0.1844,0.7371,
0.9047,0.4444,0.01175,0.009521,0.008742,0.01067,0.006072,0.009486,0.01177,0.003688,0.006734,0.1844,0.7372,
0.9047,0.449,0.01167,0.009533,0.008746,0.01072,0.00612,0.009444,0.01174,0.003762,0.006659,0.1844,0.7372,
0.9055,0.4568,0.01178,0.009543,0.008759,0.0107,0.006171,0.009434,0.01176,0.003831,0.006637,0.1843,0.7371,
0.9039,0.4863,0.01175,0.009528,0.008773,0.01068,0.0116,0.004049,0.01171,0.003894,0.006573,0.1844,0.7371,
0.9049,0.4465,0.01181,0.009537,0.008781,0.01062,0.01167,0.003982,0.01178,0.004165,0.006437,0.1843,0.7369,
0.9045,0.4238,0.01196,0.009532,0.008787,0.01063,0.01133,0.003916,0.01179,0.0042,0.006598,0.1841,0.7371,
0.9042,0.4163,0.01194,0.009562,0.008792,0.01061,0.0112,0.003845,0.01179,0.004302,0.006588,0.1842,0.7371,
0.9054,0.4201,0.01209,0.009572,0.008796,0.01059,0.01121,0.003827,0.0118,0.004305,0.006734,0.1841,0.7369,
0.9045,0.4202,0.01207,0.009575,0.008806,0.01059,0.0111,0.003799,0.01183,0.004277,0.006665,0.1842,0.7371,
0.9025,0.4269,0.0121,0.009593,0.008816,0.01058,0.01054,0.003785,0.01187,0.004216,0.006724,0.1843,0.7375,
0.9013,0.3878,0.01207,0.009591,0.00882,0.01056,0.01036,0.003774,0.01185,0.004201,0.006724,0.1843,0.7378,
0.9005,0.3907,0.01224,0.009593,0.008773,0.01053,0.009983,0.003794,0.01185,0.004199,0.006854,0.1841,0.7381,
0.9002,0.3878,0.01227,0.009598,0.008778,0.0106,0.009782,0.003812,0.01181,0.004184,0.006927,0.1841,0.7382,
0.8958,0.4089,0.01226,0.009595,0.008784,0.01055,0.008526,0.005601,0.01002,0.004445,0.006599,0.1841,0.7396,
0.8951,0.4554,0.01224,0.009611,0.008791,0.01062,0.008394,0.01099,0.004578,0.004435,0.006679,0.1842,0.7395,
0.8945,0.4544,0.01211,0.009596,0.008799,0.01073,0.008339,0.01096,0.004559,0.004467,0.006647,0.1842,0.7396,
0.8951,0.4517,0.01213,0.0096,0.008708,0.01067,0.008289,0.01098,0.00451,0.00484,0.006684,0.1838,0.7398,
0.8956,0.4536,0.01216,0.009608,0.008713,0.01071,0.008177,0.01097,0.004485,0.005059,0.006521,0.1841,0.7394,
0.8946,0.4089,0.01215,0.009603,0.008721,0.0107,0.007972,0.01097,0.004485,0.005059,0.006521,0.1842,0.7396,
0.8939,0.408,0.01212,0.009596,0.008727,0.01065,0.007908,0.01094,0.004514,0.005068,0.006483,0.1842,0.7398,
0.8938,0.4079,0.01209,0.009614,0.008739,0.01065,0.007842,0.01092,0.004511,0.005287,0.006304,0.1842,0.7399,
0.8927,0.4202,0.01207,0.009622,0.008716,0.01064,0.00772,0.01089,0.004488,0.005343,0.006248,0.1842,0.7401,
0.8925,0.4024,0.01203,0.009637,0.008712,0.01068,0.007588,0.01087,0.004526,0.005374,0.006289,0.184,0.7402,
0.8922,0.3997,0.01205,0.009644,0.00872,0.01072,0.007444,0.01089,0.004487,0.005355,0.006374,0.184,0.7404,
0.8916,0.3976,0.01217,0.009641,0.008728,0.0107,0.007253,0.01084,0.004516,0.005427,0.006282,0.1839,0.7405,
0.8901,0.3995,0.01217,0.009634,0.008735,0.01059,0.007053,0.01084,0.004556,0.005392,0.006257,0.184,0.7408,
0.8899,0.4026,0.01203,0.009643,0.00871,0.01071,0.007065,0.01091,0.00451,0.005432,0.006174,0.184,0.7408,
0.8891,0.4228,0.01198,0.009646,0.008637,0.0107,0.007035,0.01092,0.004498,0.005571,0.005936,0.1842,0.7408,
0.8885,0.4219,0.01191,0.009655,0.008639,0.01072,0.007012,0.01092,0.004485,0.005611,0.005823,0.1843,0.7409,
0.8881,0.4279,0.01189,0.009654,0.008649,0.0107,0.006964,0.01091,0.004522,0.005667,0.00573,0.1843,0.741,
0.8878,0.4249,0.01188,0.009637,0.008663,0.0107,0.006979,0.01089,0.004514,0.005653,0.005676,0.1844,0.7411,
0.888,0.4345,0.01185,0.009654,0.008674,0.01069,0.008039,0.009807,0.004529,0.005744,0.005571,0.1844,0.7411,
0.8904,0.4279,0.01201,0.00965,0.008681,0.01071,0.008035,0.009743,0.004529,0.005917,0.00596,0.1838,0.741,
0.8901,0.4321,0.01192,0.00964,0.008643,0.01076,0.008025,0.009696,0.004538,0.006224,0.005617,0.1842,0.7408,
0.89,0.4283,0.01183,0.009651,0.008651,0.01079,0.008025,0.009715,0.004519,0.006278,0.005562,0.1842,0.7408,
0.8918,0.4183,0.01193,0.009636,0.008659,0.01078,0.008024,0.009744,0.004518,0.006249,0.005965,0.1839,0.7406,
0.8927,0.4222,0.01199,0.009627,0.00867,0.01077,0.008023,0.009704,0.00457,0.006402,0.005883,0.1841,0.7403,
0.8922,0.4183,0.01194,0.009655,0.008671,0.01076,0.007958,0.009682,0.004565,0.006465,0.00582,0.1841,0.7404,
0.8916,0.4181,0.01192,0.009652,0.008643,0.01076,0.00793,0.009649,0.004549,0.006496,0.005782,0.1841,0.7405,
0.892,0.4124,0.012,0.009651,0.008652,0.01079,0.007821,0.009692,0.004487,0.006496,0.005954,0.1839,0.7405,
0.8918,0.432,0.01198,0.009656,0.008654,0.01079,0.007823,0.009668,0.004467,0.006496,0.005954,0.1839,0.7406,
0.8916,0.4357,0.01191,0.009663,0.00866,0.0108,0.007836,0.00963,0.004449,0.006592,0.005856,0.1841,0.7405,
0.8915,0.4251,0.01188,0.009663,0.00867,0.01081,0.007887,0.009556,0.004449,0.006715,0.005733,0.1841,0.7406,
0.8915,0.4135,0.01173,0.00967,0.008684,0.01094,0.007905,0.009558,0.004477,0.006698,0.005702,0.1841,0.7406,
0.8914,0.4131,0.01178,0.00966,0.008696,0.01091,0.007905,0.00952,0.004477,0.006807,0.005597,0.1841,0.7406,
0.8913,0.4146,0.01174,0.009685,0.008712,0.01088,0.007937,0.009487,0.004495,0.006788,0.005597,0.1841,0.7406,
0.8911,0.4251,0.01171,0.009703,0.008722,0.01084,0.007965,0.009504,0.00445,0.006846,0.005539,0.1841,0.7406,
0.8907,0.4095,0.01169,0.009709,0.008674,0.01083,0.008025,0.009455,0.004434,0.006827,0.005538,0.1841,0.7407,
0.8902,0.4123,0.01164,0.009737,0.00868,0.01082,0.007968,0.009446,0.004416,0.007002,0.005364,0.1841,0.7408,
0.8898,0.4176,0.01162,0.009743,0.008681,0.0108,0.007951,0.009457,0.004386,0.007224,0.005142,0.1841,0.7409,
0.8907,0.4113,0.01163,0.009729,0.008667,0.01076,0.007956,0.009369,0.004399,0.007632,0.005181,0.1837,0.741,
0.8907,0.4123,0.01148,0.009721,0.00867,0.01085,0.007924,0.00937,0.004382,0.007786,0.005021,0.184,0.7407,
0.8912,0.4087,0.01154,0.009731,0.008676,0.01085,0.007755,0.009364,0.004371,0.007804,0.005317,0.1837,0.7409,
0.8905,0.4167,0.01152,0.009741,0.008677,0.01084,0.007658,0.009277,0.004366,0.007935,0.005174,0.184,0.7408,
0.8894,0.4096,0.01145,0.009738,0.00868,0.01079,0.007545,0.009249,0.004418,0.007913,0.00512,0.184,0.7411,
0.8885,0.4201,0.01121,0.009738,0.008695,0.01096,0.007456,0.009233,0.004412,0.007975,0.005044,0.184,0.7413,
0.8873,0.4093,0.01117,0.009743,0.008702,0.01097,0.007239,0.009206,0.004431,0.00801,0.00499,0.184,0.7415,
0.8865,0.4147,0.01115,0.009752,0.00871,0.01097,0.007104,0.009173,0.004474,0.008022,0.004936,0.184,0.7417,
