entropy,entropyInd,RabA,RabB,RabC,RabD,RabE,RabF,RabG,RabH,RabI,xER,xPM,
0.6916,0.3455,0.007017,0.006688,0.006261,0.009112,0.005725,0.002505,0.002219,0.009753,0.005976,0.1208,0.824,
0.6913,0.34,0.007001,0.006688,0.006245,0.009094,0.005713,0.002502,0.002219,0.009753,0.005976,0.1208,0.824,
0.6908,0.3457,0.006997,0.006685,0.006245,0.009063,0.005645,0.002499,0.002219,0.009753,0.005976,0.1208,0.8241,
0.6909,0.3365,0.006994,0.006682,0.006242,0.009032,0.005587,0.002498,0.002218,0.00975,0.005974,0.1211,0.8239,
0.6882,0.3384,0.006991,0.006678,0.006201,0.009002,0.005163,0.002485,0.002211,0.009736,0.005969,0.1212,0.8244,
0.688,0.3451,0.006991,0.006678,0.006202,0.008982,0.005128,0.002485,0.002211,0.009736,0.005969,0.1212,0.8245,
0.6877,0.3408,0.006991,0.006679,0.006202,0.008944,0.005116,0.002482,0.002211,0.009736,0.005969,0.1212,0.8245,
0.6891,0.3339,0.007149,0.006674,0.006202,0.008928,0.005009,0.002482,0.002211,0.009736,0.006384,0.1207,0.8245,
0.6892,0.3329,0.007136,0.006672,0.006199,0.008897,0.00494,0.00248,0.00221,0.009733,0.006381,0.1211,0.8242,
0.6888,0.3321,0.007135,0.006669,0.006163,0.008882,0.004912,0.00248,0.00221,0.009733,0.006381,0.1211,0.8243,
0.6885,0.3241,0.007135,0.006669,0.006163,0.008873,0.004872,0.002477,0.00221,0.009733,0.006381,0.1211,0.8244,
0.6884,0.3392,0.007113,0.006668,0.006164,0.008871,0.004872,0.002477,0.00221,0.009733,0.006381,0.1211,0.8244,
0.6889,0.3299,0.007125,0.006662,0.006163,0.008828,0.004832,0.002475,0.002209,0.009733,0.006681,0.1208,0.8245,
0.6888,0.3172,0.007143,0.006661,0.006161,0.008763,0.004789,0.002475,0.002209,0.009734,0.006807,0.1207,0.8245,
0.6885,0.3158,0.007132,0.006654,0.006158,0.008753,0.004751,0.002472,0.002209,0.009734,0.006807,0.1207,0.8246,
0.6879,0.3144,0.007123,0.006638,0.006111,0.008683,0.004637,0.002459,0.002209,0.009731,0.006805,0.1211,0.8245,
0.6872,0.3162,0.007123,0.006638,0.006084,0.008644,0.004569,0.002459,0.002209,0.009731,0.006805,0.1211,0.8246,
0.6869,0.314,0.007122,0.006638,0.006084,0.008597,0.004548,0.002454,0.002205,0.009732,0.006805,0.1211,0.8247,
0.6874,0.315,0.007184,0.006635,0.006082,0.008578,0.004506,0.00245,0.002205,0.00973,0.006935,0.1211,0.8246,
0.6852,0.3193,0.007181,0.006622,0.006082,0.008554,0.00414,0.002442,0.0022,0.009729,0.006934,0.1211,0.825,
0.6858,0.3191,0.007211,0.006622,0.006082,0.008554,0.00414,0.002442,0.0022,0.009729,0.007079,0.121,0.825,
0.6862,0.3106,0.007254,0.006619,0.006081,0.008527,0.004119,0.002439,0.0022,0.009728,0.007186,0.121,0.8249,
0.6884,0.3047,0.007378,0.006609,0.006076,0.008494,0.004118,0.002438,0.002199,0.009724,0.007549,0.121,0.8244,
0.6883,0.3026,0.007378,0.006609,0.006076,0.008475,0.004117,0.002437,0.002198,0.009724,0.007549,0.121,0.8244,
0.6883,0.3,0.00741,0.006604,0.006048,0.008453,0.004057,0.002437,0.002198,0.009724,0.007705,0.1209,0.8245,
0.6893,0.2984,0.007518,0.006604,0.006048,0.008444,0.004056,0.002437,0.002198,0.009724,0.007891,0.1207,0.8244,
0.6898,0.2982,0.007531,0.006599,0.006048,0.008434,0.004044,0.002434,0.002198,0.009724,0.008129,0.1205,0.8244,
0.6901,0.3046,0.007508,0.006588,0.006044,0.008401,0.003992,0.002433,0.002197,0.009719,0.008125,0.121,0.824,
0.69,0.3006,0.007507,0.006588,0.006044,0.008372,0.003992,0.002433,0.002197,0.009719,0.008125,0.121,0.824,
0.6911,0.293,0.007575,0.006588,0.006044,0.008335,0.003972,0.002428,0.002192,0.009719,0.008538,0.1206,0.824,
0.6912,0.2951,0.007566,0.006582,0.00604,0.008294,0.003923,0.002425,0.002188,0.009715,0.008535,0.1209,0.8238,
0.6923,0.2925,0.00773,0.006582,0.006044,0.008285,0.003929,0.002452,0.002154,0.009832,0.008502,0.121,0.8235,
0.6919,0.2967,0.007718,0.00658,0.006054,0.008269,0.003908,0.002406,0.00219,0.01013,0.008164,0.121,0.8236,
0.6914,0.3021,0.007666,0.006578,0.006031,0.008278,0.00397,0.002355,0.002194,0.01046,0.00779,0.121,0.8237,
0.6914,0.3062,0.007595,0.006576,0.006042,0.008345,0.003989,0.00235,0.002193,0.01057,0.00773,0.1209,0.8237,
0.6923,0.3098,0.007635,0.006589,0.006043,0.008307,0.004002,0.002337,0.002353,0.01076,0.00762,0.1206,0.8237,
0.6926,0.3107,0.007692,0.006584,0.00605,0.008272,0.004002,0.002348,0.002377,0.01072,0.007682,0.1206,0.8237,
0.6921,0.3121,0.007662,0.006607,0.006057,0.008263,0.004001,0.002336,0.002399,0.01101,0.007244,0.1207,0.8237,
0.6919,0.3171,0.007649,0.006607,0.00606,0.00825,0.004001,0.002347,0.002451,0.01098,0.007061,0.121,0.8236,
0.6924,0.3135,0.007688,0.006594,0.006068,0.008235,0.003975,0.002348,0.002445,0.01109,0.007193,0.1207,0.8237,
0.6921,0.3268,0.007669,0.006604,0.006073,0.008201,0.003966,0.002355,0.002461,0.0111,0.007154,0.1207,0.8237,
0.6933,0.3232,0.007669,0.006611,0.006075,0.008153,0.003935,0.002347,0.002461,0.01113,0.007382,0.1209,0.8233,
0.6937,0.3139,0.007689,0.006614,0.006082,0.008152,0.003934,0.002347,0.002473,0.0112,0.007366,0.1209,0.8232,
0.6942,0.3202,0.007724,0.006617,0.006086,0.008141,0.003922,0.002343,0.002473,0.01144,0.007235,0.1209,0.8231,
0.6936,0.3184,0.007714,0.006615,0.006062,0.008122,0.003912,0.002341,0.00247,0.01164,0.006981,0.1209,0.8232,
0.6958,0.3095,0.007877,0.006631,0.006065,0.008071,0.003911,0.002367,0.002442,0.01171,0.007344,0.1207,0.8228,
0.6962,0.3069,0.007901,0.006631,0.006074,0.008052,0.003879,0.002366,0.002434,0.01181,0.00746,0.1205,0.8229,
0.6963,0.3169,0.007785,0.006631,0.006084,0.008118,0.003849,0.002365,0.002439,0.01182,0.007377,0.1209,0.8226,
0.6953,0.3125,0.007755,0.00664,0.006081,0.008042,0.003774,0.002362,0.002439,0.01184,0.007362,0.1208,0.8229,
0.6946,0.3105,0.007748,0.006642,0.006042,0.008005,0.003811,0.002325,0.00245,0.01206,0.007063,0.1209,0.8229,
0.694,0.3075,0.007717,0.006636,0.006047,0.007958,0.003753,0.002322,0.002451,0.01206,0.007064,0.1209,0.8231,
0.6934,0.3083,0.007695,0.006655,0.006052,0.007902,0.003721,0.002322,0.002463,0.01214,0.006977,0.1209,0.8232,
0.6943,0.3043,0.007838,0.006662,0.006056,0.007863,0.003705,0.002322,0.002487,0.0122,0.007056,0.1207,0.8231,
0.6947,0.3084,0.007818,0.00667,0.006046,0.007915,0.003705,0.002334,0.002475,0.01229,0.00707,0.1206,0.8231,
0.6944,0.31,0.007802,0.00667,0.006055,0.007883,0.003705,0.002334,0.002496,0.01236,0.006933,0.1207,0.8231,
0.6943,0.3057,0.007788,0.006667,0.00606,0.00786,0.003716,0.002321,0.002505,0.01245,0.006729,0.121,0.8229,
0.6941,0.3101,0.007777,0.006669,0.006069,0.007835,0.003726,0.002318,0.002569,0.01248,0.006634,0.1209,0.823,
0.6948,0.3096,0.007904,0.006674,0.006027,0.007805,0.003695,0.002318,0.002625,0.0125,0.006764,0.1207,0.823,
0.6944,0.3179,0.007889,0.006658,0.006014,0.007756,0.003695,0.002318,0.002648,0.01256,0.006682,0.1207,0.8231,
0.6944,0.315,0.007867,0.006668,0.006018,0.007717,0.003695,0.002335,0.002687,0.0126,0.006557,0.1209,0.823,
0.6943,0.3143,0.007841,0.006689,0.006023,0.007699,0.003703,0.002326,0.00269,0.01263,0.006501,0.1209,0.823,
0.6951,0.3155,0.007849,0.006678,0.006034,0.007738,0.003677,0.002359,0.002656,0.01276,0.006565,0.1209,0.8228,
0.6953,0.3238,0.007835,0.006683,0.006037,0.007749,0.003673,0.002347,0.002673,0.01286,0.006524,0.1209,0.8228,
0.6954,0.3113,0.00787,0.006697,0.006028,0.00774,0.003635,0.002357,0.002646,0.01302,0.006496,0.1207,0.8228,
0.6948,0.3101,0.007844,0.006689,0.006045,0.007708,0.003571,0.002367,0.002648,0.01301,0.006471,0.1207,0.8229,
0.696,0.3077,0.007795,0.006681,0.006053,0.007784,0.003562,0.002344,0.002647,0.01303,0.006673,0.1208,0.8226,
0.6962,0.3089,0.007788,0.006675,0.006061,0.007746,0.003561,0.00237,0.002658,0.01315,0.006618,0.1208,0.8226,
0.6962,0.3071,0.007806,0.006681,0.006063,0.007709,0.003492,0.002367,0.00267,0.0132,0.006716,0.1207,0.8226,
0.6967,0.3083,0.007871,0.006691,0.006072,0.007669,0.003476,0.002355,0.002697,0.01351,0.006445,0.1208,0.8224,
0.6962,0.3112,0.007753,0.006691,0.006052,0.007745,0.003464,0.002364,0.002684,0.01358,0.006381,0.1208,0.8225,
0.6972,0.321,0.007867,0.00669,0.006061,0.007695,0.003468,0.002342,0.002748,0.01355,0.006514,0.1207,0.8224,
0.6978,0.31,0.007868,0.006707,0.006069,0.007706,0.003468,0.002342,0.002757,0.01367,0.006579,0.1205,0.8223,
0.6977,0.3072,0.007861,0.006701,0.006083,0.007687,0.003456,0.002339,0.002757,0.01368,0.006567,0.1205,0.8223,
0.6985,0.3076,0.007955,0.006711,0.006086,0.007669,0.003429,0.002362,0.002731,0.0137,0.006733,0.1203,0.8223,
0.6982,0.3128,0.007929,0.006714,0.00606,0.007662,0.003417,0.002371,0.002761,0.01369,0.006698,0.1203,0.8224,
0.6987,0.321,0.00786,0.006711,0.006057,0.007713,0.003425,0.002361,0.00276,0.01377,0.006608,0.1208,0.822,
0.6985,0.3133,0.007853,0.006708,0.006068,0.007684,0.003413,0.002374,0.00281,0.01374,0.006565,0.1208,0.822,
0.6981,0.3133,0.00783,0.00672,0.006079,0.007664,0.003408,0.002336,0.002822,0.01382,0.006468,0.1208,0.8221,
0.6976,0.3248,0.007799,0.006735,0.006085,0.007578,0.003738,0.002005,0.002857,0.01382,0.00644,0.1208,0.8222,
0.6979,0.3132,0.007808,0.006745,0.00609,0.007479,0.003688,0.001999,0.002904,0.01385,0.006557,0.1208,0.8221,
0.6976,0.3149,0.007752,0.00675,0.006095,0.007563,0.00444,0.001247,0.002949,0.01392,0.006511,0.1207,0.8221,
0.6983,0.3113,0.007698,0.006756,0.006099,0.007605,0.004425,0.001261,0.002977,0.01396,0.006717,0.1204,0.8221,
0.7016,0.3096,0.007857,0.006757,0.00607,0.007706,0.004423,0.00126,0.003017,0.01394,0.007242,0.1202,0.8216,
0.7022,0.3057,0.007894,0.006751,0.006077,0.007647,0.004432,0.001248,0.003029,0.01399,0.007449,0.1199,0.8216,
0.7027,0.3106,0.008042,0.006753,0.006083,0.007628,0.004408,0.001248,0.003063,0.014,0.007409,0.1199,0.8215,
0.7027,0.3058,0.008019,0.006755,0.00609,0.007648,0.004426,0.001249,0.003055,0.01409,0.007302,0.1199,0.8215,
0.7039,0.3143,0.008068,0.006743,0.006099,0.007618,0.004412,0.001245,0.003049,0.01423,0.007143,0.1206,0.8207,
0.7021,0.3212,0.008056,0.006742,0.006112,0.007608,0.004099,0.001231,0.003049,0.01429,0.007088,0.1206,0.8211,
0.7006,0.3195,0.00803,0.006749,0.006117,0.007585,0.003849,0.001269,0.003023,0.0143,0.007066,0.1206,0.8214,
0.7001,0.3183,0.008012,0.006739,0.006122,0.00753,0.003822,0.001262,0.003045,0.01432,0.007026,0.1207,0.8215,
0.7012,0.312,0.008141,0.006746,0.006101,0.007491,0.003804,0.001273,0.00304,0.01431,0.007354,0.1203,0.8214,
0.7012,0.3144,0.00805,0.006748,0.006108,0.007535,0.003747,0.001269,0.003048,0.01436,0.00728,0.1206,0.8212,
0.7006,0.3178,0.007961,0.006742,0.006095,0.00757,0.003722,0.001293,0.003024,0.01451,0.007102,0.1207,0.8213,
0.7,0.3284,0.00793,0.006755,0.006104,0.007542,0.00369,0.001288,0.003015,0.01467,0.006942,0.1206,0.8214,
0.7002,0.3231,0.007953,0.00675,0.006113,0.007486,0.003691,0.001288,0.003083,0.01472,0.006935,0.1205,0.8214,
0.7,0.3241,0.007899,0.006768,0.006124,0.00748,0.003643,0.001287,0.0031,0.01482,0.006811,0.1206,0.8214,
0.7006,0.3233,0.007946,0.006764,0.00613,0.007467,0.003623,0.001316,0.003071,0.01503,0.006756,0.1206,0.8213,
0.7005,0.3228,0.007976,0.006757,0.006103,0.007438,0.003618,0.001306,0.003071,0.01525,0.006682,0.1204,0.8214,
0.7001,0.3291,0.007916,0.006759,0.006088,0.007475,0.003628,0.001296,0.003071,0.01532,0.006552,0.1205,0.8214,
0.7005,0.3347,0.007919,0.006746,0.006094,0.007537,0.003619,0.001279,0.00307,0.01534,0.006546,0.1206,0.8212,
0.7001,0.343,0.007867,0.006735,0.006099,0.007557,0.003584,0.001279,0.003136,0.01532,0.006468,0.1207,0.8213,
0.7006,0.3369,0.007852,0.006745,0.006102,0.007587,0.003569,0.001327,0.003144,0.0153,0.00653,0.1206,0.8212,
0.7004,0.3204,0.007833,0.00675,0.006108,0.007568,0.003564,0.001336,0.003159,0.01539,0.006386,0.1207,0.8212,
0.7004,0.3182,0.007855,0.006754,0.006114,0.007564,0.003519,0.001363,0.003157,0.01537,0.006428,0.1206,0.8213,
0.7,0.3219,0.00779,0.006755,0.006074,0.007633,0.003455,0.001373,0.00316,0.0155,0.006331,0.1206,0.8214,
0.7019,0.32,0.007903,0.006754,0.006081,0.007602,0.003491,0.001378,0.003132,0.01557,0.006786,0.12,0.8213,
0.7023,0.3143,0.007894,0.006738,0.006094,0.00754,0.003501,0.001376,0.003161,0.01565,0.00662,0.1206,0.8208,
0.7026,0.3117,0.007961,0.006737,0.006103,0.00754,0.003445,0.001389,0.003158,0.01566,0.006687,0.1205,0.8208,
0.7022,0.3123,0.007936,0.006734,0.00611,0.007514,0.003457,0.001364,0.00318,0.01565,0.006643,0.1205,0.8209,
0.7017,0.3156,0.007931,0.006737,0.006112,0.007495,0.00341,0.001388,0.003167,0.01594,0.006339,0.1205,0.8209,
0.701,0.3289,0.00792,0.006734,0.006125,0.007477,0.00334,0.001388,0.003179,0.01616,0.006108,0.1205,0.821,
0.7011,0.3285,0.007973,0.00673,0.006132,0.00742,0.00334,0.001388,0.003191,0.01632,0.006012,0.1205,0.821,
0.7015,0.3276,0.007993,0.006732,0.006135,0.007395,0.003326,0.001392,0.003209,0.01634,0.006136,0.1203,0.821,
0.7029,0.3224,0.00811,0.006735,0.006141,0.007333,0.003337,0.001391,0.003241,0.01638,0.006264,0.1204,0.8207,
0.7021,0.3177,0.00805,0.00674,0.006154,0.007366,0.003594,0.001085,0.003253,0.01641,0.006183,0.1204,0.8208,
0.7019,0.3202,0.008041,0.006738,0.00614,0.007348,0.003606,0.001097,0.003249,0.01647,0.006103,0.1204,0.8208,
0.7026,0.3447,0.008035,0.006727,0.006151,0.007328,0.003617,0.002514,0.001851,0.0165,0.006036,0.1206,0.8207,
0.702,0.3372,0.008009,0.006733,0.006141,0.007315,0.003574,0.002514,0.001851,0.01656,0.00593,0.1206,0.8208,
0.7024,0.3359,0.008069,0.006729,0.006104,0.00733,0.003587,0.002502,0.001873,0.0166,0.005984,0.1205,0.8208,
0.702,0.339,0.008043,0.00673,0.006089,0.007327,0.003558,0.002508,0.001844,0.01659,0.005983,0.1206,0.8208,
0.7016,0.3375,0.007957,0.00674,0.006092,0.007361,0.003525,0.002489,0.001901,0.01659,0.005928,0.1206,0.8209,
0.7013,0.3394,0.007947,0.006742,0.006098,0.007343,0.003495,0.002488,0.001913,0.0167,0.005806,0.1206,0.8209,
0.7009,0.3424,0.007933,0.006745,0.006081,0.007309,0.003511,0.002486,0.001919,0.0168,0.005689,0.1206,0.821,
0.7005,0.3379,0.007901,0.006749,0.006092,0.007316,0.003459,0.002481,0.001955,0.01678,0.005634,0.1206,0.821,
0.7078,0.4124,0.007923,0.006746,0.006099,0.007279,0.003471,0.002476,0.009074,0.009754,0.00578,0.1203,0.8211,
0.7074,0.3408,0.007859,0.006758,0.006105,0.007267,0.003441,0.002494,0.009129,0.009767,0.005695,0.1203,0.8211,
0.707,0.3376,0.007832,0.006757,0.006112,0.00727,0.003378,0.002515,0.009109,0.009798,0.005664,0.1203,0.8212,
0.7086,0.3753,0.007775,0.00675,0.006121,0.007249,0.003387,0.005081,0.006586,0.009767,0.005642,0.1204,0.8213,
0.7085,0.3355,0.007727,0.006747,0.006132,0.007234,0.003394,0.005085,0.006564,0.009862,0.005522,0.1206,0.8212,
0.7082,0.3514,0.007716,0.006753,0.006137,0.007215,0.003375,0.005085,0.006576,0.01007,0.005303,0.1206,0.8212,
0.7079,0.3283,0.007695,0.006764,0.006145,0.007198,0.003374,0.005071,0.006573,0.01012,0.005248,0.1206,0.8212,
0.7081,0.3284,0.007743,0.00676,0.006152,0.007188,0.003377,0.005054,0.006595,0.01027,0.005129,0.1205,0.8212,
0.7089,0.3333,0.007734,0.006764,0.006157,0.007176,0.003388,0.00505,0.006604,0.01026,0.00539,0.1203,0.8212,
0.7102,0.3061,0.007705,0.006767,0.00616,0.007159,0.003381,0.005047,0.006648,0.01023,0.005703,0.1202,0.821,
0.7119,0.3133,0.007734,0.006748,0.00616,0.007105,0.00339,0.005032,0.006656,0.01029,0.005931,0.1205,0.8205,
0.7116,0.3266,0.007713,0.006754,0.006166,0.007055,0.003391,0.005076,0.006643,0.01033,0.005831,0.1205,0.8205,
0.7119,0.324,0.007736,0.006769,0.006169,0.007035,0.00342,0.005056,0.006655,0.01035,0.005851,0.1205,0.8205,
0.7131,0.3246,0.007797,0.006782,0.00617,0.007035,0.003436,0.00505,0.006674,0.01034,0.006093,0.1202,0.8204,
0.7129,0.3233,0.007772,0.006781,0.00618,0.007015,0.003436,0.005061,0.006679,0.01035,0.006069,0.1202,0.8204,
0.7128,0.3268,0.007733,0.006774,0.006189,0.007032,0.003448,0.00505,0.006725,0.01032,0.006047,0.1202,0.8204,
0.713,0.3283,0.007701,0.00678,0.006198,0.007005,0.003447,0.005058,0.006756,0.01033,0.005972,0.1205,0.8203,
0.7128,0.3223,0.007652,0.00678,0.006207,0.007006,0.003447,0.005068,0.006812,0.01036,0.005878,0.1205,0.8203,
0.712,0.3196,0.007527,0.006776,0.006208,0.007067,0.003405,0.005068,0.006825,0.01036,0.005804,0.1206,0.8204,
0.712,0.3336,0.007508,0.006769,0.006223,0.007079,0.003415,0.005089,0.006813,0.01038,0.005771,0.1205,0.8205,
0.7125,0.3245,0.007569,0.006762,0.006217,0.007094,0.003358,0.005077,0.006846,0.01043,0.005895,0.1203,0.8205,
0.7127,0.3271,0.007592,0.006758,0.006217,0.007126,0.003349,0.005075,0.006885,0.01056,0.00576,0.1203,0.8204,
0.7129,0.341,0.007606,0.006755,0.006229,0.007096,0.003358,0.00513,0.006843,0.0106,0.005753,0.1202,0.8204,
0.714,0.334,0.007763,0.006764,0.006233,0.007066,0.003311,0.00513,0.006887,0.0106,0.005954,0.12,0.8203,
0.7154,0.323,0.007742,0.00676,0.00624,0.007089,0.003319,0.005158,0.006883,0.01063,0.006048,0.1203,0.8198,
0.7154,0.3244,0.007652,0.006757,0.006243,0.007125,0.00333,0.005186,0.006856,0.0107,0.00596,0.1205,0.8197,
0.7152,0.3483,0.007646,0.006752,0.006255,0.007116,0.003348,0.005175,0.006914,0.0108,0.005777,0.1205,0.8198,
0.7151,0.353,0.007639,0.006744,0.006262,0.007103,0.003393,0.005152,0.006908,0.0108,0.005755,0.1205,0.8198,
0.7151,0.3444,0.00763,0.006746,0.006267,0.007081,0.003401,0.005809,0.006285,0.0108,0.005717,0.1205,0.8198,
0.7149,0.3497,0.007563,0.00674,0.006275,0.007112,0.00344,0.0058,0.006265,0.01092,0.005579,0.1205,0.8198,
0.7146,0.3786,0.007638,0.006707,0.006223,0.007093,0.004794,0.004368,0.006277,0.01103,0.005487,0.1204,0.8199,
0.7142,0.3933,0.007618,0.006695,0.006223,0.007037,0.004795,0.004353,0.006335,0.01101,0.005447,0.1205,0.82,
0.7138,0.3893,0.0076,0.006695,0.006231,0.006971,0.004795,0.004386,0.006301,0.01115,0.005309,0.1205,0.8201,
0.7133,0.3805,0.007585,0.006702,0.006235,0.006929,0.004807,0.004396,0.00628,0.01122,0.005189,0.1205,0.8202,
0.7129,0.3868,0.007565,0.006712,0.006237,0.006871,0.004832,0.004356,0.006311,0.01121,0.00516,0.1205,0.8202,
0.7124,0.3604,0.007555,0.00671,0.006247,0.006816,0.004844,0.00438,0.006294,0.01119,0.005088,0.1205,0.8203,
0.7105,0.3285,0.007537,0.006716,0.006255,0.006782,0.004544,0.004369,0.006284,0.01124,0.005042,0.1206,0.8207,
0.7101,0.3223,0.007492,0.006726,0.006264,0.006771,0.004606,0.004335,0.006253,0.01139,0.004877,0.1205,0.8208,
0.7101,0.3388,0.007508,0.006724,0.006273,0.006762,0.004578,0.004334,0.006305,0.0114,0.004846,0.1205,0.8208,
0.7097,0.3312,0.007581,0.006716,0.006265,0.006753,0.004448,0.004356,0.006266,0.01148,0.004827,0.1204,0.8209,
0.7103,0.3179,0.007671,0.006728,0.006271,0.006743,0.004412,0.004371,0.006244,0.01169,0.004778,0.1203,0.8208,
0.7094,0.3133,0.007648,0.00673,0.006278,0.006728,0.004287,0.004377,0.006244,0.01176,0.004695,0.1203,0.821,
0.7104,0.3127,0.007682,0.006748,0.006281,0.006708,0.004251,0.004376,0.006272,0.01181,0.004856,0.1203,0.8208,
0.7099,0.3091,0.007538,0.006755,0.00629,0.006799,0.00419,0.004383,0.006291,0.01179,0.004825,0.1203,0.8209,
0.7092,0.3119,0.00752,0.006752,0.006267,0.006784,0.00408,0.004379,0.00629,0.01199,0.004625,0.1205,0.8208,
0.71,0.3137,0.007551,0.00675,0.006273,0.006767,0.004049,0.004378,0.006337,0.01197,0.004761,0.1205,0.8207,
0.7094,0.3205,0.007517,0.006762,0.006277,0.006776,0.003974,0.004387,0.00638,0.01204,0.00463,0.1205,0.8208,
0.7087,0.324,0.007499,0.006761,0.006284,0.00674,0.003944,0.004395,0.006371,0.01229,0.004357,0.1205,0.8209,
0.7104,0.3199,0.007602,0.006764,0.00629,0.006746,0.003913,0.004359,0.006397,0.01232,0.004625,0.1204,0.8206,
0.7096,0.325,0.007548,0.006764,0.006299,0.006756,0.003802,0.004359,0.00645,0.01232,0.004569,0.1204,0.8207,
0.7105,0.3256,0.007589,0.006763,0.006311,0.006736,0.003801,0.004401,0.006432,0.01233,0.004768,0.1202,0.8207,
0.7101,0.3288,0.007529,0.006766,0.006321,0.006726,0.003795,0.004395,0.006446,0.01235,0.004723,0.1202,0.8207,
0.7101,0.3335,0.007414,0.006772,0.006327,0.006809,0.003821,0.004393,0.006464,0.01233,0.004697,0.1202,0.8208,
0.71,0.359,0.007336,0.006773,0.006333,0.006851,0.003843,0.004401,0.006468,0.0123,0.004697,0.1202,0.8208,
0.7099,0.3362,0.007306,0.006777,0.006303,0.006832,0.003873,0.004417,0.006418,0.01247,0.004528,0.1204,0.8206,
0.708,0.3522,0.007253,0.006778,0.006309,0.00684,0.006185,0.002046,0.006405,0.01262,0.004365,0.1204,0.8208,
0.7071,0.4024,0.007245,0.006784,0.006281,0.00683,0.006189,0.002046,0.01347,0.005619,0.004276,0.1204,0.8208,
0.7087,0.3535,0.007246,0.006791,0.006284,0.006811,0.00608,0.00284,0.01268,0.005752,0.004429,0.1201,0.8209,
0.7094,0.3549,0.007358,0.006776,0.006289,0.006778,0.006065,0.002908,0.01261,0.005817,0.004473,0.12,0.8209,
0.7098,0.3531,0.007219,0.006783,0.00629,0.00687,0.006083,0.002894,0.01263,0.005971,0.004282,0.1204,0.8206,
0.7116,0.3452,0.007297,0.006763,0.0063,0.006865,0.006048,0.002886,0.01265,0.005977,0.004629,0.1203,0.8203,
0.7084,0.3437,0.007222,0.006741,0.006309,0.006916,0.005477,0.002913,0.01262,0.00606,0.004524,0.1203,0.821,
0.7084,0.3504,0.007119,0.006763,0.006312,0.006975,0.005508,0.002914,0.01262,0.006029,0.004523,0.1203,0.821,
0.7102,0.3433,0.007264,0.006759,0.006317,0.00698,0.005449,0.002947,0.01259,0.006076,0.00475,0.1203,0.8206,
0.7098,0.3314,0.007193,0.006774,0.006322,0.007002,0.005422,0.002918,0.01258,0.006045,0.004749,0.1203,0.8207,
0.7091,0.3243,0.007128,0.006779,0.006328,0.007046,0.005313,0.002918,0.01259,0.006102,0.004682,0.1203,0.8208,
0.7089,0.3269,0.007088,0.006797,0.00633,0.007028,0.005334,0.002924,0.01255,0.006252,0.004532,0.1203,0.8208,
0.7086,0.3334,0.007027,0.006798,0.006338,0.007042,0.005327,0.002912,0.01254,0.006286,0.004499,0.1203,0.8209,
0.7088,0.3281,0.00705,0.006793,0.006345,0.007036,0.005268,0.002905,0.01253,0.006409,0.004537,0.1202,0.8209,
0.71,0.3314,0.007197,0.006798,0.006343,0.007026,0.005223,0.002919,0.0125,0.006388,0.004671,0.1203,0.8206,
0.7096,0.3359,0.007168,0.00682,0.006315,0.006983,0.005257,0.002898,0.01249,0.006412,0.004647,0.1203,0.8207,
0.7101,0.3289,0.007219,0.006815,0.006327,0.006962,0.005275,0.002904,0.01248,0.006466,0.004655,0.1203,0.8206,
0.7102,0.3236,0.007232,0.006815,0.006335,0.006982,0.005321,0.002882,0.0125,0.006462,0.004622,0.1202,0.8206,
0.7103,0.3283,0.007219,0.006821,0.006342,0.006982,0.005321,0.002918,0.01246,0.006462,0.004622,0.1202,0.8206,
0.71,0.3253,0.007178,0.006803,0.006347,0.006961,0.005341,0.002909,0.01246,0.00645,0.004621,0.1203,0.8207,
0.7097,0.3229,0.007111,0.006799,0.006355,0.006977,0.005324,0.002923,0.01247,0.006438,0.004596,0.1203,0.8207,
0.7101,0.3529,0.007126,0.0068,0.006355,0.007009,0.005376,0.002931,0.01242,0.006426,0.004642,0.1203,0.8206,
0.7099,0.3314,0.007086,0.006803,0.006361,0.007021,0.005371,0.00292,0.01244,0.006455,0.004588,0.1203,0.8207,
0.7107,0.3522,0.007077,0.006802,0.006367,0.007051,0.005364,0.002933,0.01242,0.006447,0.004828,0.12,0.8207,
0.7109,0.3321,0.007058,0.006802,0.006346,0.007051,0.005363,0.002992,0.01236,0.006531,0.004714,0.1203,0.8205,
0.7105,0.3445,0.007051,0.006778,0.006332,0.007031,0.005345,0.003016,0.01239,0.006645,0.004545,0.1203,0.8206,
0.71,0.337,0.006971,0.006774,0.00634,0.00708,0.005321,0.003051,0.01237,0.0068,0.004326,0.1204,0.8206,
0.7098,0.3319,0.006952,0.006788,0.006344,0.00706,0.00533,0.003082,0.01238,0.006748,0.004293,0.1204,0.8206,
0.7094,0.3324,0.006904,0.006802,0.006347,0.007054,0.005284,0.003108,0.01238,0.006763,0.004239,0.1204,0.8207,
0.7091,0.3671,0.006873,0.0068,0.006356,0.007079,0.005256,0.003095,0.0124,0.006742,0.004239,0.1204,0.8208,
0.7107,0.3762,0.006895,0.006802,0.006361,0.007063,0.005275,0.003768,0.01172,0.006922,0.00426,0.1202,0.8207,
0.7106,0.3503,0.006856,0.006798,0.006371,0.007074,0.005282,0.003765,0.0117,0.006895,0.004254,0.1203,0.8207,
0.7105,0.3629,0.006823,0.006801,0.006375,0.007081,0.00535,0.003733,0.01167,0.006917,0.004232,0.1203,0.8207,
0.7123,0.347,0.006864,0.006793,0.006376,0.007054,0.005357,0.003742,0.01164,0.006974,0.004533,0.1203,0.8204,
0.7126,0.3279,0.006873,0.006798,0.006355,0.00701,0.005388,0.003736,0.01162,0.007012,0.004647,0.1201,0.8204,
0.7131,0.323,0.006911,0.006797,0.006364,0.006977,0.005361,0.003744,0.01162,0.007067,0.004696,0.1201,0.8203,
0.7129,0.331,0.006849,0.006796,0.006372,0.006994,0.005373,0.003748,0.01162,0.007043,0.004696,0.1201,0.8204,
0.7127,0.3323,0.006804,0.00678,0.006377,0.007024,0.005369,0.003755,0.0116,0.007168,0.004535,0.1203,0.8203,
0.7131,0.329,0.006831,0.006762,0.006381,0.006979,0.00533,0.003771,0.01158,0.007287,0.004578,0.1203,0.8202,
0.7152,0.3547,0.007083,0.006759,0.006375,0.006951,0.005317,0.003792,0.01156,0.007377,0.004761,0.1201,0.8199,
0.7149,0.3224,0.007038,0.006767,0.006376,0.006949,0.005338,0.003789,0.01153,0.007377,0.004761,0.1201,0.82,
0.7146,0.3214,0.00702,0.006762,0.006377,0.006914,0.005347,0.003779,0.01153,0.007485,0.004653,0.1201,0.82,
0.7169,0.319,0.007127,0.006755,0.00638,0.006879,0.005739,0.003354,0.01151,0.007485,0.005395,0.1194,0.82,
0.7178,0.3137,0.007093,0.006736,0.006386,0.006827,0.005743,0.003365,0.01148,0.00755,0.005319,0.1202,0.8193,
0.7175,0.3166,0.007028,0.006733,0.00639,0.006854,0.005774,0.003343,0.01146,0.007612,0.005256,0.1202,0.8194,
0.7186,0.3156,0.006966,0.006725,0.006401,0.006884,0.005793,0.004708,0.01007,0.007634,0.005198,0.1202,0.8194,
0.7181,0.3307,0.006897,0.006725,0.006407,0.006937,0.005816,0.00471,0.01114,0.006565,0.005176,0.1202,0.8194,
0.7191,0.3399,0.006829,0.006716,0.00641,0.006983,0.005812,0.006682,0.009153,0.006649,0.005092,0.1202,0.8195,
0.7193,0.3407,0.006876,0.006718,0.006418,0.006934,0.005831,0.006686,0.009152,0.006693,0.005093,0.1201,0.8195,
0.7193,0.3425,0.006846,0.006709,0.006431,0.00695,0.005842,0.006711,0.009139,0.006671,0.005093,0.1201,0.8195,
0.7187,0.3796,0.006818,0.006712,0.006436,0.006922,0.005789,0.006709,0.009124,0.006725,0.005039,0.1201,0.8196,
0.7184,0.3745,0.00679,0.006711,0.006443,0.006909,0.005777,0.006695,0.009124,0.006725,0.005035,0.1202,0.8196,
0.7177,0.3374,0.006781,0.006713,0.00645,0.006902,0.005721,0.006696,0.00913,0.006758,0.004902,0.1202,0.8197,
0.7174,0.3108,0.006725,0.006707,0.006454,0.006923,0.005751,0.006652,0.009128,0.006749,0.0049,0.1202,0.8198,
0.7172,0.3251,0.006711,0.006705,0.006461,0.006914,0.005745,0.006666,0.009153,0.006701,0.0049,0.1202,0.8198,
0.7164,0.3379,0.006696,0.006698,0.006465,0.006883,0.005625,0.007845,0.007978,0.006723,0.004839,0.1202,0.82,
0.7161,0.339,0.006674,0.006694,0.006476,0.00686,0.005599,0.007842,0.007966,0.006724,0.004839,0.1202,0.8201,
0.7156,0.3469,0.006629,0.006705,0.006485,0.006841,0.005574,0.007884,0.007929,0.006797,0.004724,0.1203,0.8202,
0.715,0.3506,0.006663,0.006717,0.006461,0.006803,0.00558,0.01058,0.00525,0.006782,0.004844,0.1201,0.8202,
0.7165,0.3868,0.006723,0.00672,0.006469,0.006766,0.008382,0.007787,0.005258,0.006956,0.004858,0.1199,0.8202,
0.7163,0.3725,0.006709,0.006729,0.006472,0.006749,0.008397,0.007756,0.005274,0.007003,0.004794,0.1199,0.8202,
0.7159,0.3252,0.006704,0.006731,0.006476,0.00674,0.008329,0.007775,0.005259,0.007023,0.004762,0.1199,0.8203,
0.7161,0.3476,0.006729,0.006725,0.006479,0.006711,0.008314,0.007772,0.005271,0.007019,0.004843,0.1198,0.8203,
0.7117,0.3609,0.006712,0.006685,0.006481,0.006669,0.01335,0.002734,0.005266,0.007039,0.004805,0.1198,0.8204,
0.7111,0.3473,0.00662,0.006684,0.006487,0.006728,0.01325,0.002743,0.005254,0.007069,0.004763,0.1198,0.8206,
0.7095,0.3394,0.006598,0.006672,0.006495,0.006647,0.01287,0.002753,0.005216,0.007118,0.004709,0.1202,0.8207,
0.7076,0.325,0.006564,0.006667,0.006503,0.006649,0.01249,0.00276,0.005181,0.007141,0.004668,0.1202,0.8212,
0.706,0.3283,0.006541,0.006683,0.006464,0.006593,0.0123,0.005527,0.002449,0.007096,0.004668,0.1202,0.8215,
0.6955,0.3533,0.006511,0.006676,0.006473,0.006563,0.009953,0.005509,0.002437,0.007085,0.004669,0.1202,0.8239,
0.6942,0.3431,0.006476,0.006663,0.006473,0.006583,0.009698,0.00553,0.00245,0.007075,0.004644,0.1202,0.8242,
0.6927,0.3451,0.006413,0.006655,0.006476,0.006612,0.00947,0.005518,0.00245,0.00718,0.004496,0.1203,0.8245,
0.6907,0.3501,0.006359,0.006662,0.006455,0.006655,0.009087,0.005504,0.002452,0.007183,0.004475,0.1202,0.8249,
0.6883,0.3555,0.006347,0.006664,0.006465,0.006646,0.008626,0.005483,0.002449,0.007409,0.004248,0.1202,0.8254,
0.6873,0.359,0.006337,0.00667,0.00647,0.006618,0.008536,0.00547,0.002449,0.007583,0.004022,0.1203,0.8256,
0.6882,0.3622,0.006531,0.006666,0.00648,0.006602,0.008281,0.00544,0.002449,0.007711,0.004307,0.1198,0.8257,
0.6873,0.3629,0.006535,0.006668,0.00649,0.006587,0.008003,0.005458,0.002426,0.007852,0.004305,0.1197,0.826,
0.6878,0.3549,0.006599,0.006677,0.006497,0.006558,0.008011,0.00546,0.002401,0.007917,0.004367,0.1196,0.8259,
0.6864,0.3636,0.006575,0.006682,0.006499,0.006483,0.007848,0.00544,0.002384,0.008012,0.004272,0.1196,0.8262,
0.68,0.3624,0.006552,0.006675,0.006409,0.006436,0.006728,0.00545,0.002375,0.00803,0.004212,0.1196,0.8275,
0.679,0.3648,0.00654,0.006679,0.006418,0.006387,0.006596,0.005443,0.002405,0.008058,0.004123,0.1196,0.8277,
0.6785,0.3665,0.006525,0.006684,0.006425,0.006363,0.006551,0.005456,0.002396,0.008074,0.00406,0.1197,0.8278,
0.6807,0.3705,0.006752,0.006682,0.006426,0.00636,0.006434,0.00547,0.002394,0.008066,0.004259,0.12,0.8272,
0.68,0.3827,0.006735,0.006684,0.006431,0.006344,0.006343,0.00547,0.002406,0.008155,0.004125,0.12,0.8273,
0.6794,0.3662,0.006716,0.006696,0.006436,0.006335,0.006273,0.005457,0.002442,0.008107,0.004103,0.12,0.8274,
0.6806,0.3661,0.006861,0.006691,0.006439,0.006286,0.00627,0.005441,0.002416,0.008239,0.004118,0.1202,0.827,
0.68,0.3637,0.006853,0.006676,0.006417,0.006266,0.006236,0.005438,0.002445,0.008213,0.00408,0.1202,0.8271,
0.6794,0.3745,0.006844,0.006678,0.006425,0.006256,0.006169,0.005425,0.002426,0.008276,0.003992,0.1203,0.8273,
0.6788,0.3718,0.006837,0.006662,0.006447,0.006256,0.006102,0.005413,0.002422,0.008386,0.003873,0.1203,0.8273,
0.6783,0.3743,0.006782,0.00666,0.006454,0.006288,0.006041,0.005422,0.002403,0.008413,0.003834,0.1203,0.8274,
0.678,0.3803,0.006716,0.006661,0.006464,0.006307,0.00604,0.005393,0.002414,0.008401,0.003833,0.1203,0.8275,
0.6793,0.4238,0.006668,0.006649,0.006468,0.006337,0.006074,0.005347,0.00648,0.004367,0.003795,0.1203,0.8276,
0.6788,0.4246,0.006661,0.006639,0.006477,0.006309,0.006082,0.005311,0.006502,0.004346,0.003768,0.1202,0.8277,
0.6784,0.3879,0.006555,0.00665,0.006482,0.00639,0.006088,0.005256,0.006541,0.004344,0.003721,0.1202,0.8277,
0.6781,0.4039,0.006544,0.006652,0.006488,0.006337,0.006118,0.005235,0.006531,0.004415,0.003649,0.1202,0.8278,
0.6766,0.3815,0.006533,0.006632,0.006494,0.006334,0.006074,0.005213,0.00654,0.004391,0.003369,0.1205,0.8279,
0.6759,0.3568,0.006532,0.006631,0.006501,0.006318,0.006053,0.005201,0.006559,0.004447,0.003291,0.1203,0.8282,
0.6755,0.3593,0.006517,0.006624,0.006504,0.006291,0.006087,0.005194,0.006575,0.004404,0.003244,0.1203,0.8282,
0.6766,0.3734,0.00654,0.006616,0.006507,0.006317,0.006083,0.00517,0.006617,0.004387,0.003536,0.12,0.8282,
0.6781,0.3717,0.006553,0.006619,0.006508,0.006322,0.006051,0.005188,0.006619,0.004393,0.003712,0.1202,0.8278,
0.6766,0.3929,0.0066,0.006609,0.006519,0.006322,0.009066,0.002205,0.006587,0.004393,0.003847,0.1201,0.8278,
0.6776,0.3777,0.006722,0.006589,0.00652,0.006306,0.00905,0.002194,0.006586,0.004419,0.004049,0.1199,0.8277,
0.6773,0.3747,0.006698,0.006589,0.00653,0.0063,0.009023,0.002199,0.006556,0.004546,0.003922,0.1199,0.8278,
0.6777,0.3702,0.006721,0.006602,0.006532,0.006291,0.009075,0.002189,0.006565,0.004529,0.003967,0.1198,0.8277,
0.6773,0.3692,0.006709,0.006587,0.006539,0.006274,0.009038,0.002228,0.00654,0.004529,0.003939,0.1198,0.8278,
0.6771,0.3683,0.00669,0.006592,0.006546,0.006232,0.009065,0.002255,0.006486,0.00456,0.003909,0.1198,0.8279,
0.6778,0.3822,0.00668,0.006571,0.006548,0.006222,0.009058,0.004007,0.004718,0.004557,0.003906,0.1198,0.8279,
0.6759,0.3952,0.006662,0.006564,0.006538,0.006203,0.008757,0.00399,0.004696,0.004678,0.003785,0.1198,0.8283,
0.6764,0.3842,0.006744,0.006567,0.00654,0.006184,0.008603,0.004,0.004681,0.004739,0.003988,0.1195,0.8284,
0.6759,0.3845,0.006855,0.006553,0.006536,0.006165,0.008464,0.003997,0.004633,0.004739,0.003988,0.1195,0.8285,
0.6757,0.3887,0.006792,0.006535,0.006538,0.006207,0.008247,0.003979,0.004618,0.004758,0.003963,0.1202,0.8282,
0.6785,0.3979,0.007059,0.006527,0.006517,0.006231,0.008227,0.003964,0.004603,0.004757,0.004477,0.1197,0.828,
0.6774,0.3858,0.007074,0.00652,0.006517,0.006239,0.007877,0.003956,0.004627,0.004766,0.004609,0.1195,0.8283,
0.6763,0.3933,0.007038,0.006524,0.006496,0.00623,0.007759,0.003917,0.004627,0.004966,0.004396,0.1195,0.8286,
0.6751,0.3914,0.007051,0.006531,0.006504,0.00623,0.007523,0.003905,0.004603,0.004998,0.004364,0.1195,0.8288,
0.6715,0.4014,0.007083,0.006524,0.006517,0.006212,0.006867,0.003868,0.005214,0.004344,0.004343,0.1195,0.8295,
0.6703,0.4053,0.007065,0.006537,0.006522,0.006173,0.006678,0.003865,0.005201,0.004401,0.004272,0.1195,0.8298,
0.6685,0.4424,0.007043,0.006535,0.006538,0.006163,0.006497,0.003853,0.006595,0.00308,0.004175,0.1195,0.83,
0.6676,0.4474,0.007031,0.006533,0.006523,0.00613,0.006387,0.003891,0.006565,0.003108,0.004098,0.1196,0.8302,
0.667,0.4417,0.006929,0.006532,0.006529,0.006169,0.006328,0.003897,0.00655,0.003234,0.003972,0.1196,0.8303,
0.6662,0.4594,0.006912,0.006535,0.006532,0.006123,0.006223,0.003915,0.006545,0.003283,0.003911,0.1196,0.8304,
0.6657,0.4417,0.007033,0.006536,0.006535,0.006093,0.00602,0.003934,0.006544,0.003266,0.003911,0.1196,0.8305,
0.6657,0.436,0.007008,0.006534,0.006537,0.006016,0.005938,0.003918,0.006528,0.003352,0.003796,0.1202,0.8302,
0.6647,0.4258,0.00696,0.00653,0.006546,0.006002,0.005809,0.003913,0.006537,0.003333,0.003796,0.1202,0.8304,
0.6645,0.4073,0.007026,0.006533,0.006529,0.005992,0.005716,0.003938,0.00649,0.003333,0.00384,0.1201,0.8305,
0.6639,0.4106,0.007044,0.006527,0.006538,0.005971,0.005587,0.003918,0.006507,0.003314,0.003884,0.1201,0.8306,
0.6637,0.396,0.00698,0.006526,0.006547,0.005997,0.005555,0.003922,0.006502,0.003304,0.003884,0.1202,0.8306,
0.6632,0.3997,0.00686,0.006519,0.006549,0.006082,0.005503,0.003939,0.006482,0.003304,0.003884,0.1202,0.8307,
0.6626,0.3841,0.006822,0.006517,0.006535,0.006068,0.005443,0.003939,0.006492,0.003306,0.003872,0.1202,0.8308,
0.6634,0.385,0.006894,0.006513,0.006525,0.006068,0.00538,0.003957,0.006484,0.003323,0.00411,0.1199,0.8308,
0.6629,0.394,0.006875,0.006512,0.006528,0.006056,0.005335,0.003919,0.006481,0.003515,0.003918,0.1199,0.8309,
0.6619,0.3903,0.006842,0.006516,0.006538,0.006041,0.005181,0.003906,0.006481,0.003514,0.003917,0.1199,0.8311,
0.6614,0.4097,0.006835,0.006512,0.006513,0.006004,0.005169,0.003902,0.00648,0.003515,0.003917,0.1199,0.8312,
0.6612,0.3906,0.006785,0.0065,0.006519,0.005995,0.00517,0.003912,0.006471,0.003575,0.003858,0.1199,0.8313,
0.6611,0.4062,0.006769,0.006512,0.006525,0.005995,0.00517,0.003923,0.006483,0.003575,0.003818,0.1199,0.8313,
0.6606,0.3892,0.006745,0.006507,0.006495,0.006007,0.005149,0.003918,0.006498,0.003561,0.003801,0.1199,0.8314,
0.6608,0.3784,0.006776,0.006503,0.006504,0.006007,0.005123,0.003948,0.006488,0.003631,0.003736,0.1199,0.8314,
0.6609,0.3834,0.006769,0.006503,0.006504,0.005978,0.00512,0.003952,0.006454,0.003651,0.003713,0.1202,0.8312,
0.6606,0.384,0.006755,0.006495,0.006511,0.005945,0.00513,0.00395,0.006447,0.003673,0.003667,0.1202,0.8312,
0.6605,0.3855,0.006729,0.006496,0.006519,0.005932,0.005142,0.003938,0.006483,0.003705,0.003599,0.1202,0.8312,
0.6601,0.3805,0.006712,0.006501,0.006524,0.005913,0.005139,0.00396,0.006466,0.003733,0.00353,0.1202,0.8313,
0.6601,0.3908,0.006704,0.006491,0.006533,0.005893,0.005139,0.004739,0.00568,0.003763,0.003476,0.1202,0.8314,
0.6597,0.406,0.006699,0.006489,0.006506,0.005874,0.005145,0.005518,0.004906,0.003832,0.00338,0.1202,0.8314,
0.659,0.4133,0.006639,0.006487,0.006501,0.005919,0.005089,0.006117,0.004287,0.003808,0.00338,0.1202,0.8316,
0.6584,0.4139,0.00663,0.006491,0.006506,0.005881,0.005035,0.006136,0.004251,0.003865,0.003314,0.1202,0.8317,
0.658,0.4349,0.006617,0.00647,0.006513,0.00586,0.005047,0.006167,0.004188,0.003951,0.003219,0.1202,0.8318,
0.6589,0.3753,0.006626,0.006461,0.006483,0.005962,0.00497,0.006187,0.004186,0.00403,0.003409,0.1199,0.8318,
0.6589,0.385,0.006605,0.006474,0.006484,0.005944,0.004939,0.006208,0.004133,0.004037,0.003387,0.1202,0.8316,
0.6601,0.3863,0.006636,0.006471,0.006492,0.005911,0.005042,0.006137,0.004123,0.004044,0.003705,0.1198,0.8316,
0.6607,0.3743,0.006664,0.006476,0.0065,0.005902,0.005054,0.006146,0.004115,0.004059,0.003812,0.1197,0.8316,
0.6611,0.3757,0.006637,0.006483,0.006501,0.00589,0.005008,0.006159,0.004175,0.003992,0.003786,0.1201,0.8312,
0.6608,0.3758,0.006583,0.00649,0.006507,0.005921,0.004977,0.006171,0.004173,0.004096,0.003671,0.1201,0.8313,
0.6608,0.3805,0.006578,0.006479,0.006513,0.005921,0.005003,0.006184,0.004152,0.004078,0.003671,0.1201,0.8313,
0.6599,0.4023,0.006562,0.006477,0.006437,0.00588,0.004979,0.006196,0.00414,0.004187,0.00355,0.1201,0.8314,
0.6598,0.3996,0.006552,0.006478,0.006443,0.005864,0.004991,0.006196,0.00414,0.004175,0.003525,0.1202,0.8315,
0.6604,0.3839,0.00661,0.006479,0.006454,0.005856,0.005453,0.006276,0.003573,0.004219,0.003671,0.12,0.8314,
0.6597,0.4002,0.006576,0.006461,0.006445,0.00585,0.005468,0.007115,0.002736,0.00424,0.003628,0.1201,0.8313,
0.66,0.389,0.006583,0.006457,0.006414,0.00585,0.005423,0.007158,0.002715,0.004213,0.003838,0.1199,0.8314,
0.6606,0.3893,0.006683,0.006447,0.006418,0.005831,0.005378,0.00717,0.00272,0.004273,0.003891,0.1198,0.8314,
0.6617,0.3949,0.006765,0.006448,0.006425,0.005821,0.005342,0.007203,0.002684,0.004273,0.004163,0.1195,0.8313,
0.6616,0.3953,0.006723,0.006455,0.006432,0.005822,0.005351,0.007194,0.002719,0.004238,0.004163,0.1195,0.8314,
0.6626,0.4028,0.006794,0.006451,0.006432,0.005791,0.005328,0.007178,0.00273,0.004235,0.004148,0.1201,0.8308,
0.6627,0.4018,0.006754,0.006455,0.00641,0.005819,0.005318,0.007175,0.002736,0.004441,0.004049,0.12,0.8309,
0.6627,0.398,0.006695,0.006465,0.006414,0.005823,0.005318,0.007186,0.002773,0.004431,0.004008,0.1201,0.8308,
0.6624,0.419,0.006688,0.006445,0.006419,0.005798,0.005304,0.007195,0.002811,0.004515,0.003858,0.1201,0.8309,
0.6623,0.4082,0.00661,0.006445,0.006425,0.005869,0.005304,0.007217,0.002789,0.004605,0.003768,0.1201,0.8309,
0.6619,0.3846,0.006606,0.006438,0.006405,0.005849,0.005169,0.007228,0.002779,0.00463,0.003895,0.1199,0.8311,
0.6618,0.3922,0.006599,0.006435,0.006411,0.005831,0.005129,0.007225,0.002766,0.004662,0.003861,0.1201,0.831,
0.662,0.3749,0.006661,0.006434,0.006416,0.005822,0.005096,0.007312,0.002667,0.00477,0.003851,0.12,0.831,
0.6614,0.3703,0.006647,0.00643,0.006421,0.005787,0.005041,0.00731,0.002667,0.004793,0.003816,0.12,0.8311,
0.6608,0.3844,0.006581,0.00644,0.006426,0.005807,0.004967,0.007357,0.002613,0.004826,0.003739,0.1201,0.8311,
0.6607,0.3783,0.00657,0.006445,0.006432,0.005771,0.004979,0.007345,0.002612,0.004826,0.003739,0.1201,0.8312,
0.6602,0.3657,0.006566,0.006441,0.006417,0.005761,0.004965,0.00735,0.002614,0.004865,0.003656,0.1201,0.8313,
0.6597,0.3628,0.006552,0.006429,0.006424,0.005751,0.004904,0.007384,0.00258,0.004925,0.003596,0.1201,0.8314,
0.6595,0.3679,0.006546,0.006429,0.006429,0.005742,0.004928,0.00736,0.002592,0.004962,0.003519,0.1201,0.8314,
0.6591,0.3673,0.006495,0.00642,0.006408,0.005759,0.004913,0.007348,0.002591,0.004962,0.003519,0.1201,0.8315,
0.6582,0.3653,0.006406,0.006413,0.006413,0.005813,0.004804,0.00732,0.002591,0.004963,0.003519,0.1201,0.8316,
0.6574,0.3743,0.006383,0.006419,0.006419,0.005787,0.004692,0.007317,0.002588,0.005153,0.003328,0.1201,0.8318,
0.6572,0.369,0.006345,0.006419,0.006422,0.00583,0.00466,0.007302,0.0026,0.005169,0.003316,0.1201,0.8318,
0.6566,0.378,0.006333,0.006418,0.006434,0.00583,0.004584,0.007275,0.0026,0.005253,0.003233,0.1201,0.8319,
0.6575,0.3731,0.006413,0.006414,0.006421,0.005841,0.004583,0.007263,0.002605,0.005237,0.003393,0.1199,0.8319,
0.6582,0.3762,0.006496,0.006409,0.006418,0.005808,0.004601,0.007221,0.002604,0.005237,0.003564,0.1198,0.8319,
0.6584,0.37,0.006485,0.006409,0.006404,0.005798,0.004606,0.00717,0.002644,0.005212,0.003545,0.1201,0.8316,
0.6581,0.3836,0.006472,0.006417,0.006406,0.005791,0.005252,0.006455,0.002654,0.005262,0.00347,0.1201,0.8317,
0.6574,0.3837,0.006465,0.006409,0.006411,0.005778,0.005147,0.006455,0.002664,0.005277,0.003434,0.1201,0.8319,
0.6569,0.3756,0.006437,0.006395,0.006415,0.005771,0.005131,0.006416,0.002697,0.005289,0.003387,0.1201,0.832,
0.6589,0.3761,0.006459,0.00638,0.006405,0.005825,0.005175,0.006368,0.002696,0.005313,0.003709,0.12,0.8316,
0.6587,0.3849,0.006451,0.006375,0.006408,0.005816,0.005175,0.00638,0.002681,0.005293,0.003703,0.12,0.8317,
0.6582,0.3802,0.006421,0.00637,0.006414,0.005836,0.005173,0.006337,0.002676,0.005321,0.00364,0.1201,0.8318,
0.6577,0.3788,0.006261,0.00637,0.006372,0.005963,0.005144,0.006336,0.0027,0.005297,0.00364,0.1201,0.8319,
0.656,0.3924,0.00626,0.006367,0.006378,0.005965,0.00514,0.007629,0.001396,0.005369,0.003565,0.12,0.8319,
