entropy,entropyInd,RabA,RabB,RabC,RabD,RabE,RabF,RabG,RabH,RabI,xER,xPM,
1.683,0.2279,0.1464,0.03478,0.02627,0.04799,0.02089,0.0151,0.01174,0.01306,0.01343,0.3352,0.3352,
1.682,0.2281,0.1464,0.03478,0.02627,0.04784,0.02069,0.01505,0.01174,0.01306,0.01343,0.3352,0.3355,
1.682,0.2283,0.1463,0.0348,0.02627,0.0477,0.0207,0.01506,0.01174,0.01307,0.01343,0.3353,0.3356,
1.678,0.2275,0.1451,0.03464,0.02615,0.04749,0.02036,0.01499,0.01169,0.01301,0.01337,0.3388,0.3343,
1.683,0.2244,0.1453,0.03465,0.02617,0.04735,0.02012,0.015,0.0117,0.01302,0.01524,0.3372,0.3342,
1.681,0.2499,0.1448,0.03464,0.02619,0.04726,0.01955,0.01501,0.01171,0.01303,0.01526,0.3375,0.3351,
1.68,0.2569,0.1435,0.03465,0.0262,0.04727,0.01955,0.01501,0.01171,0.01303,0.01526,0.3376,0.3363,
1.698,0.2501,0.1436,0.03451,0.02615,0.04719,0.01876,0.01499,0.01169,0.01301,0.02227,0.3316,0.3362,
1.696,0.256,0.1427,0.03446,0.02611,0.04712,0.01873,0.01496,0.01167,0.01299,0.02223,0.3328,0.3363,
1.695,0.2494,0.1424,0.03447,0.02612,0.04713,0.01832,0.01497,0.01168,0.01299,0.02224,0.3329,0.3368,
1.693,0.2498,0.1421,0.03447,0.02613,0.04715,0.01786,0.01486,0.01168,0.013,0.02225,0.333,0.3375,
1.709,0.2454,0.1464,0.03425,0.02607,0.04708,0.01783,0.01484,0.01166,0.01298,0.02754,0.3288,0.3325,
1.723,0.2318,0.149,0.03412,0.02608,0.04682,0.01785,0.01485,0.01167,0.01299,0.03266,0.324,0.3299,
1.729,0.2325,0.1493,0.03407,0.02604,0.04676,0.01782,0.01483,0.01166,0.01297,0.03556,0.3222,0.3288,
1.729,0.22,0.1493,0.03407,0.02604,0.04676,0.01782,0.01483,0.01166,0.01297,0.03556,0.3222,0.3288,
1.727,0.2189,0.1484,0.03383,0.02602,0.04655,0.01781,0.01481,0.01165,0.01296,0.03553,0.3236,0.3288,
1.739,0.2131,0.1502,0.03352,0.0259,0.04635,0.01773,0.01475,0.01159,0.0129,0.04163,0.3207,0.3247,
1.737,0.2244,0.1496,0.03342,0.02583,0.04606,0.01767,0.01471,0.01156,0.01286,0.0415,0.323,0.3238,
1.745,0.2196,0.1497,0.03343,0.02583,0.04591,0.01767,0.01471,0.01156,0.01286,0.04535,0.3192,0.3237,
1.744,0.2251,0.1496,0.03343,0.02584,0.04577,0.01768,0.01471,0.01156,0.01287,0.04537,0.3193,0.3239,
1.753,0.2167,0.1512,0.03339,0.0258,0.04539,0.01766,0.01469,0.01155,0.01285,0.04975,0.316,0.3217,
1.752,0.1955,0.1507,0.0331,0.02573,0.04526,0.01761,0.01465,0.01152,0.01282,0.05038,0.3175,0.3207,
1.752,0.1971,0.1506,0.03303,0.02573,0.04506,0.01761,0.01466,0.01152,0.01282,0.05041,0.3177,0.3208,
1.763,0.1967,0.153,0.03304,0.02573,0.04507,0.01762,0.01466,0.01152,0.01282,0.05607,0.3121,0.3184,
1.761,0.1996,0.1527,0.03289,0.02562,0.04474,0.01755,0.0146,0.01148,0.01277,0.05584,0.3155,0.3163,
1.759,0.2005,0.1516,0.03279,0.02554,0.0446,0.01749,0.01456,0.01144,0.01273,0.05567,0.3177,0.3159,
1.758,0.1951,0.1513,0.03274,0.02551,0.04454,0.01747,0.01454,0.01142,0.01271,0.05559,0.3188,0.3154,
1.761,0.1889,0.1521,0.03274,0.02551,0.04454,0.01747,0.01454,0.01142,0.01271,0.05716,0.3172,0.3146,
1.765,0.1868,0.1527,0.0327,0.02547,0.04448,0.01744,0.01452,0.01141,0.0127,0.0599,0.3155,0.3132,
1.773,0.1933,0.153,0.0327,0.02547,0.04448,0.01744,0.01452,0.01141,0.0127,0.06427,0.3112,0.3128,
1.771,0.1844,0.1546,0.03249,0.02474,0.04446,0.0173,0.01449,0.01137,0.01271,0.06431,0.3114,0.3122,
1.77,0.1891,0.1542,0.03246,0.02475,0.04439,0.01727,0.01459,0.01123,0.01269,0.06421,0.3125,0.3117,
1.774,0.1915,0.1536,0.03234,0.02472,0.04426,0.01698,0.01455,0.01119,0.01476,0.0637,0.3129,0.311,
1.779,0.1906,0.1531,0.03233,0.02481,0.04449,0.01698,0.01455,0.0112,0.01476,0.0667,0.31,0.3111,
1.78,0.1876,0.1519,0.03216,0.02475,0.04451,0.017,0.01439,0.01115,0.0147,0.06874,0.311,0.3097,
1.78,0.1877,0.1518,0.03212,0.02482,0.04424,0.01701,0.01439,0.0113,0.01497,0.06835,0.3111,0.3098,
1.78,0.1914,0.1518,0.03215,0.02482,0.04424,0.0172,0.0142,0.0113,0.01497,0.06835,0.3111,0.3098,
1.785,0.1889,0.1511,0.03209,0.0246,0.04488,0.01721,0.0142,0.01131,0.01536,0.07061,0.3085,0.3101,
1.783,0.1945,0.1507,0.03204,0.02456,0.0447,0.01719,0.01418,0.01129,0.01534,0.07046,0.3097,0.3098,
1.782,0.1961,0.1507,0.03187,0.02461,0.04471,0.01663,0.01402,0.01129,0.01589,0.06992,0.3098,0.3106,
1.788,0.1999,0.1524,0.03193,0.02462,0.04472,0.01663,0.01435,0.01097,0.01922,0.0666,0.3098,0.3087,
1.786,0.2082,0.152,0.03202,0.02459,0.04465,0.01994,0.01098,0.01095,0.01919,0.0665,0.3109,0.3083,
1.789,0.2051,0.152,0.03201,0.02463,0.04465,0.01994,0.01098,0.01095,0.01993,0.06737,0.3093,0.3083,
1.789,0.2082,0.1516,0.03207,0.02466,0.04458,0.01991,0.01097,0.01094,0.0201,0.06707,0.3104,0.3078,
1.787,0.2042,0.1511,0.03202,0.02466,0.04473,0.01915,0.01095,0.01092,0.02046,0.06657,0.3114,0.308,
1.791,0.2157,0.1508,0.03201,0.02462,0.04466,0.01913,0.0173,0.004839,0.02186,0.06916,0.3081,0.3076,
1.793,0.2181,0.1502,0.03197,0.02465,0.0449,0.01913,0.01731,0.004841,0.02353,0.06754,0.3082,0.3077,
1.793,0.2202,0.1502,0.03185,0.02478,0.0449,0.01913,0.01755,0.004598,0.02353,0.06754,0.3082,0.3077,
1.794,0.2184,0.1498,0.03181,0.02484,0.04525,0.01913,0.01755,0.004598,0.02458,0.06649,0.3082,0.3077,
1.794,0.2249,0.1492,0.0318,0.02494,0.0451,0.01913,0.01755,0.004598,0.02492,0.06616,0.3083,0.3083,
1.795,0.229,0.1482,0.03178,0.02496,0.04516,0.01911,0.01754,0.004593,0.02646,0.06455,0.3096,0.3081,
1.796,0.2176,0.148,0.03196,0.02499,0.04516,0.01911,0.01754,0.004877,0.02655,0.06417,0.3096,0.3081,
1.806,0.2707,0.1431,0.03688,0.02504,0.04488,0.01912,0.01754,0.004876,0.03155,0.0592,0.3097,0.3082,
1.806,0.2799,0.1429,0.03688,0.02507,0.04489,0.01912,0.01754,0.004877,0.032,0.05875,0.3097,0.3082,
1.809,0.2743,0.1412,0.03686,0.02515,0.04649,0.01912,0.01754,0.004877,0.0333,0.05746,0.3097,0.3082,
1.812,0.2794,0.141,0.03695,0.02517,0.0465,0.01922,0.01745,0.004878,0.03331,0.05907,0.3082,0.3083,
1.812,0.2825,0.1409,0.0368,0.0253,0.04632,0.01923,0.01745,0.004878,0.03412,0.05828,0.3083,0.3084,
1.811,0.2663,0.142,0.03684,0.02455,0.04604,0.01924,0.01745,0.005031,0.03473,0.05754,0.3084,0.3082,
1.811,0.2683,0.141,0.03682,0.02461,0.04649,0.01921,0.01743,0.005024,0.03505,0.05709,0.3095,0.3077,
1.816,0.2701,0.1395,0.0368,0.02462,0.04803,0.01921,0.01743,0.005024,0.0359,0.05775,0.308,0.3077,
1.816,0.2725,0.1393,0.03682,0.02468,0.04804,0.01921,0.01743,0.005025,0.03624,0.05743,0.308,0.3078,
1.816,0.2821,0.1393,0.03677,0.02472,0.04797,0.01922,0.01775,0.004714,0.0367,0.05698,0.3081,0.3078,
1.819,0.2822,0.1363,0.03665,0.02468,0.04981,0.01903,0.01764,0.005022,0.03675,0.05805,0.3093,0.3067,
1.818,0.2835,0.1359,0.03666,0.02474,0.04974,0.01945,0.01717,0.005014,0.03748,0.05717,0.3104,0.3062,
1.819,0.2826,0.1358,0.03659,0.0248,0.04974,0.01945,0.01717,0.005015,0.03787,0.0568,0.3104,0.3063,
1.819,0.2861,0.1357,0.0367,0.02483,0.04974,0.01945,0.01736,0.004822,0.0386,0.05607,0.3104,0.3063,
1.828,0.2503,0.1352,0.03675,0.02487,0.04983,0.01956,0.01727,0.005015,0.03887,0.06074,0.3055,0.3064,
1.835,0.2604,0.1349,0.03673,0.02486,0.04975,0.01973,0.01705,0.009438,0.03504,0.05999,0.3066,0.306,
1.834,0.2695,0.1346,0.03676,0.02484,0.04955,0.0197,0.01703,0.009425,0.03533,0.05957,0.3077,0.3056,
1.838,0.2715,0.1344,0.03694,0.02486,0.04941,0.0197,0.01703,0.009425,0.03889,0.05786,0.3059,0.3056,
1.839,0.2623,0.1341,0.03693,0.02504,0.04928,0.01971,0.01704,0.009427,0.03938,0.05739,0.306,0.3057,
1.84,0.2701,0.134,0.03697,0.02509,0.04928,0.01971,0.01704,0.009427,0.04311,0.05366,0.306,0.3057,
1.841,0.2901,0.1328,0.037,0.02513,0.0504,0.01971,0.01726,0.009201,0.04378,0.05299,0.306,0.3057,
1.841,0.2803,0.1325,0.0369,0.02513,0.05044,0.01952,0.01722,0.009205,0.046,0.05082,0.3061,0.3061,
1.84,0.2711,0.1322,0.03687,0.02516,0.05036,0.01949,0.0172,0.009473,0.04664,0.04975,0.3072,0.3056,
1.84,0.2827,0.1321,0.03687,0.02518,0.05037,0.0195,0.01739,0.009283,0.04984,0.04656,0.3072,0.3057,
1.844,0.268,0.1319,0.03675,0.02519,0.05009,0.01951,0.0174,0.009287,0.05093,0.04792,0.3051,0.3059,
1.843,0.3063,0.1331,0.03676,0.02461,0.0501,0.01951,0.01741,0.009288,0.05346,0.04541,0.3052,0.3052,
1.843,0.2787,0.133,0.03673,0.02471,0.0501,0.01951,0.01741,0.009288,0.05535,0.04352,0.3052,0.3052,
1.843,0.2737,0.133,0.03673,0.02477,0.04983,0.01951,0.01741,0.009569,0.05589,0.04272,0.3053,0.3053,
1.844,0.2777,0.1329,0.03687,0.02478,0.04969,0.0197,0.01722,0.01003,0.05543,0.04273,0.3053,0.3053,
1.845,0.2778,0.1329,0.03688,0.02482,0.04954,0.01971,0.01722,0.01098,0.05527,0.04196,0.3054,0.3054,
1.846,0.2935,0.1325,0.03687,0.02491,0.04982,0.01971,0.01722,0.01123,0.05501,0.04196,0.3054,0.3054,
1.846,0.2781,0.1324,0.03686,0.0249,0.04983,0.0199,0.01703,0.01143,0.05531,0.04149,0.3054,0.3054,
1.845,0.2826,0.1323,0.03694,0.02494,0.04983,0.02025,0.01688,0.01143,0.05785,0.03876,0.3054,0.3054,
1.854,0.2809,0.1319,0.03691,0.02493,0.04962,0.02022,0.01686,0.01186,0.05733,0.04313,0.3022,0.3051,
1.868,0.3292,0.1319,0.03693,0.02496,0.04948,0.02023,0.01686,0.04377,0.02609,0.04248,0.3022,0.3051,
1.868,0.329,0.1317,0.03702,0.02502,0.04948,0.02023,0.01686,0.04427,0.0259,0.04216,0.3022,0.3051,
1.868,0.33,0.1317,0.03703,0.02505,0.04948,0.02023,0.01686,0.04484,0.02611,0.04137,0.3022,0.3051,
1.869,0.3025,0.131,0.037,0.02512,0.04985,0.02056,0.01654,0.04486,0.02698,0.04052,0.3023,0.3052,
1.867,0.314,0.1305,0.037,0.02513,0.04979,0.02072,0.01633,0.04506,0.0267,0.04047,0.3034,0.3049,
1.868,0.3033,0.1293,0.03714,0.02515,0.05066,0.02073,0.01633,0.04537,0.027,0.03988,0.3035,0.3049,
1.868,0.3012,0.129,0.037,0.02521,0.05048,0.02068,0.01631,0.04532,0.02875,0.03805,0.3047,0.3045,
1.867,0.2592,0.1288,0.03691,0.02524,0.0504,0.02089,0.01604,0.04544,0.03013,0.03637,0.3057,0.3041,
1.866,0.2609,0.1282,0.0369,0.02527,0.05034,0.02087,0.01602,0.04538,0.03009,0.03633,0.3069,0.3037,
1.867,0.2679,0.1262,0.03686,0.02529,0.05201,0.02099,0.01585,0.0455,0.03156,0.03457,0.3079,0.3033,
1.865,0.274,0.1257,0.03673,0.02523,0.05185,0.02093,0.0158,0.04552,0.0326,0.03318,0.3101,0.3024,
1.865,0.2742,0.1256,0.03679,0.02531,0.05171,0.02093,0.0158,0.0461,0.0328,0.03243,0.3102,0.3024,
1.868,0.2687,0.1254,0.03691,0.02535,0.05171,0.02093,0.01628,0.04562,0.0328,0.03375,0.3088,0.3024,
1.869,0.2651,0.1253,0.03695,0.02541,0.05171,0.02093,0.01647,0.04543,0.0328,0.03375,0.3088,0.3024,
1.87,0.2662,0.1251,0.03682,0.02546,0.05163,0.0209,0.01666,0.04514,0.03421,0.03308,0.3091,0.3019,
1.869,0.274,0.1251,0.0367,0.02558,0.05163,0.02064,0.01666,0.04514,0.03454,0.03275,0.3091,0.3022,
1.871,0.2703,0.125,0.03675,0.02559,0.05163,0.02101,0.01649,0.04521,0.0346,0.03319,0.3083,0.3022,
1.871,0.2715,0.125,0.03676,0.02562,0.05163,0.02101,0.01649,0.04521,0.0346,0.03319,0.3083,0.3022,
1.87,0.2576,0.1248,0.0367,0.02503,0.05141,0.02098,0.01646,0.04551,0.03512,0.03287,0.3087,0.3024,
1.866,0.2529,0.1243,0.03663,0.025,0.05125,0.02051,0.01622,0.04537,0.03501,0.03277,0.3109,0.302,
1.866,0.2554,0.1243,0.03665,0.02502,0.05114,0.02049,0.01641,0.04518,0.03502,0.03277,0.3109,0.3021,
1.872,0.2526,0.1248,0.03662,0.02505,0.05103,0.01999,0.01666,0.04513,0.03608,0.03465,0.3078,0.3022,
1.872,0.2577,0.1248,0.03663,0.02505,0.05103,0.01999,0.01685,0.04494,0.03608,0.03465,0.3078,0.3022,
1.873,0.2849,0.1237,0.03675,0.02508,0.05184,0.02015,0.01692,0.04501,0.03631,0.03416,0.3079,0.3022,
1.872,0.2737,0.1232,0.03663,0.02512,0.05177,0.02012,0.0169,0.04496,0.03749,0.03289,0.3091,0.3018,
1.872,0.267,0.1232,0.03657,0.02528,0.05135,0.02013,0.01759,0.04429,0.04,0.03041,0.3092,0.302,
1.876,0.2628,0.1246,0.03647,0.02547,0.05121,0.02014,0.0176,0.0446,0.041,0.03067,0.3077,0.3005,
1.875,0.2696,0.1244,0.03645,0.02548,0.05113,0.02011,0.01795,0.04465,0.04076,0.0303,0.3088,0.3001,
1.878,0.2639,0.1244,0.03637,0.02555,0.05113,0.01963,0.01814,0.04472,0.0413,0.03117,0.3071,0.3005,
1.883,0.3067,0.1194,0.04091,0.02563,0.05144,0.01963,0.01814,0.04472,0.04297,0.0295,0.3071,0.3005,
1.883,0.3123,0.1192,0.041,0.02577,0.05144,0.01963,0.01814,0.04543,0.04319,0.02857,0.3071,0.3005,
1.883,0.3147,0.1192,0.04099,0.0258,0.05144,0.01963,0.01814,0.04543,0.04319,0.02857,0.3071,0.3005,
1.889,0.3131,0.119,0.04088,0.02525,0.05136,0.01912,0.0183,0.04517,0.04366,0.03241,0.3037,0.3011,
1.893,0.3309,0.1144,0.04519,0.02527,0.05129,0.01909,0.01846,0.04525,0.04325,0.03236,0.3048,0.3007,
1.895,0.3318,0.115,0.04525,0.02535,0.05129,0.01861,0.01846,0.04525,0.04416,0.03291,0.3033,0.3004,
1.898,0.3497,0.1102,0.04927,0.02532,0.05159,0.01858,0.01843,0.04538,0.04422,0.03256,0.3044,0.3,
1.898,0.3523,0.1102,0.04924,0.02535,0.05159,0.01889,0.01813,0.04601,0.04359,0.03256,0.3044,0.3,
1.898,0.3522,0.1101,0.04924,0.02536,0.05146,0.01889,0.01851,0.0458,0.04379,0.03223,0.3045,0.3001,
1.897,0.3682,0.1099,0.04912,0.0254,0.05138,0.01886,0.01848,0.04573,0.0446,0.03131,0.3056,0.2997,
1.896,0.3627,0.1096,0.0491,0.02536,0.0513,0.01883,0.01883,0.04552,0.04448,0.03107,0.3067,0.2992,
1.896,0.3607,0.1096,0.0491,0.02541,0.05117,0.01884,0.01902,0.04553,0.04481,0.03056,0.3067,0.2992,
1.898,0.3485,0.1091,0.04919,0.02549,0.05156,0.01884,0.01903,0.04597,0.04477,0.031,0.306,0.2991,
1.91,0.344,0.1098,0.04916,0.02558,0.05217,0.01814,0.01903,0.04597,0.04549,0.03586,0.3004,0.2984,
1.917,0.3458,0.1083,0.04921,0.02507,0.05331,0.01829,0.01912,0.0461,0.04515,0.03924,0.2972,0.2991,
1.917,0.3465,0.1083,0.04907,0.02521,0.05331,0.01829,0.01912,0.04647,0.04595,0.03806,0.2972,0.2991,
