entropy,entropyInd,RabA,RabB,RabC,RabD,RabE,RabF,RabG,RabH,RabI,xER,xPM,
0.8684,0.4196,0.0113,0.008895,0.009409,0.01005,0.007531,0.004842,0.003547,0.005856,0.008246,0.1865,0.7438,
0.8682,0.408,0.01129,0.008892,0.009406,0.01004,0.007423,0.00484,0.003546,0.005854,0.008243,0.1868,0.7436,
0.8693,0.4017,0.01136,0.008892,0.009406,0.01003,0.007368,0.00484,0.003546,0.005854,0.008572,0.1865,0.7436,
0.8699,0.3995,0.0114,0.008889,0.009402,0.01003,0.007291,0.004835,0.00354,0.005852,0.008757,0.1866,0.7434,
0.8717,0.4041,0.0116,0.008881,0.009392,0.01002,0.00711,0.004822,0.003538,0.005849,0.009229,0.1866,0.743,
0.8708,0.4029,0.01159,0.008881,0.009391,0.01001,0.006931,0.004822,0.003538,0.005849,0.009229,0.1866,0.7432,
0.8698,0.3854,0.01159,0.008882,0.009392,0.009974,0.006735,0.004819,0.003533,0.005849,0.009229,0.1866,0.7434,
0.8709,0.3788,0.0117,0.008881,0.009392,0.009948,0.006554,0.004819,0.003533,0.005849,0.009804,0.186,0.7435,
0.8711,0.3793,0.01177,0.008881,0.009391,0.009921,0.006507,0.004819,0.003533,0.005849,0.009883,0.1859,0.7435,
0.8718,0.3785,0.01187,0.00888,0.009391,0.009906,0.006368,0.004804,0.003523,0.005849,0.01024,0.1856,0.7436,
0.8699,0.3736,0.01187,0.008881,0.009391,0.009892,0.006046,0.004782,0.003518,0.005836,0.01022,0.1856,0.744,
0.8684,0.3767,0.01149,0.008831,0.009381,0.00984,0.005939,0.004776,0.003514,0.00583,0.01021,0.1865,0.7437,
0.8672,0.3716,0.01114,0.008831,0.00938,0.009825,0.005939,0.004776,0.003514,0.00583,0.01033,0.1864,0.7441,
0.8651,0.3788,0.01059,0.00881,0.009352,0.009767,0.00592,0.004772,0.003514,0.00583,0.01054,0.1863,0.7446,
0.8624,0.3855,0.01041,0.008793,0.00928,0.009767,0.005622,0.004767,0.003514,0.00583,0.01054,0.1863,0.7452,
0.8598,0.387,0.009951,0.008778,0.009258,0.009744,0.005509,0.004753,0.003513,0.005829,0.01054,0.1864,0.7457,
0.8577,0.3917,0.009579,0.008764,0.009256,0.009732,0.00545,0.004745,0.003509,0.005828,0.01054,0.1864,0.7461,
0.8554,0.3956,0.009248,0.008753,0.009203,0.009731,0.005342,0.004745,0.003509,0.005828,0.01054,0.1865,0.7467,
0.8546,0.3996,0.009065,0.008749,0.009202,0.009719,0.005341,0.004744,0.003509,0.005827,0.01054,0.1865,0.7468,
0.8534,0.3978,0.008825,0.008719,0.009202,0.009719,0.005341,0.004745,0.003509,0.005827,0.01054,0.1865,0.7471,
0.8551,0.3948,0.008933,0.008705,0.009197,0.009685,0.005275,0.004743,0.003507,0.005825,0.011,0.1864,0.7467,
0.8533,0.3968,0.00875,0.008704,0.009158,0.009657,0.005148,0.00473,0.003507,0.005825,0.011,0.1864,0.7471,
0.8514,0.3965,0.008618,0.008669,0.009158,0.009639,0.004946,0.004718,0.003498,0.005825,0.011,0.1864,0.7475,
0.8504,0.3981,0.008562,0.008669,0.009084,0.009609,0.004903,0.004707,0.003498,0.005825,0.011,0.1864,0.7477,
0.8492,0.3851,0.008464,0.008624,0.009018,0.009597,0.004858,0.004707,0.003497,0.005825,0.01099,0.1864,0.748,
0.849,0.3806,0.008464,0.008624,0.009018,0.009597,0.004835,0.004707,0.003497,0.005825,0.01099,0.1864,0.748,
0.8481,0.3802,0.008113,0.008576,0.008994,0.009596,0.004832,0.004707,0.003497,0.005824,0.01134,0.1861,0.7485,
0.8488,0.3765,0.008122,0.008541,0.008985,0.00959,0.004759,0.004704,0.003495,0.00582,0.01157,0.1863,0.7481,
0.8484,0.3771,0.008111,0.008529,0.008976,0.00955,0.004734,0.004704,0.003495,0.00582,0.01157,0.1863,0.7482,
0.8479,0.3791,0.008023,0.008515,0.008964,0.009548,0.004733,0.004703,0.003494,0.005819,0.01157,0.1863,0.7483,
0.8475,0.3764,0.008015,0.008501,0.008951,0.009541,0.004712,0.004697,0.003488,0.005811,0.01157,0.1863,0.7484,
0.8472,0.3686,0.007882,0.008504,0.00895,0.009527,0.004734,0.004656,0.003601,0.006418,0.01084,0.1863,0.7485,
0.8473,0.3763,0.007855,0.008481,0.00896,0.009541,0.004748,0.005294,0.002976,0.006448,0.01089,0.1864,0.7484,
0.8489,0.3777,0.007986,0.008478,0.008967,0.009533,0.004801,0.005242,0.002977,0.006732,0.0109,0.186,0.7483,
0.848,0.4264,0.007845,0.008469,0.008976,0.009637,0.006462,0.003536,0.002955,0.007183,0.01034,0.1863,0.7483,
0.848,0.4235,0.007697,0.008469,0.008987,0.009773,0.006481,0.003536,0.002937,0.007236,0.01028,0.1863,0.7483,
0.8486,0.4104,0.007699,0.008466,0.009001,0.009774,0.006481,0.003555,0.002937,0.007435,0.01024,0.1861,0.7483,
0.851,0.4119,0.007796,0.008468,0.009011,0.009758,0.006496,0.003565,0.002964,0.00769,0.01056,0.1855,0.7482,
0.8512,0.3889,0.007836,0.008456,0.00896,0.009758,0.006534,0.003565,0.003031,0.007698,0.01052,0.1854,0.7482,
0.8532,0.3729,0.007897,0.008456,0.008956,0.009741,0.006649,0.003464,0.003044,0.008239,0.01021,0.1859,0.7475,
0.8526,0.372,0.007884,0.008456,0.008918,0.009709,0.006571,0.003436,0.003038,0.0084,0.01004,0.1861,0.7474,
0.8547,0.366,0.007943,0.008451,0.008919,0.009679,0.00653,0.003417,0.003055,0.00844,0.01054,0.186,0.747,
0.854,0.3683,0.007793,0.008437,0.008928,0.009665,0.00653,0.003447,0.003025,0.008735,0.01024,0.186,0.7472,
0.8532,0.3694,0.007785,0.00844,0.008934,0.00961,0.006452,0.003441,0.002999,0.008841,0.01013,0.186,0.7474,
0.8527,0.3766,0.007798,0.008465,0.008935,0.009584,0.006346,0.003399,0.003036,0.009043,0.009915,0.186,0.7475,
0.8519,0.389,0.00776,0.008455,0.008944,0.009565,0.006254,0.003424,0.002991,0.009334,0.009625,0.186,0.7476,
0.8521,0.3771,0.007909,0.008447,0.008954,0.009526,0.006118,0.003424,0.002991,0.009422,0.00962,0.186,0.7476,
0.8531,0.3702,0.008174,0.008447,0.008964,0.009498,0.006033,0.003396,0.002991,0.009421,0.009743,0.1859,0.7474,
0.8536,0.3672,0.00822,0.008423,0.008966,0.009535,0.005856,0.003396,0.00299,0.009551,0.009989,0.1855,0.7475,
0.8538,0.3671,0.008188,0.008403,0.008971,0.009533,0.005894,0.003349,0.00297,0.009644,0.009886,0.186,0.7472,
0.854,0.3651,0.008196,0.008395,0.008923,0.009518,0.005817,0.003339,0.002988,0.009723,0.01003,0.1859,0.7472,
0.854,0.3723,0.008177,0.008399,0.008931,0.009511,0.005835,0.003335,0.002973,0.009807,0.009942,0.1859,0.7472,
0.8532,0.3725,0.007981,0.008388,0.008941,0.009533,0.005884,0.003286,0.003016,0.01008,0.009625,0.1859,0.7473,
0.8535,0.3698,0.008025,0.008365,0.008936,0.009517,0.0058,0.003286,0.003016,0.01031,0.009648,0.1857,0.7474,
0.8526,0.3736,0.007782,0.008375,0.008943,0.009689,0.005711,0.003263,0.003004,0.0106,0.009356,0.1857,0.7476,
0.8526,0.3765,0.007688,0.008397,0.008943,0.009709,0.005728,0.003284,0.002962,0.01076,0.009196,0.1859,0.7474,
0.8533,0.371,0.007739,0.008377,0.008954,0.009698,0.005728,0.003284,0.002963,0.0108,0.009333,0.1857,0.7474,
0.8528,0.3702,0.007626,0.008359,0.008959,0.009701,0.005704,0.003303,0.002943,0.01088,0.009248,0.1859,0.7474,
0.8553,0.3633,0.007761,0.008358,0.008967,0.009689,0.005722,0.003303,0.002925,0.01097,0.009823,0.1852,0.7473,
0.8551,0.3672,0.007689,0.008351,0.008931,0.009705,0.005684,0.003318,0.002929,0.01113,0.00978,0.1851,0.7474,
0.8551,0.3627,0.007607,0.008341,0.008931,0.009697,0.005628,0.003298,0.002926,0.01112,0.009772,0.1857,0.7469,
0.8541,0.3665,0.007541,0.00832,0.008939,0.009705,0.005581,0.00329,0.002939,0.01119,0.009613,0.1857,0.7471,
0.8544,0.3638,0.007525,0.008327,0.008945,0.009703,0.005557,0.003283,0.002945,0.01127,0.009679,0.1856,0.7472,
0.8531,0.3795,0.007565,0.008312,0.008961,0.00968,0.007174,0.002056,0.002566,0.01127,0.009691,0.1855,0.7472,
0.8523,0.3599,0.007464,0.008286,0.008931,0.009618,0.007165,0.002042,0.002584,0.01138,0.009557,0.1857,0.7472,
0.8525,0.3655,0.007492,0.00828,0.008946,0.00959,0.00715,0.002064,0.002556,0.01143,0.009607,0.1856,0.7473,
0.8523,0.3671,0.007392,0.00827,0.008949,0.009576,0.007105,0.002064,0.002556,0.01155,0.009685,0.1854,0.7474,
0.8521,0.3737,0.007343,0.008266,0.008959,0.009604,0.007096,0.002049,0.002581,0.01157,0.009634,0.1854,0.7475,
0.8472,0.375,0.007329,0.008254,0.008948,0.009591,0.006018,0.002032,0.002594,0.01173,0.009503,0.1857,0.7483,
0.8462,0.3653,0.007263,0.008228,0.00897,0.009617,0.005847,0.002075,0.00257,0.01184,0.009379,0.1857,0.7485,
0.8477,0.3662,0.007327,0.008219,0.008971,0.00958,0.005788,0.002075,0.002641,0.01189,0.009821,0.1851,0.7486,
0.8463,0.3828,0.007166,0.008214,0.008975,0.009556,0.005719,0.002056,0.00264,0.0122,0.009511,0.1851,0.7489,
0.8455,0.374,0.006998,0.008207,0.008975,0.009536,0.005605,0.002055,0.002639,0.01235,0.009345,0.1856,0.7487,
0.8453,0.3765,0.006886,0.008196,0.008994,0.009536,0.005464,0.002055,0.002665,0.01241,0.009594,0.1853,0.7489,
0.8449,0.3753,0.006876,0.00818,0.008996,0.009504,0.005405,0.002073,0.002622,0.01253,0.009468,0.1855,0.7488,
0.8441,0.3782,0.006781,0.00817,0.008994,0.009474,0.005362,0.002091,0.002604,0.01269,0.009315,0.1855,0.749,
0.843,0.3672,0.006685,0.008173,0.008932,0.009556,0.005309,0.002088,0.002599,0.01274,0.009137,0.1857,0.7491,
0.8439,0.3865,0.006617,0.008167,0.008907,0.009541,0.005341,0.003054,0.001623,0.01292,0.009475,0.1851,0.7492,
0.8436,0.376,0.00661,0.008148,0.008913,0.009531,0.00536,0.003036,0.001624,0.01339,0.009008,0.1851,0.7492,
0.8433,0.3807,0.006501,0.008129,0.00892,0.009496,0.005373,0.00302,0.00166,0.01335,0.009005,0.1855,0.7491,
0.8425,0.3853,0.006409,0.008123,0.00893,0.009496,0.005312,0.003002,0.00166,0.01336,0.008986,0.1855,0.7492,
0.8419,0.374,0.006185,0.008113,0.008899,0.009471,0.005288,0.003002,0.001659,0.01367,0.009016,0.1852,0.7495,
0.8421,0.3677,0.00618,0.008104,0.008907,0.009439,0.00532,0.002986,0.001665,0.01366,0.008994,0.1854,0.7493,
0.8416,0.37,0.006156,0.008104,0.008841,0.009457,0.005292,0.002993,0.001683,0.01362,0.008976,0.1854,0.7494,
0.8405,0.3718,0.006128,0.008112,0.008847,0.009472,0.005906,0.002315,0.001653,0.01364,0.008957,0.1854,0.7495,
0.8411,0.3638,0.006136,0.008117,0.008857,0.009488,0.005943,0.002298,0.001684,0.01365,0.009001,0.1853,0.7495,
0.8408,0.3631,0.006039,0.00811,0.008858,0.009485,0.005943,0.002297,0.001759,0.01357,0.009,0.1854,0.7495,
0.8405,0.3646,0.006009,0.008112,0.008816,0.009485,0.005957,0.002303,0.001739,0.01368,0.008892,0.1854,0.7496,
0.8411,0.366,0.006099,0.008108,0.008829,0.009461,0.005982,0.002314,0.001721,0.01366,0.008984,0.1853,0.7495,
0.8423,0.3644,0.006239,0.008106,0.008837,0.009459,0.005927,0.002313,0.001754,0.0137,0.009058,0.1854,0.7492,
0.842,0.3726,0.006237,0.0081,0.008788,0.009459,0.005927,0.002328,0.001739,0.01375,0.009005,0.1854,0.7493,
0.8415,0.3741,0.006215,0.008099,0.008798,0.009443,0.005872,0.002313,0.001739,0.01385,0.008903,0.1854,0.7494,
0.842,0.3747,0.006309,0.008088,0.008809,0.009428,0.005787,0.002313,0.001797,0.01385,0.009012,0.1852,0.7494,
0.8416,0.3784,0.006307,0.008082,0.008813,0.009399,0.005762,0.002274,0.001797,0.0141,0.008751,0.1854,0.7493,
0.8412,0.3702,0.006232,0.008087,0.008817,0.009388,0.005762,0.002274,0.001797,0.01416,0.008697,0.1854,0.7494,
0.8409,0.3711,0.006162,0.008084,0.008826,0.009385,0.005762,0.002296,0.00181,0.01412,0.008697,0.1854,0.7495,
0.8399,0.3714,0.006153,0.008075,0.008829,0.009385,0.005566,0.002292,0.001805,0.01412,0.008697,0.1854,0.7497,
0.8428,0.3764,0.006372,0.008056,0.008833,0.009369,0.005563,0.002469,0.00167,0.01416,0.009109,0.1853,0.7491,
0.8407,0.3816,0.006312,0.008051,0.00873,0.009414,0.005288,0.002454,0.001658,0.01423,0.009024,0.1853,0.7495,
0.8398,0.3758,0.006282,0.008029,0.00873,0.009363,0.00523,0.002454,0.001673,0.01454,0.008701,0.1853,0.7497,
0.8371,0.3746,0.005896,0.008026,0.008634,0.00931,0.005216,0.002452,0.001669,0.01456,0.008659,0.1854,0.7502,
0.8371,0.3788,0.005886,0.008027,0.008643,0.009296,0.005235,0.002451,0.001683,0.01461,0.008573,0.1854,0.7502,
0.8364,0.376,0.005878,0.008016,0.008655,0.009227,0.005179,0.002426,0.001746,0.01454,0.008567,0.1854,0.7504,
0.8356,0.3687,0.005733,0.008022,0.008661,0.009212,0.005179,0.002426,0.001764,0.01464,0.008449,0.1854,0.7505,
0.8356,0.3844,0.005729,0.00802,0.00866,0.009175,0.005179,0.002426,0.001828,0.01458,0.008449,0.1854,0.7506,
0.8356,0.3781,0.005812,0.008019,0.008631,0.009116,0.005091,0.002416,0.001842,0.01487,0.008329,0.1852,0.7507,
0.8351,0.3755,0.00576,0.008003,0.008636,0.009088,0.005102,0.002429,0.001855,0.01492,0.008241,0.1852,0.7508,
0.836,0.3679,0.005747,0.007973,0.008605,0.009034,0.005119,0.002409,0.001935,0.01489,0.008547,0.185,0.7507,
0.8362,0.3643,0.005743,0.007965,0.008609,0.009031,0.005117,0.002438,0.001905,0.01513,0.0083,0.1853,0.7505,
0.8358,0.3636,0.005708,0.007957,0.008579,0.009034,0.005141,0.002431,0.00191,0.01513,0.008254,0.1853,0.7505,
0.839,0.3957,0.005769,0.007916,0.008566,0.00902,0.005108,0.002423,0.003826,0.01338,0.008244,0.1852,0.7506,
0.8385,0.3954,0.005752,0.007918,0.008568,0.008983,0.005043,0.00244,0.003826,0.01347,0.008129,0.1852,0.7507,
0.8388,0.3873,0.005825,0.007922,0.008574,0.008968,0.00504,0.00244,0.00387,0.0136,0.007991,0.1851,0.7506,
0.8424,0.4166,0.005863,0.00791,0.008581,0.008967,0.005028,0.002435,0.005707,0.01207,0.008058,0.1852,0.7501,
0.8414,0.4089,0.005691,0.007907,0.008588,0.008941,0.005028,0.002435,0.005707,0.01224,0.007896,0.1852,0.7503,
0.8413,0.3955,0.005689,0.007901,0.008596,0.008917,0.005035,0.002425,0.005725,0.01231,0.007806,0.1852,0.7504,
0.8432,0.391,0.005734,0.007899,0.0086,0.008916,0.00493,0.002416,0.005746,0.01237,0.008429,0.1846,0.7503,
0.8425,0.3897,0.005698,0.007888,0.008607,0.008883,0.004842,0.00244,0.005798,0.0124,0.008318,0.1847,0.7505,
0.8416,0.3778,0.005635,0.007862,0.008612,0.008824,0.004827,0.002437,0.005794,0.01278,0.007931,0.1847,0.7506,
0.8439,0.3991,0.005828,0.007854,0.008618,0.008787,0.004754,0.002444,0.005873,0.01273,0.008503,0.1841,0.7506,
0.8485,0.3834,0.006315,0.007835,0.008619,0.008747,0.004762,0.002445,0.005825,0.01275,0.008928,0.1846,0.7492,
0.8481,0.3625,0.006281,0.007832,0.008626,0.008747,0.004712,0.002465,0.005804,0.01283,0.008853,0.1846,0.7493,
0.8491,0.3551,0.006274,0.007824,0.008631,0.008743,0.004734,0.003934,0.004308,0.01294,0.00873,0.185,0.7489,
0.8489,0.3869,0.006222,0.007815,0.008636,0.008742,0.004741,0.003922,0.004357,0.0132,0.008465,0.1849,0.749,
0.8488,0.3879,0.006217,0.007813,0.008643,0.008728,0.004741,0.003947,0.004331,0.0132,0.008465,0.1849,0.749,
0.8487,0.3753,0.00621,0.007812,0.00865,0.008713,0.004741,0.003966,0.004313,0.01324,0.008428,0.1849,0.749,
0.8491,0.377,0.006086,0.007799,0.008663,0.008713,0.004761,0.003965,0.004294,0.01346,0.008527,0.1846,0.7491,
0.8482,0.3569,0.005986,0.007784,0.008645,0.008659,0.004779,0.004002,0.004267,0.01352,0.008439,0.1847,0.7493,
0.8483,0.3317,0.005972,0.007769,0.008646,0.008625,0.004777,0.004054,0.004244,0.01357,0.008343,0.1849,0.7491,
0.8473,0.322,0.005811,0.007767,0.008652,0.00866,0.004796,0.004054,0.004252,0.01355,0.008244,0.1849,0.7493,
0.846,0.3373,0.005686,0.007761,0.008659,0.008771,0.004779,0.004064,0.004224,0.01502,0.006779,0.1849,0.7493,
0.845,0.3394,0.005522,0.007748,0.00866,0.008771,0.004774,0.004005,0.004344,0.01494,0.006731,0.1849,0.7496,
0.8471,0.3379,0.005779,0.007745,0.008669,0.008742,0.004793,0.004029,0.004379,0.01508,0.00684,0.1846,0.7493,
0.8466,0.3546,0.005594,0.00774,0.008673,0.008739,0.004791,0.004061,0.004422,0.01506,0.006782,0.1849,0.7492,
0.85,0.3326,0.00567,0.007738,0.008671,0.008691,0.004806,0.004096,0.004391,0.01526,0.007615,0.1838,0.7492,
0.8503,0.3412,0.005663,0.007728,0.008627,0.008666,0.004776,0.004109,0.004369,0.01523,0.007545,0.1848,0.7485,
0.8504,0.3334,0.005654,0.007731,0.00862,0.008605,0.004751,0.004109,0.004388,0.01526,0.007676,0.1846,0.7486,
0.8511,0.3324,0.005699,0.007724,0.008626,0.008555,0.00475,0.004127,0.004388,0.01526,0.00787,0.1844,0.7486,
0.8506,0.3297,0.005697,0.007723,0.008625,0.008545,0.004666,0.004141,0.00444,0.01527,0.007786,0.1844,0.7487,
0.8503,0.3316,0.005685,0.007718,0.008618,0.008526,0.004674,0.004158,0.004451,0.01523,0.007748,0.1844,0.7488,
0.85,0.3345,0.005638,0.007683,0.008627,0.008481,0.004681,0.004162,0.004532,0.01521,0.007627,0.1847,0.7486,
0.8525,0.325,0.005799,0.007688,0.008624,0.008434,0.004679,0.004187,0.004508,0.01546,0.008041,0.1841,0.7485,
0.852,0.3395,0.005726,0.007677,0.008624,0.008407,0.004666,0.004202,0.004628,0.01545,0.007907,0.1841,0.7486,
0.8514,0.3309,0.005721,0.007672,0.008621,0.008388,0.004613,0.004174,0.004642,0.01543,0.007907,0.1841,0.7488,
0.8523,0.327,0.005725,0.007665,0.008629,0.008324,0.004638,0.004127,0.004692,0.01543,0.008239,0.1837,0.7488,
0.8512,0.3234,0.005611,0.00766,0.008617,0.008258,0.00462,0.004143,0.004702,0.01544,0.008181,0.1837,0.749,
0.8517,0.3352,0.005585,0.007652,0.008616,0.008182,0.004615,0.004176,0.004709,0.01557,0.007973,0.1846,0.7483,
0.8536,0.33,0.005808,0.007634,0.008611,0.008118,0.004664,0.004123,0.004708,0.01569,0.008288,0.1842,0.7482,
0.8533,0.3498,0.005729,0.007624,0.008574,0.008093,0.004686,0.004118,0.004685,0.01574,0.008229,0.1845,0.748,
0.8541,0.3198,0.005718,0.00762,0.008542,0.008051,0.004686,0.004245,0.004558,0.01581,0.008536,0.1842,0.7481,
0.8535,0.3202,0.005571,0.007615,0.008545,0.008048,0.004668,0.004277,0.004514,0.01592,0.008416,0.1845,0.7479,
0.8528,0.3234,0.005566,0.007593,0.008563,0.008016,0.004648,0.004257,0.0045,0.01591,0.008352,0.1846,0.748,
0.852,0.326,0.005469,0.007535,0.008572,0.007986,0.004648,0.004306,0.004476,0.01595,0.008288,0.1846,0.7482,
0.8513,0.3342,0.005383,0.007545,0.008576,0.008063,0.004649,0.004307,0.004477,0.01618,0.007972,0.1845,0.7483,
0.852,0.365,0.005455,0.007545,0.008577,0.008046,0.004576,0.004292,0.004458,0.01621,0.008231,0.1842,0.7484,
0.8532,0.3184,0.005492,0.007539,0.008586,0.008027,0.004592,0.004297,0.004431,0.01635,0.008309,0.1844,0.7479,
0.853,0.3348,0.005437,0.007534,0.008595,0.008027,0.004607,0.004282,0.004431,0.01635,0.008309,0.1844,0.748,
0.8574,0.3453,0.005803,0.007512,0.008614,0.00801,0.004624,0.004281,0.004411,0.01634,0.009097,0.1839,0.7474,
0.8569,0.3146,0.005767,0.007504,0.00862,0.00801,0.004581,0.004329,0.004408,0.01641,0.008974,0.1839,0.7475,
0.858,0.3139,0.005804,0.007489,0.008624,0.008006,0.004579,0.004363,0.004369,0.01652,0.009039,0.1841,0.7471,
0.8586,0.3377,0.005579,0.007488,0.00863,0.00796,0.004597,0.004345,0.006731,0.01508,0.00811,0.1841,0.7474,
0.8598,0.3325,0.005393,0.007446,0.008628,0.007954,0.004594,0.004375,0.006726,0.01511,0.008558,0.1842,0.747,
0.8597,0.3333,0.005353,0.007428,0.008636,0.007991,0.004608,0.00436,0.006744,0.01518,0.008463,0.1842,0.7471,
0.8605,0.3546,0.005386,0.007427,0.008643,0.007991,0.00462,0.004379,0.006791,0.01511,0.008664,0.184,0.747,
0.8611,0.3369,0.005446,0.007424,0.008647,0.007977,0.004616,0.004386,0.00674,0.01525,0.008735,0.1837,0.747,
0.8604,0.3251,0.005338,0.007418,0.008658,0.007964,0.004634,0.004368,0.00674,0.0154,0.008581,0.1838,0.7471,
0.8632,0.3293,0.005496,0.007415,0.008655,0.007941,0.004612,0.00436,0.006735,0.01549,0.008923,0.184,0.7464,
0.8629,0.3188,0.00523,0.00741,0.00866,0.007959,0.004665,0.004306,0.006735,0.01556,0.009201,0.1837,0.7466,
0.863,0.3259,0.005219,0.007407,0.008611,0.007959,0.004665,0.004325,0.006716,0.01572,0.009174,0.1835,0.7467,
0.8632,0.3276,0.005179,0.007407,0.008615,0.007937,0.004703,0.004301,0.006744,0.01577,0.009066,0.1839,0.7463,
0.8638,0.3277,0.005252,0.007397,0.008617,0.007937,0.004703,0.004316,0.006748,0.01581,0.009117,0.1838,0.7463,
0.8649,0.3253,0.005173,0.007388,0.008629,0.007924,0.004722,0.004294,0.006728,0.01595,0.009569,0.1832,0.7464,
0.865,0.3477,0.005136,0.007372,0.008621,0.007906,0.004728,0.004266,0.006719,0.01619,0.009292,0.1838,0.7459,
0.8659,0.3346,0.005212,0.007346,0.008632,0.007872,0.006154,0.00288,0.006727,0.01614,0.009731,0.1834,0.7459,
0.8656,0.3162,0.005211,0.007341,0.008639,0.007872,0.006263,0.002775,0.006747,0.01638,0.009441,0.1834,0.7459,
0.8652,0.3278,0.005044,0.007344,0.008598,0.007921,0.006285,0.002749,0.006744,0.01638,0.009437,0.1838,0.7457,
0.865,0.3294,0.005041,0.007337,0.008603,0.007898,0.006261,0.002779,0.006728,0.01646,0.009339,0.1838,0.7458,
0.866,0.3281,0.005116,0.007343,0.008606,0.007871,0.006297,0.002802,0.006687,0.01668,0.009392,0.1835,0.7457,
0.8663,0.3258,0.005074,0.007338,0.008624,0.007857,0.006297,0.002802,0.006687,0.01672,0.009533,0.1833,0.7458,
0.864,0.3229,0.004975,0.007333,0.008632,0.007802,0.007362,0.001676,0.006724,0.01686,0.009348,0.1833,0.746,
0.8638,0.3267,0.004932,0.007331,0.008616,0.007798,0.007314,0.001693,0.006679,0.0169,0.009294,0.1837,0.7457,
0.8624,0.2986,0.004734,0.007327,0.008619,0.007763,0.007273,0.001689,0.006697,0.01696,0.009224,0.1837,0.746,
0.8624,0.2992,0.004593,0.007322,0.008615,0.007783,0.007152,0.001688,0.006724,0.01702,0.009427,0.1837,0.746,
0.8617,0.3175,0.004591,0.00731,0.008628,0.007783,0.007087,0.001665,0.006749,0.01701,0.009342,0.1837,0.7461,
0.8624,0.3173,0.004542,0.00731,0.008638,0.00781,0.007047,0.001689,0.006848,0.01714,0.009384,0.1835,0.7461,
0.8621,0.3818,0.004533,0.007305,0.008644,0.0078,0.007007,0.001665,0.006874,0.01718,0.009306,0.1836,0.7461,
0.8607,0.3603,0.004389,0.007298,0.008652,0.007828,0.006845,0.001691,0.006849,0.01724,0.009249,0.1836,0.7463,
0.8605,0.3549,0.004398,0.007278,0.008663,0.007848,0.006693,0.001709,0.00683,0.01748,0.009124,0.1836,0.7464,
0.8617,0.3738,0.00456,0.007264,0.008587,0.007811,0.006663,0.006188,0.002327,0.01752,0.009258,0.1834,0.7464,
0.8617,0.3625,0.004515,0.007261,0.008578,0.007783,0.006604,0.006184,0.002327,0.01752,0.009484,0.1832,0.7465,
0.8618,0.3423,0.004565,0.007264,0.008585,0.007769,0.006564,0.006184,0.002327,0.01762,0.009444,0.1832,0.7465,
0.861,0.3316,0.004491,0.007251,0.008595,0.007753,0.006541,0.006165,0.002327,0.01778,0.009279,0.1832,0.7467,
0.8599,0.3338,0.004404,0.007241,0.008602,0.007731,0.00648,0.006154,0.002312,0.01805,0.009005,0.1832,0.7468,
0.8609,0.3277,0.004593,0.007233,0.008562,0.007731,0.006222,0.006154,0.002312,0.01808,0.009483,0.1827,0.747,
0.8605,0.331,0.004635,0.007227,0.008515,0.007724,0.006182,0.006152,0.00229,0.01814,0.009427,0.1827,0.747,
0.862,0.3233,0.004715,0.007224,0.008516,0.007716,0.006045,0.006142,0.002273,0.01816,0.009708,0.1831,0.7464,
0.8616,0.3249,0.004694,0.007219,0.008513,0.007679,0.005997,0.00614,0.002271,0.01846,0.009401,0.1834,0.7462,
0.8595,0.3325,0.004618,0.007205,0.008528,0.007665,0.00786,0.004145,0.002321,0.01865,0.00907,0.1834,0.7465,
0.857,0.3166,0.004459,0.007198,0.008529,0.00763,0.007575,0.004152,0.002356,0.01894,0.008716,0.1834,0.747,
0.8591,0.2979,0.004522,0.007195,0.008536,0.007642,0.007591,0.00415,0.002337,0.01905,0.009228,0.1828,0.7469,
0.86,0.3136,0.004597,0.00719,0.008532,0.007622,0.007539,0.004165,0.002372,0.01911,0.009154,0.1833,0.7464,
0.8589,0.2932,0.00458,0.007185,0.008539,0.007593,0.00745,0.004175,0.002347,0.01943,0.008816,0.1833,0.7466,
0.8582,0.3016,0.00458,0.007177,0.008542,0.007585,0.007249,0.004156,0.002404,0.0196,0.008734,0.1832,0.7468,
0.8566,0.2955,0.004475,0.007183,0.008549,0.007541,0.007081,0.004202,0.0024,0.0197,0.008545,0.1832,0.7471,
0.8581,0.2945,0.00461,0.007167,0.00856,0.007534,0.006971,0.004197,0.002485,0.01997,0.008687,0.1827,0.7471,
0.8572,0.2982,0.004599,0.00715,0.008515,0.007515,0.006906,0.004183,0.002485,0.02012,0.008539,0.1827,0.7473,
0.8555,0.301,0.004549,0.00715,0.008527,0.007525,0.006647,0.004182,0.002503,0.02017,0.008387,0.1828,0.7475,
0.8549,0.3062,0.004531,0.007109,0.008502,0.007515,0.006588,0.004179,0.002569,0.02011,0.008369,0.1828,0.7477,
0.8539,0.299,0.004443,0.007098,0.008509,0.007481,0.006354,0.004194,0.002574,0.0202,0.008316,0.1833,0.7476,
0.8541,0.2872,0.00453,0.007098,0.008499,0.007469,0.006266,0.004176,0.002563,0.0202,0.008448,0.1831,0.7477,
0.8536,0.29,0.004582,0.007083,0.008505,0.007424,0.006035,0.004175,0.002562,0.02036,0.008491,0.183,0.7477,
0.8549,0.2946,0.004703,0.007067,0.008499,0.007382,0.006065,0.004139,0.002593,0.02048,0.008534,0.1832,0.7473,
0.8555,0.2901,0.004692,0.007058,0.008494,0.007373,0.00598,0.00415,0.002657,0.02057,0.008735,0.1828,0.7474,
0.8549,0.2995,0.00468,0.007034,0.008501,0.00736,0.005979,0.004133,0.002644,0.02078,0.008509,0.1828,0.7475,
0.8543,0.2847,0.004607,0.007029,0.008506,0.00736,0.005974,0.004133,0.002644,0.02079,0.00844,0.1829,0.7476,
0.8541,0.2832,0.004605,0.007,0.008521,0.00736,0.00596,0.004129,0.002687,0.0208,0.008382,0.1829,0.7477,
0.8517,0.3095,0.004483,0.006991,0.00853,0.007337,0.008068,0.002021,0.002758,0.02086,0.008254,0.1829,0.7478,
0.8523,0.2904,0.004595,0.006982,0.008539,0.007337,0.008059,0.002007,0.002758,0.02097,0.00822,0.1828,0.7477,
0.8584,0.3135,0.004878,0.00698,0.008548,0.007324,0.007904,0.002024,0.005608,0.01828,0.008401,0.1825,0.7476,
0.8578,0.317,0.004819,0.006967,0.00856,0.007345,0.007839,0.002036,0.005648,0.01825,0.008324,0.1825,0.7477,
0.8601,0.333,0.004668,0.006961,0.008555,0.007378,0.00781,0.002073,0.007321,0.01653,0.008464,0.183,0.7472,
0.8604,0.3422,0.004595,0.006948,0.008523,0.007439,0.007828,0.002055,0.007382,0.01662,0.008552,0.1828,0.7473,
0.8582,0.3446,0.004417,0.006951,0.008527,0.007437,0.007532,0.002036,0.007399,0.01675,0.00841,0.1829,0.7476,
0.8526,0.3398,0.00412,0.006931,0.008521,0.007424,0.006741,0.002046,0.007417,0.01688,0.008184,0.183,0.7487,
0.8534,0.3384,0.004207,0.006915,0.008527,0.007409,0.00676,0.002059,0.007443,0.01687,0.008284,0.1829,0.7486,
0.8519,0.3363,0.004079,0.006909,0.008535,0.007395,0.006628,0.002022,0.007461,0.01685,0.008284,0.1829,0.7489,
0.8519,0.34,0.004079,0.006902,0.008543,0.00738,0.006642,0.002022,0.007557,0.01676,0.008266,0.1829,0.7489,
0.8509,0.3397,0.004071,0.006889,0.008547,0.00738,0.006463,0.002032,0.007574,0.01695,0.008045,0.183,0.7491,
0.8508,0.345,0.004067,0.006883,0.008557,0.007366,0.006459,0.002056,0.007614,0.01695,0.007959,0.183,0.7491,
0.8495,0.3403,0.003919,0.006852,0.008569,0.007381,0.006344,0.002089,0.007658,0.01687,0.007941,0.183,0.7494,
0.8479,0.3647,0.003751,0.006847,0.008575,0.007381,0.005992,0.00207,0.009836,0.01489,0.00775,0.183,0.7499,
0.8477,0.3554,0.003749,0.006838,0.008584,0.007325,0.006012,0.002098,0.009808,0.015,0.007614,0.183,0.75,
0.8472,0.3811,0.00371,0.006825,0.008545,0.00731,0.006012,0.002098,0.009845,0.01497,0.007614,0.183,0.7501,
0.848,0.3134,0.003774,0.006818,0.008551,0.007309,0.00601,0.002109,0.009878,0.01546,0.00726,0.183,0.7498,
0.8481,0.3713,0.003769,0.006813,0.00856,0.007295,0.00604,0.002091,0.01488,0.01059,0.007126,0.183,0.7499,
0.8485,0.3336,0.003911,0.006807,0.008495,0.00728,0.005924,0.002082,0.01491,0.01089,0.00705,0.1827,0.7499,
0.8547,0.3526,0.00389,0.006805,0.008454,0.007263,0.005907,0.008332,0.008688,0.01084,0.007266,0.1829,0.7496,
0.854,0.3482,0.00382,0.006794,0.008465,0.007242,0.00588,0.008341,0.00874,0.01082,0.007198,0.1829,0.7498,
0.854,0.3125,0.00382,0.006789,0.00847,0.007242,0.0059,0.00832,0.008777,0.01081,0.007172,0.1829,0.7498,
0.8523,0.3236,0.003615,0.006781,0.008445,0.007322,0.005838,0.008329,0.008787,0.01101,0.006854,0.183,0.75,
0.8522,0.3185,0.003609,0.006765,0.008452,0.007322,0.005858,0.008308,0.008805,0.01113,0.006721,0.183,0.75,
0.8524,0.3104,0.003712,0.006759,0.008459,0.007322,0.005816,0.008299,0.008794,0.01121,0.00663,0.183,0.75,
0.8533,0.3342,0.003795,0.00676,0.008463,0.007366,0.005817,0.0083,0.008864,0.01137,0.006548,0.1828,0.7499,
0.8544,0.3211,0.003814,0.00674,0.008468,0.007412,0.005816,0.008314,0.008849,0.01144,0.006721,0.1825,0.7499,
0.8567,0.2994,0.003913,0.006726,0.008476,0.007389,0.005815,0.008351,0.008861,0.01154,0.007186,0.1819,0.7498,
0.8554,0.3033,0.003769,0.006708,0.008474,0.007339,0.005783,0.008352,0.008837,0.01159,0.007137,0.1819,0.7501,
0.8546,0.2957,0.003763,0.006702,0.008406,0.007317,0.005736,0.008356,0.008836,0.01164,0.007073,0.182,0.7502,
0.8544,0.2948,0.003761,0.006701,0.008403,0.007296,0.005754,0.008338,0.008812,0.01167,0.007042,0.182,0.7503,
0.854,0.3102,0.00376,0.006692,0.008407,0.007264,0.005763,0.008347,0.008854,0.01172,0.006897,0.182,0.7503,
0.854,0.3192,0.003823,0.006661,0.008427,0.007264,0.005747,0.008402,0.008772,0.01189,0.006726,0.182,0.7503,
0.8531,0.3205,0.003818,0.006638,0.008434,0.007201,0.005651,0.008402,0.00879,0.01196,0.006639,0.182,0.7504,
0.8537,0.31,0.003812,0.006608,0.008412,0.007179,0.005661,0.008377,0.008856,0.01196,0.006545,0.1828,0.7498,
0.8526,0.3021,0.003811,0.006568,0.008395,0.007143,0.005544,0.00836,0.008894,0.01201,0.00645,0.1828,0.75,
0.852,0.29,0.003806,0.006565,0.008397,0.00712,0.005492,0.008324,0.008895,0.01211,0.006354,0.1828,0.7501,
0.8512,0.3071,0.003694,0.006561,0.008368,0.007106,0.005464,0.008302,0.01064,0.01036,0.006354,0.1828,0.7503,
0.853,0.3064,0.00395,0.006531,0.00829,0.007082,0.005498,0.008282,0.01062,0.01049,0.006475,0.1828,0.75,
0.8513,0.3111,0.003695,0.006532,0.008296,0.007067,0.005538,0.008229,0.0106,0.01059,0.006356,0.1828,0.7503,
0.8509,0.31,0.003695,0.006526,0.008303,0.007037,0.005507,0.008248,0.01059,0.01064,0.006289,0.1828,0.7504,
0.8508,0.3129,0.003658,0.006526,0.008311,0.007066,0.005507,0.008278,0.01059,0.01067,0.006203,0.1828,0.7504,
0.8519,0.3179,0.003681,0.006512,0.008314,0.007066,0.005473,0.008285,0.0106,0.01088,0.006381,0.1824,0.7504,
0.853,0.3061,0.003822,0.006497,0.008333,0.007066,0.005551,0.008225,0.01063,0.01088,0.006412,0.1823,0.7503,
0.8533,0.3506,0.003769,0.006486,0.008336,0.007098,0.006631,0.007115,0.01067,0.01094,0.00628,0.1827,0.7499,
0.853,0.3372,0.003769,0.006479,0.008343,0.007084,0.006632,0.007134,0.01067,0.011,0.00615,0.1827,0.75,
0.853,0.3491,0.003793,0.00648,0.0083,0.007084,0.006589,0.007104,0.01069,0.01108,0.006209,0.1826,0.7501,
0.853,0.3441,0.003725,0.006461,0.008305,0.007133,0.006588,0.007192,0.0106,0.01117,0.006117,0.1827,0.75,
0.8554,0.3218,0.003948,0.006449,0.008308,0.007121,0.00656,0.007186,0.01065,0.0111,0.006482,0.1827,0.7495,
0.8553,0.324,0.003946,0.006442,0.008317,0.007121,0.00656,0.007163,0.01065,0.0111,0.006482,0.1827,0.7496,
0.8576,0.3221,0.004088,0.006436,0.008327,0.007121,0.006606,0.007172,0.01062,0.01112,0.006904,0.1822,0.7494,
0.8576,0.3369,0.004085,0.006431,0.008336,0.007121,0.006606,0.00719,0.01068,0.01111,0.006828,0.1822,0.7494,
0.8572,0.3348,0.004082,0.00642,0.008303,0.007117,0.006524,0.007221,0.01064,0.01119,0.006709,0.1826,0.7492,
0.8561,0.3332,0.003915,0.006415,0.008309,0.007117,0.006542,0.007202,0.01065,0.01131,0.006522,0.1826,0.7494,
0.8557,0.346,0.003768,0.006418,0.008303,0.007102,0.006541,0.007202,0.01086,0.01125,0.006516,0.1826,0.7495,
0.8555,0.3615,0.00382,0.006418,0.008303,0.007095,0.006395,0.007207,0.01085,0.01123,0.006593,0.1825,0.7496,
0.8549,0.359,0.003818,0.006408,0.008315,0.007066,0.006341,0.007225,0.01089,0.01139,0.006339,0.1826,0.7497,
0.8551,0.3474,0.003795,0.0064,0.008322,0.007066,0.006318,0.008144,0.009968,0.01147,0.006314,0.1825,0.7497,
0.8526,0.3207,0.003654,0.006399,0.008325,0.007095,0.006332,0.01307,0.005026,0.01166,0.006117,0.1825,0.7498,
0.8534,0.3224,0.003863,0.00639,0.008331,0.007062,0.006185,0.01311,0.004969,0.01169,0.006284,0.1824,0.7498,
0.8525,0.3149,0.003857,0.00639,0.008338,0.007032,0.006117,0.01313,0.004918,0.01183,0.006104,0.1824,0.7499,
0.8515,0.3146,0.003853,0.006383,0.008277,0.007017,0.00615,0.01313,0.01233,0.004487,0.005931,0.1825,0.7499,
0.8505,0.3085,0.003706,0.006371,0.008284,0.007009,0.00612,0.01313,0.01234,0.004583,0.005817,0.1826,0.7501,
0.8502,0.3112,0.003704,0.006363,0.008292,0.006987,0.006137,0.01313,0.01234,0.004587,0.005749,0.1826,0.7501,
0.8494,0.3326,0.003617,0.006361,0.008259,0.006987,0.00613,0.01312,0.01233,0.00472,0.005579,0.1826,0.7503,
0.8513,0.3259,0.003834,0.006339,0.008267,0.007002,0.00613,0.01314,0.01235,0.004707,0.0058,0.1823,0.7501,
0.8512,0.3387,0.003774,0.006335,0.008268,0.006986,0.006129,0.01321,0.01228,0.004706,0.005798,0.1825,0.75,
0.8505,0.3366,0.003773,0.006324,0.00827,0.006927,0.006059,0.01327,0.01226,0.004833,0.005638,0.1825,0.7501,
0.849,0.3307,0.00373,0.006292,0.00826,0.0069,0.005878,0.01326,0.01225,0.004866,0.005605,0.1825,0.7504,
0.8486,0.3486,0.003729,0.006287,0.008266,0.0069,0.005822,0.01326,0.01228,0.004925,0.005491,0.1825,0.7505,
0.8481,0.3586,0.003723,0.006284,0.008275,0.006886,0.005769,0.01326,0.01233,0.004845,0.005486,0.1826,0.7506,
0.8474,0.3197,0.003649,0.00628,0.008281,0.006883,0.005726,0.01338,0.01223,0.005127,0.005185,0.1826,0.7507,
0.8462,0.3786,0.003385,0.006263,0.008277,0.006854,0.01269,0.006424,0.01223,0.005086,0.005185,0.1826,0.751,
0.8459,0.3815,0.003381,0.006259,0.008252,0.00681,0.01271,0.006453,0.01222,0.00505,0.005185,0.1826,0.7511,
0.846,0.3573,0.003424,0.006262,0.008188,0.00681,0.01264,0.006475,0.01221,0.005083,0.005288,0.1824,0.7512,
0.8457,0.3482,0.003348,0.006261,0.008196,0.006828,0.01266,0.006483,0.01218,0.00515,0.005221,0.1824,0.7513,
0.8466,0.3211,0.003423,0.006233,0.008202,0.006827,0.01267,0.006522,0.01212,0.005149,0.005342,0.1824,0.7511,
0.8461,0.3258,0.003419,0.006225,0.008161,0.006802,0.01264,0.006499,0.01211,0.005166,0.005324,0.1825,0.7511,
0.8479,0.318,0.003599,0.006229,0.00816,0.006801,0.0126,0.006559,0.01206,0.005233,0.005473,0.1824,0.7509,
0.8469,0.3143,0.003507,0.006225,0.008164,0.006833,0.0125,0.006512,0.01206,0.005262,0.005445,0.1824,0.7511,
0.8446,0.3059,0.003507,0.006216,0.008171,0.006832,0.01197,0.006546,0.01203,0.005314,0.005325,0.1825,0.7516,
0.8445,0.3085,0.003503,0.006214,0.008177,0.006832,0.01196,0.00654,0.01201,0.005388,0.00525,0.1825,0.7516,
0.8443,0.3115,0.003576,0.006207,0.008133,0.006832,0.01181,0.006789,0.01177,0.005406,0.005271,0.1825,0.7517,
