entropy,entropyInd,RabA,RabB,RabC,RabD,RabE,RabF,RabG,RabH,RabI,xER,xPM,
0.8684,0.4196,0.0113,0.008895,0.009409,0.01005,0.007531,0.004842,0.003547,0.005856,0.008246,0.1865,0.7438,
0.8664,0.4172,0.01091,0.008878,0.009406,0.01005,0.007475,0.004842,0.003547,0.005856,0.008246,0.1865,0.7443,
0.8663,0.4105,0.0108,0.008875,0.009403,0.01004,0.007472,0.00484,0.003546,0.005854,0.008243,0.1868,0.7441,
0.8648,0.4088,0.01054,0.008838,0.009399,0.01003,0.007422,0.00484,0.003546,0.005854,0.008243,0.1868,0.7445,
0.864,0.408,0.01052,0.008821,0.009352,0.01001,0.007363,0.00484,0.003546,0.005854,0.008243,0.1868,0.7446,
0.8631,0.3913,0.0104,0.008799,0.009352,0.009993,0.007306,0.004836,0.003546,0.005855,0.008243,0.1868,0.7448,
0.8609,0.3938,0.009989,0.008773,0.009334,0.009942,0.007302,0.004835,0.003545,0.005854,0.008243,0.1868,0.7453,
0.8601,0.3917,0.009886,0.008772,0.009333,0.00992,0.007253,0.004835,0.003545,0.005854,0.008243,0.1869,0.7455,
0.8612,0.3894,0.01003,0.008771,0.009331,0.009876,0.007237,0.00483,0.003539,0.005853,0.008443,0.1868,0.7453,
0.8617,0.3912,0.01003,0.008763,0.009329,0.009876,0.007224,0.00483,0.003539,0.005853,0.008605,0.1867,0.7453,
0.863,0.3892,0.01023,0.008763,0.009329,0.009876,0.007193,0.00483,0.003539,0.005853,0.008813,0.1865,0.7451,
0.8655,0.391,0.0103,0.008759,0.009329,0.009876,0.00715,0.00483,0.003539,0.005853,0.009602,0.1857,0.7451,
0.864,0.3888,0.01008,0.008745,0.009275,0.009863,0.007107,0.00483,0.003539,0.005853,0.009602,0.1857,0.7454,
0.8613,0.4111,0.00952,0.008732,0.009271,0.009853,0.007088,0.004826,0.003539,0.005853,0.009602,0.1857,0.746,
0.8593,0.4031,0.009216,0.008708,0.00926,0.009808,0.007002,0.004826,0.003539,0.005853,0.009603,0.1857,0.7465,
0.8583,0.4014,0.009209,0.008706,0.009261,0.009787,0.006825,0.004822,0.003535,0.005854,0.009603,0.1857,0.7467,
0.8571,0.3966,0.009075,0.008696,0.009261,0.009787,0.006725,0.004813,0.003535,0.005854,0.009603,0.1857,0.747,
0.8549,0.3941,0.008756,0.008641,0.009261,0.009771,0.006617,0.004809,0.00353,0.005854,0.009604,0.1857,0.7475,
0.8542,0.4001,0.008679,0.008633,0.009261,0.009701,0.006616,0.004809,0.00353,0.005854,0.009604,0.1857,0.7476,
0.8536,0.3997,0.008677,0.008633,0.009261,0.009613,0.006564,0.004809,0.00353,0.005854,0.009604,0.1857,0.7477,
0.8545,0.3987,0.008667,0.008623,0.00925,0.009588,0.006557,0.004803,0.003525,0.005847,0.009593,0.1867,0.7469,
0.8541,0.3767,0.008666,0.008622,0.009186,0.009563,0.006557,0.004803,0.003525,0.005847,0.009593,0.1867,0.747,
0.8537,0.3681,0.008623,0.008615,0.009185,0.00955,0.006529,0.004803,0.003525,0.005847,0.009593,0.1867,0.747,
0.8554,0.3684,0.008716,0.008607,0.009184,0.009547,0.006479,0.004803,0.003525,0.005847,0.01014,0.1861,0.747,
0.8566,0.3644,0.008832,0.008588,0.009175,0.009512,0.006403,0.004795,0.003522,0.005842,0.01033,0.1866,0.7464,
0.8563,0.3589,0.008832,0.008588,0.009175,0.009498,0.006353,0.004795,0.003522,0.005842,0.01033,0.1866,0.7465,
0.8557,0.3596,0.008778,0.008588,0.009175,0.009498,0.00628,0.004787,0.003522,0.005842,0.01033,0.1866,0.7466,
0.8536,0.3803,0.008575,0.008583,0.009108,0.009467,0.006121,0.004788,0.003523,0.005843,0.01033,0.1866,0.7471,
0.8528,0.3752,0.008574,0.008579,0.009106,0.00942,0.006011,0.004778,0.003518,0.005843,0.01033,0.1866,0.7472,
0.853,0.3648,0.008637,0.008575,0.009106,0.009369,0.005948,0.004778,0.003518,0.005843,0.01049,0.1864,0.7473,
0.8526,0.3656,0.008637,0.008575,0.009067,0.009369,0.005898,0.004778,0.003518,0.005843,0.01049,0.1864,0.7474,
0.8524,0.3724,0.008618,0.008575,0.009083,0.009368,0.005893,0.004784,0.003536,0.006031,0.01014,0.1866,0.7473,
0.8521,0.376,0.008595,0.008593,0.009089,0.009353,0.005869,0.004787,0.003558,0.006315,0.009756,0.1867,0.7474,
0.8519,0.3816,0.00858,0.008596,0.009103,0.009354,0.005846,0.004795,0.003537,0.006646,0.009428,0.1866,0.7475,
0.8517,0.393,0.008528,0.008598,0.009113,0.009394,0.006698,0.003942,0.003537,0.006929,0.009145,0.1866,0.7475,
0.8516,0.3787,0.008509,0.008606,0.009117,0.009372,0.006734,0.003918,0.003525,0.007107,0.008966,0.1866,0.7475,
0.8534,0.3768,0.008508,0.008608,0.009122,0.009358,0.00674,0.003889,0.003525,0.007384,0.009305,0.186,0.7476,
0.8533,0.3767,0.008331,0.008595,0.009128,0.009395,0.006771,0.003882,0.003492,0.007463,0.009215,0.1865,0.7472,
0.8552,0.3753,0.008412,0.008591,0.009139,0.00945,0.006723,0.003905,0.003469,0.007482,0.009713,0.186,0.7471,
0.8564,0.3807,0.008535,0.008592,0.009101,0.009417,0.006705,0.003911,0.003452,0.007762,0.009578,0.1862,0.7467,
0.856,0.4041,0.008529,0.008576,0.00911,0.009386,0.006659,0.003895,0.003521,0.007838,0.009434,0.1862,0.7468,
0.8587,0.3843,0.008769,0.008561,0.009126,0.009366,0.006676,0.003894,0.00352,0.008575,0.009139,0.186,0.7464,
0.861,0.3884,0.008893,0.008575,0.009134,0.009337,0.006675,0.003913,0.003501,0.008631,0.009667,0.1854,0.7462,
0.8614,0.375,0.00887,0.008578,0.009127,0.00932,0.006701,0.003852,0.003498,0.008806,0.009419,0.1862,0.7456,
0.8617,0.3778,0.008933,0.008577,0.009128,0.009313,0.006648,0.003863,0.003492,0.00894,0.009362,0.1861,0.7456,
0.8606,0.3827,0.008717,0.008578,0.009074,0.009319,0.006657,0.003853,0.003491,0.008939,0.009361,0.1862,0.7458,
0.8603,0.3755,0.008662,0.008585,0.009081,0.009306,0.006657,0.003853,0.003491,0.009036,0.009263,0.1862,0.7458,
0.8604,0.3993,0.008638,0.008592,0.009088,0.009316,0.006657,0.003872,0.003491,0.009188,0.009093,0.1862,0.7458,
0.861,0.4102,0.008729,0.008608,0.009096,0.009303,0.006656,0.003872,0.003491,0.009251,0.009098,0.1862,0.7457,
0.8618,0.3837,0.008796,0.008626,0.0091,0.009333,0.006642,0.003887,0.003468,0.009392,0.009088,0.186,0.7456,
0.8616,0.3747,0.008719,0.008634,0.009109,0.009379,0.006605,0.003905,0.003449,0.009423,0.009057,0.186,0.7457,
0.8615,0.3748,0.008662,0.008644,0.009112,0.00935,0.006582,0.003905,0.003449,0.009424,0.009168,0.1859,0.7458,
0.8612,0.37,0.008564,0.008623,0.009113,0.009342,0.00658,0.003904,0.003448,0.009459,0.009127,0.1862,0.7457,
0.8598,0.3872,0.008465,0.008623,0.009118,0.009342,0.006598,0.005589,0.001744,0.009693,0.008893,0.1862,0.7458,
0.8598,0.3836,0.008279,0.00861,0.009123,0.009319,0.006531,0.00562,0.001752,0.009815,0.009164,0.1858,0.746,
0.8597,0.4119,0.008258,0.008618,0.009133,0.009307,0.006574,0.005577,0.001752,0.01002,0.008962,0.1858,0.746,
0.8594,0.4074,0.008242,0.008611,0.009141,0.009308,0.006542,0.005575,0.001764,0.009989,0.008963,0.1858,0.7461,
0.8589,0.413,0.008161,0.008608,0.009147,0.009304,0.006421,0.005568,0.001763,0.01024,0.008703,0.1861,0.746,
0.8583,0.3915,0.008151,0.008607,0.009159,0.00929,0.006319,0.005544,0.001798,0.01027,0.008638,0.1861,0.7461,
0.858,0.3883,0.008213,0.008609,0.009169,0.00929,0.007547,0.004218,0.001794,0.01032,0.008709,0.186,0.7461,
0.8583,0.3823,0.008208,0.008609,0.009182,0.009301,0.007506,0.004182,0.001812,0.01042,0.008733,0.186,0.7461,
0.8575,0.3797,0.008199,0.008607,0.009142,0.009235,0.007438,0.004191,0.001812,0.0105,0.00864,0.186,0.7463,
0.8585,0.3812,0.008289,0.008617,0.009142,0.009218,0.007416,0.004171,0.001873,0.01061,0.0086,0.1861,0.746,
0.8589,0.381,0.008328,0.00861,0.009152,0.009164,0.007325,0.004209,0.001862,0.01064,0.008847,0.1858,0.7461,
0.8589,0.383,0.008306,0.008614,0.009156,0.009137,0.007343,0.004205,0.001915,0.01061,0.008812,0.1858,0.7461,
0.8587,0.3823,0.008298,0.008605,0.009127,0.00912,0.00734,0.004185,0.001928,0.01095,0.008442,0.186,0.746,
0.8572,0.3837,0.008264,0.008632,0.009134,0.00912,0.007102,0.004147,0.001937,0.01105,0.008313,0.186,0.7463,
0.8571,0.4192,0.008199,0.008626,0.009146,0.009135,0.007112,0.004137,0.001962,0.01102,0.008313,0.186,0.7463,
0.8566,0.3954,0.007964,0.008626,0.009118,0.009283,0.007125,0.004163,0.001985,0.01099,0.008276,0.186,0.7464,
0.8565,0.4151,0.007939,0.008645,0.009123,0.009271,0.007125,0.004163,0.002,0.01111,0.008147,0.186,0.7464,
0.8614,0.429,0.008126,0.008645,0.009122,0.009256,0.007125,0.004163,0.0077,0.005589,0.0082,0.1858,0.7463,
0.8611,0.4366,0.007905,0.008656,0.009132,0.009456,0.00711,0.004159,0.007714,0.005941,0.007752,0.1859,0.7463,
0.8605,0.425,0.007874,0.00866,0.009139,0.009415,0.007021,0.004158,0.007713,0.006124,0.007528,0.1861,0.7463,
0.8602,0.3829,0.007811,0.008678,0.009144,0.009429,0.006975,0.004158,0.007712,0.006328,0.007323,0.1861,0.7464,
0.8595,0.3878,0.007769,0.008679,0.009151,0.009425,0.006869,0.004157,0.007762,0.006436,0.007164,0.1861,0.7465,
0.8589,0.4143,0.007763,0.008675,0.009157,0.009413,0.006762,0.004139,0.007762,0.006785,0.006816,0.1861,0.7467,
0.858,0.3958,0.007746,0.008686,0.00916,0.009377,0.006613,0.004134,0.007762,0.00707,0.00653,0.1861,0.7469,
0.8587,0.3869,0.007744,0.008667,0.009167,0.009458,0.006498,0.004115,0.007772,0.007055,0.006855,0.1858,0.7469,
0.8581,0.3919,0.007542,0.008665,0.00918,0.009556,0.006484,0.004124,0.007753,0.007272,0.006638,0.1858,0.747,
0.8577,0.3864,0.007517,0.008665,0.009187,0.009573,0.006401,0.004119,0.007778,0.007396,0.006488,0.1858,0.7471,
0.8576,0.3922,0.007476,0.008662,0.009199,0.009576,0.006401,0.004159,0.007739,0.007649,0.006235,0.1858,0.7471,
0.8563,0.3921,0.007362,0.008658,0.009182,0.00968,0.006233,0.004128,0.007736,0.007783,0.006092,0.1858,0.7474,
0.8571,0.3954,0.007392,0.008651,0.009188,0.009677,0.006212,0.004104,0.007733,0.007871,0.006162,0.1859,0.7471,
0.8563,0.3985,0.007267,0.008647,0.009196,0.009677,0.006175,0.004094,0.007748,0.007915,0.006103,0.1859,0.7473,
0.8575,0.425,0.007356,0.008648,0.0092,0.009677,0.006132,0.005334,0.006534,0.00801,0.006116,0.1857,0.7473,
0.8568,0.4275,0.007259,0.008632,0.009206,0.009631,0.006151,0.005349,0.006519,0.007991,0.006115,0.1857,0.7474,
0.8605,0.398,0.007519,0.008619,0.00922,0.009612,0.006151,0.005392,0.006504,0.008058,0.006782,0.185,0.7472,
0.8601,0.3993,0.007496,0.008601,0.009227,0.009561,0.00616,0.005401,0.006517,0.008246,0.006561,0.185,0.7472,
0.8597,0.3982,0.007506,0.0086,0.009133,0.009565,0.00616,0.005401,0.006563,0.008234,0.006528,0.185,0.7473,
0.8606,0.4018,0.007691,0.008596,0.009142,0.009566,0.006179,0.005395,0.006566,0.008395,0.006353,0.185,0.7471,
0.8611,0.4041,0.007673,0.00858,0.009144,0.009532,0.006171,0.005463,0.00654,0.00835,0.006254,0.186,0.7463,
0.8606,0.3979,0.007594,0.008575,0.009153,0.009566,0.006161,0.005455,0.006536,0.008473,0.006114,0.1859,0.7465,
0.8598,0.4109,0.007506,0.00855,0.009132,0.009611,0.00616,0.005455,0.006536,0.008641,0.005858,0.186,0.7466,
0.8602,0.402,0.007538,0.008556,0.009143,0.009611,0.006063,0.005434,0.006561,0.00866,0.006032,0.1858,0.7466,
0.8585,0.3918,0.007259,0.008558,0.009151,0.009536,0.006079,0.005397,0.006543,0.008703,0.00599,0.1858,0.747,
0.8586,0.3813,0.007256,0.008543,0.009166,0.009535,0.006136,0.005427,0.006514,0.008728,0.005902,0.1859,0.7469,
0.8602,0.3753,0.007436,0.00854,0.009173,0.009561,0.006043,0.005464,0.006502,0.008752,0.006173,0.1856,0.7468,
0.8588,0.3807,0.0073,0.008534,0.009128,0.009515,0.00602,0.005522,0.006471,0.008771,0.006061,0.1857,0.747,
0.8585,0.3764,0.007246,0.008526,0.009134,0.009541,0.006048,0.005494,0.006498,0.008762,0.005988,0.1857,0.747,
0.8565,0.3834,0.006894,0.008522,0.009086,0.009538,0.006099,0.005441,0.006524,0.008942,0.00578,0.1857,0.7474,
0.8556,0.4065,0.006764,0.008522,0.009101,0.00956,0.006117,0.007643,0.004303,0.009126,0.005595,0.1857,0.7475,
0.8562,0.4448,0.006786,0.008523,0.009105,0.009452,0.006142,0.007613,0.004389,0.009035,0.005748,0.1859,0.7473,
0.8559,0.4563,0.006778,0.008514,0.009111,0.00939,0.006143,0.00765,0.004353,0.009103,0.005681,0.1859,0.7474,
0.8531,0.4718,0.006829,0.008514,0.009074,0.009344,0.01107,0.002705,0.004399,0.009038,0.005712,0.1859,0.7474,
0.8523,0.4615,0.006712,0.008517,0.009081,0.009425,0.01097,0.002675,0.004417,0.009005,0.005709,0.1859,0.7476,
0.8533,0.4331,0.006735,0.008524,0.009084,0.009441,0.01084,0.002675,0.004509,0.008947,0.006045,0.1855,0.7477,
0.8565,0.4184,0.006805,0.008518,0.00908,0.009499,0.01075,0.002668,0.004526,0.009021,0.00658,0.1856,0.7469,
0.8565,0.4107,0.006782,0.008515,0.009092,0.0095,0.01075,0.00268,0.004552,0.009013,0.006549,0.1856,0.7469,
0.8561,0.4038,0.00678,0.008512,0.009096,0.0095,0.01072,0.004695,0.002545,0.009319,0.006216,0.1856,0.747,
0.8561,0.4048,0.006752,0.008534,0.009102,0.009486,0.01072,0.004695,0.002608,0.009255,0.006216,0.1856,0.747,
0.8557,0.4084,0.006736,0.008514,0.009119,0.009462,0.01069,0.004692,0.002604,0.009251,0.006197,0.1857,0.747,
0.8461,0.4134,0.006786,0.008508,0.009112,0.009438,0.008346,0.004691,0.002647,0.009249,0.0063,0.1856,0.7494,
0.8439,0.4158,0.00666,0.008511,0.009062,0.009341,0.008137,0.004674,0.002678,0.009256,0.006264,0.1856,0.7498,
0.8432,0.4264,0.006581,0.008506,0.009069,0.00934,0.008065,0.004673,0.00272,0.009358,0.006072,0.1858,0.7499,
0.8426,0.4162,0.006576,0.008495,0.009077,0.009333,0.007957,0.004717,0.002705,0.009394,0.006007,0.1858,0.75,
0.8425,0.422,0.006566,0.008471,0.009088,0.009311,0.007957,0.004753,0.002725,0.009338,0.006007,0.1858,0.75,
0.8429,0.4148,0.006652,0.008468,0.009097,0.00928,0.007875,0.004804,0.002673,0.009366,0.006105,0.1857,0.7499,
0.8417,0.4169,0.006643,0.008467,0.00903,0.009265,0.007785,0.004883,0.002586,0.009414,0.005997,0.1858,0.7502,
0.8408,0.4037,0.006522,0.008461,0.009038,0.009315,0.007661,0.004883,0.002586,0.009517,0.005894,0.1858,0.7504,
0.841,0.3893,0.006562,0.008441,0.009042,0.009293,0.007608,0.004873,0.002604,0.009555,0.005978,0.1856,0.7504,
0.8403,0.3887,0.006509,0.008419,0.009016,0.009292,0.007604,0.004846,0.002587,0.009702,0.005829,0.1857,0.7505,
0.8401,0.3904,0.006476,0.008401,0.009036,0.009309,0.0076,0.004826,0.002588,0.00974,0.005791,0.1857,0.7505,
0.8396,0.3898,0.006359,0.008396,0.008998,0.009309,0.007568,0.004773,0.002588,0.00974,0.005985,0.1856,0.7507,
0.8395,0.4048,0.006345,0.008403,0.009006,0.009309,0.00756,0.004778,0.002568,0.00981,0.005915,0.1856,0.7508,
0.8401,0.3913,0.006451,0.008402,0.008976,0.009384,0.007491,0.00482,0.002549,0.009878,0.005904,0.1855,0.7507,
0.8394,0.3996,0.006335,0.008386,0.008987,0.009406,0.007511,0.004775,0.002574,0.009851,0.005868,0.1855,0.7508,
0.8401,0.405,0.006508,0.008395,0.008996,0.009392,0.007449,0.004775,0.002589,0.009875,0.005877,0.1855,0.7507,
0.8389,0.4,0.006375,0.008385,0.008999,0.009382,0.007363,0.004775,0.002589,0.01006,0.005693,0.1855,0.7509,
0.8386,0.4027,0.006371,0.00838,0.008993,0.00937,0.007353,0.004743,0.002588,0.01009,0.005588,0.1857,0.7508,
0.8371,0.4212,0.006285,0.008378,0.008999,0.00937,0.007353,0.005453,0.00184,0.01015,0.005462,0.1858,0.7509,
0.8389,0.4126,0.006406,0.008375,0.008994,0.00935,0.007353,0.005484,0.001828,0.01013,0.005858,0.1854,0.7508,
0.8403,0.4593,0.006335,0.008364,0.008996,0.009326,0.00733,0.005484,0.008648,0.003428,0.005736,0.1854,0.7509,
0.8402,0.4654,0.006236,0.008359,0.009001,0.00937,0.007331,0.005478,0.00869,0.003389,0.005704,0.1857,0.7507,
0.8435,0.4524,0.006322,0.008354,0.009012,0.009357,0.007319,0.00547,0.00867,0.003442,0.006543,0.1848,0.7507,
0.8437,0.3865,0.006139,0.008338,0.009016,0.009354,0.007313,0.005524,0.008603,0.003503,0.006535,0.1855,0.7502,
0.8434,0.3852,0.006133,0.008338,0.008978,0.009296,0.007335,0.005533,0.008571,0.003614,0.006424,0.1855,0.7503,
0.8433,0.387,0.006112,0.008336,0.008986,0.009297,0.007385,0.005515,0.008567,0.00368,0.006331,0.1855,0.7503,
0.8443,0.3824,0.006053,0.00833,0.008996,0.009325,0.00737,0.005534,0.00854,0.003731,0.006626,0.1852,0.7503,
0.845,0.3814,0.006091,0.008333,0.008998,0.009293,0.007392,0.005527,0.008505,0.003766,0.006811,0.1849,0.7503,
0.8453,0.399,0.006072,0.008332,0.009003,0.009273,0.007344,0.005524,0.008531,0.00375,0.006789,0.1855,0.7499,
0.8479,0.4037,0.006187,0.008304,0.008988,0.009288,0.007358,0.005508,0.00853,0.004105,0.00699,0.185,0.7497,
0.8478,0.3974,0.006175,0.008296,0.009,0.009281,0.007295,0.005558,0.008476,0.004544,0.006551,0.185,0.7498,
0.8477,0.3803,0.006142,0.008297,0.009006,0.009308,0.007335,0.005518,0.008525,0.004494,0.006551,0.185,0.7498,
0.848,0.3799,0.006129,0.008295,0.009011,0.009304,0.00735,0.005498,0.008522,0.004511,0.00653,0.1854,0.7495,
0.8473,0.3794,0.006003,0.008297,0.009014,0.009335,0.007337,0.005493,0.008517,0.004526,0.00649,0.1854,0.7496,
0.8465,0.3801,0.005893,0.008288,0.009025,0.009315,0.0073,0.005505,0.00852,0.004536,0.006456,0.1854,0.7498,
0.8491,0.3775,0.006089,0.008286,0.009029,0.00934,0.007281,0.005524,0.008534,0.00457,0.006871,0.1849,0.7496,
0.8501,0.3779,0.006127,0.008267,0.009042,0.009321,0.007292,0.005506,0.008529,0.004586,0.006951,0.1853,0.7491,
0.8498,0.3793,0.005864,0.008259,0.009054,0.009321,0.007321,0.005492,0.008514,0.004605,0.007224,0.185,0.7494,
0.8503,0.3803,0.005882,0.008255,0.009066,0.009356,0.00734,0.005473,0.008515,0.004639,0.007235,0.1849,0.7493,
0.8487,0.3836,0.00568,0.008246,0.009005,0.009342,0.007343,0.005429,0.00851,0.00471,0.007164,0.1849,0.7496,
0.8494,0.3809,0.005746,0.008241,0.008949,0.009317,0.007331,0.005444,0.008503,0.004748,0.007364,0.1847,0.7497,
0.8497,0.3817,0.00574,0.008227,0.008954,0.009268,0.007327,0.00544,0.008523,0.00472,0.00736,0.1852,0.7493,
0.8513,0.3761,0.005807,0.008225,0.00896,0.009279,0.007363,0.005401,0.008521,0.004719,0.007636,0.1851,0.7489,
0.8519,0.3767,0.005846,0.008209,0.008941,0.009254,0.007416,0.005348,0.008521,0.004773,0.007781,0.1849,0.749,
0.8554,0.3754,0.006017,0.008204,0.008949,0.009254,0.007466,0.005367,0.008526,0.004676,0.0087,0.184,0.7488,
0.8552,0.3734,0.006009,0.008201,0.008961,0.009238,0.007422,0.005423,0.00847,0.004676,0.008701,0.184,0.7489,
0.8559,0.3772,0.006039,0.008189,0.008966,0.009217,0.007385,0.00544,0.008425,0.004802,0.00849,0.185,0.7481,
0.8553,0.3869,0.005907,0.008193,0.008968,0.009232,0.007453,0.005408,0.008406,0.004784,0.00849,0.185,0.7482,
0.854,0.3933,0.005785,0.008187,0.008982,0.009232,0.00738,0.005354,0.008389,0.004759,0.00849,0.185,0.7485,
0.8539,0.3849,0.005772,0.008188,0.008987,0.009224,0.007411,0.005379,0.008352,0.004741,0.00849,0.185,0.7485,
0.8542,0.3903,0.005764,0.008177,0.008999,0.009215,0.007444,0.006189,0.007508,0.00484,0.008392,0.185,0.7485,
0.8539,0.3916,0.005756,0.008171,0.009007,0.009178,0.00743,0.00622,0.007453,0.005034,0.008198,0.185,0.7486,
0.853,0.4304,0.005726,0.008174,0.009016,0.009181,0.007349,0.008376,0.005318,0.005123,0.008018,0.185,0.7487,
0.8519,0.429,0.005718,0.008147,0.008954,0.009168,0.007255,0.008341,0.005317,0.005158,0.007982,0.185,0.7489,
0.8517,0.4157,0.0058,0.008123,0.008962,0.009183,0.007104,0.008319,0.005318,0.005235,0.007965,0.1849,0.7491,
0.8511,0.4225,0.005787,0.008106,0.008914,0.009171,0.007084,0.008284,0.005318,0.005328,0.007872,0.1849,0.7492,
0.8491,0.4366,0.005746,0.008106,0.008878,0.009182,0.007089,0.008266,0.00797,0.002639,0.007872,0.185,0.7493,
0.8509,0.4303,0.005944,0.008108,0.008884,0.009168,0.007035,0.008266,0.007988,0.00262,0.008217,0.1846,0.7492,
0.8506,0.4443,0.005917,0.008102,0.008898,0.009186,0.00694,0.008235,0.007988,0.00293,0.007907,0.1846,0.7493,
0.8527,0.4349,0.005964,0.008097,0.008903,0.009198,0.006937,0.008291,0.007926,0.003049,0.008213,0.1845,0.7489,
0.8526,0.4262,0.005952,0.008082,0.008917,0.00918,0.006937,0.008361,0.007896,0.003188,0.007996,0.1846,0.7489,
0.852,0.404,0.005907,0.008077,0.008927,0.009221,0.009537,0.005739,0.007911,0.00334,0.007759,0.1846,0.749,
0.8535,0.3859,0.0058,0.00807,0.008932,0.009239,0.009499,0.005818,0.007846,0.00332,0.008314,0.1843,0.7488,
0.8529,0.3835,0.005687,0.008065,0.008939,0.009225,0.009499,0.005855,0.007809,0.003375,0.008258,0.1843,0.7489,
0.8517,0.392,0.005499,0.008069,0.008889,0.009214,0.009499,0.005855,0.007871,0.00349,0.008013,0.1844,0.7492,
0.8506,0.3822,0.005415,0.00804,0.008874,0.009214,0.009437,0.00584,0.007871,0.00362,0.007814,0.1845,0.7494,
0.8532,0.3813,0.005665,0.008039,0.00888,0.009214,0.009388,0.005821,0.007871,0.003751,0.008182,0.184,0.7492,
0.8532,0.3981,0.005644,0.00804,0.008809,0.009205,0.009228,0.005855,0.007814,0.004034,0.007889,0.1847,0.7487,
0.853,0.3942,0.005636,0.008036,0.008819,0.009193,0.00926,0.005855,0.007759,0.004088,0.007835,0.1847,0.7488,
0.8544,0.3913,0.005764,0.00802,0.008842,0.009193,0.009172,0.005851,0.007759,0.004088,0.008187,0.1844,0.7487,
0.8535,0.3955,0.005762,0.008012,0.008852,0.009193,0.008974,0.005851,0.007759,0.004124,0.008151,0.1844,0.7489,
0.8543,0.3999,0.005795,0.008,0.008862,0.009171,0.008958,0.005817,0.007759,0.004124,0.008444,0.1841,0.749,
0.8537,0.3972,0.005793,0.007995,0.008844,0.009143,0.008872,0.005817,0.007759,0.004205,0.008363,0.1841,0.7491,
0.8535,0.3959,0.005787,0.007989,0.008857,0.009129,0.008806,0.005798,0.007759,0.004591,0.007977,0.1841,0.7492,
0.8531,0.4023,0.005764,0.007985,0.008865,0.009149,0.008783,0.005758,0.007736,0.004591,0.007977,0.1841,0.7493,
0.8524,0.3972,0.005752,0.007987,0.008868,0.009128,0.008638,0.005814,0.00768,0.004622,0.007946,0.1841,0.7495,
0.8487,0.4492,0.005748,0.007981,0.00887,0.009121,0.008337,0.01066,0.002872,0.004604,0.007928,0.1841,0.7498,
0.8474,0.4647,0.005594,0.007977,0.00888,0.009115,0.00809,0.0107,0.002841,0.004586,0.007922,0.1846,0.7497,
0.8462,0.4647,0.005408,0.007965,0.008847,0.009086,0.008091,0.01073,0.002804,0.004753,0.007755,0.1846,0.7499,
0.8454,0.4419,0.0054,0.00796,0.008853,0.009079,0.00797,0.01068,0.002836,0.00474,0.007737,0.1847,0.7501,
0.8443,0.4332,0.005286,0.00795,0.008857,0.009074,0.0079,0.0107,0.002862,0.004671,0.007699,0.1847,0.7503,
0.8465,0.4216,0.005397,0.007952,0.008864,0.009046,0.00794,0.01068,0.002844,0.004722,0.008208,0.1841,0.7502,
0.8477,0.4156,0.005494,0.007951,0.008866,0.009036,0.008031,0.01059,0.002844,0.004722,0.008432,0.1839,0.7501,
0.8476,0.4225,0.005465,0.007936,0.008871,0.009017,0.007909,0.01058,0.00286,0.004718,0.008407,0.1845,0.7497,
0.8476,0.3917,0.005459,0.007938,0.008875,0.009017,0.007942,0.01055,0.00286,0.004718,0.008407,0.1845,0.7497,
0.8468,0.3915,0.005459,0.007923,0.00889,0.008943,0.00781,0.01057,0.00287,0.004889,0.008208,0.1845,0.7499,
0.845,0.3962,0.005455,0.007918,0.0089,0.008914,0.007677,0.01056,0.002858,0.004971,0.007782,0.1849,0.7501,
0.8485,0.3929,0.005696,0.00793,0.008901,0.008901,0.007708,0.01046,0.002853,0.005072,0.00852,0.1841,0.7499,
0.848,0.392,0.005653,0.007932,0.00891,0.008918,0.007609,0.01046,0.002853,0.005105,0.008486,0.1841,0.75,
0.8476,0.3892,0.005644,0.007928,0.008919,0.008893,0.007525,0.01046,0.002853,0.0054,0.008191,0.1841,0.7501,
0.8476,0.4021,0.005638,0.007926,0.008923,0.008855,0.009332,0.008629,0.002872,0.005455,0.008116,0.1841,0.7502,
0.847,0.4083,0.005296,0.007924,0.008925,0.008886,0.009327,0.008625,0.003633,0.004866,0.007936,0.1845,0.7501,
0.8472,0.3995,0.005347,0.007925,0.008871,0.00888,0.009217,0.00862,0.003633,0.004959,0.008044,0.1843,0.7502,
0.848,0.3951,0.005426,0.007933,0.008869,0.008848,0.009214,0.008618,0.003646,0.004976,0.008088,0.1844,0.7499,
0.8511,0.3836,0.005618,0.007934,0.008864,0.008843,0.009183,0.008596,0.003672,0.005173,0.008409,0.1843,0.7494,
0.85,0.3906,0.005497,0.007933,0.008874,0.008844,0.009047,0.008646,0.003621,0.00541,0.008173,0.1843,0.7496,
0.8498,0.4112,0.005609,0.007925,0.008883,0.00883,0.008842,0.00867,0.005274,0.003918,0.008019,0.1843,0.7497,
0.8484,0.4039,0.005458,0.007919,0.008852,0.00877,0.008772,0.008637,0.005274,0.004055,0.007882,0.1843,0.75,
0.8474,0.4033,0.005415,0.007907,0.008859,0.008719,0.008632,0.008636,0.005274,0.004172,0.007766,0.1844,0.7503,
0.8462,0.412,0.005386,0.0079,0.008869,0.008745,0.008462,0.008636,0.006085,0.0034,0.007708,0.1844,0.7504,
0.8459,0.4196,0.005378,0.007895,0.008883,0.008745,0.008418,0.008603,0.006085,0.00348,0.007628,0.1844,0.7505,
0.8466,0.4104,0.005482,0.00789,0.008882,0.008737,0.00819,0.008576,0.006085,0.003955,0.007466,0.1841,0.7507,
0.8466,0.4093,0.005467,0.007896,0.008851,0.008737,0.008223,0.008542,0.006085,0.004259,0.007161,0.1841,0.7507,
0.8453,0.4091,0.005286,0.007856,0.008815,0.008722,0.008153,0.008535,0.006153,0.004319,0.007028,0.1843,0.7508,
0.8465,0.3768,0.005398,0.007855,0.008822,0.008707,0.007929,0.008517,0.006168,0.004337,0.007534,0.1838,0.751,
0.8466,0.3785,0.005287,0.007847,0.00883,0.008693,0.007834,0.008513,0.006214,0.004389,0.00779,0.1834,0.7512,
0.8444,0.3954,0.005276,0.007835,0.008813,0.008673,0.007772,0.01039,0.004308,0.004408,0.007664,0.1835,0.7513,
0.8447,0.3947,0.005215,0.007831,0.008785,0.008742,0.00775,0.01034,0.004326,0.004503,0.007777,0.1833,0.7514,
0.8447,0.4099,0.005199,0.007827,0.008791,0.008732,0.007785,0.01031,0.004344,0.004564,0.007696,0.1833,0.7515,
0.8431,0.4537,0.005289,0.007821,0.008786,0.008723,0.01451,0.003543,0.004335,0.004554,0.007873,0.184,0.7506,
0.8429,0.4236,0.005283,0.007789,0.00877,0.008721,0.01451,0.003561,0.004315,0.004603,0.007822,0.184,0.7507,
0.8427,0.3798,0.005268,0.007768,0.008786,0.00869,0.01445,0.003578,0.004333,0.004688,0.007698,0.1841,0.7506,
0.8418,0.37,0.005253,0.00778,0.008789,0.008675,0.01424,0.003569,0.004347,0.004765,0.007606,0.1841,0.7508,
0.8408,0.3623,0.005166,0.007774,0.008794,0.008661,0.01416,0.003584,0.004368,0.004811,0.007479,0.1842,0.751,
0.8401,0.37,0.005115,0.007763,0.008807,0.008661,0.01404,0.003565,0.004368,0.004944,0.007346,0.1842,0.7512,
0.8385,0.3717,0.005043,0.007747,0.008826,0.008635,0.01377,0.003562,0.004364,0.005105,0.00718,0.1842,0.7516,
0.8277,0.3788,0.005024,0.007738,0.00882,0.008635,0.01125,0.00354,0.004349,0.005103,0.007172,0.1841,0.7542,
0.8268,0.3838,0.004997,0.00772,0.008769,0.008639,0.01112,0.00352,0.004349,0.005478,0.006798,0.1841,0.7545,
0.8262,0.3895,0.004995,0.007717,0.008775,0.008639,0.01096,0.003531,0.004749,0.005139,0.006717,0.1841,0.7546,
0.8271,0.3917,0.005044,0.0077,0.008777,0.008633,0.01076,0.003543,0.004756,0.005178,0.007018,0.1841,0.7545,
0.8252,0.4001,0.005042,0.007691,0.008718,0.008622,0.01043,0.003534,0.004742,0.00535,0.006834,0.1841,0.7549,
0.8248,0.3825,0.005038,0.007687,0.008725,0.008622,0.01034,0.003534,0.004792,0.005299,0.006834,0.1841,0.755,
0.8254,0.3848,0.005027,0.007673,0.008733,0.008611,0.01033,0.00352,0.00484,0.005267,0.007084,0.1838,0.7551,
0.825,0.3813,0.005021,0.00766,0.00874,0.00861,0.01024,0.003538,0.004822,0.005363,0.006988,0.1838,0.7552,
0.824,0.3855,0.004957,0.007662,0.008746,0.008583,0.01015,0.003513,0.004825,0.005479,0.006858,0.1838,0.7554,
0.8247,0.3835,0.005035,0.007662,0.00875,0.008583,0.01008,0.003513,0.004859,0.005584,0.006876,0.1837,0.7554,
0.8235,0.3864,0.005027,0.007667,0.00875,0.008573,0.009815,0.003508,0.004886,0.005643,0.00679,0.1837,0.7557,
0.8251,0.3822,0.0051,0.007653,0.008764,0.008562,0.009776,0.003576,0.004846,0.005645,0.007208,0.1832,0.7557,
0.8246,0.3814,0.005087,0.007648,0.00876,0.008543,0.009587,0.003549,0.00486,0.005679,0.007062,0.184,0.7552,
0.8231,0.3842,0.004975,0.007641,0.008767,0.008523,0.009406,0.003545,0.004893,0.005692,0.006997,0.184,0.7555,
0.8226,0.3997,0.004937,0.007647,0.008772,0.008553,0.009321,0.003545,0.004933,0.005777,0.006856,0.184,0.7557,
0.8242,0.398,0.004978,0.007642,0.00878,0.008539,0.009256,0.00353,0.004948,0.005793,0.00738,0.1834,0.7557,
0.8242,0.404,0.004974,0.007632,0.008783,0.008535,0.009206,0.003533,0.004911,0.006307,0.006814,0.1839,0.7554,
0.8257,0.4007,0.005105,0.007617,0.008794,0.008527,0.009024,0.003527,0.004925,0.006325,0.007196,0.1837,0.7553,
0.8253,0.4097,0.005103,0.007606,0.00878,0.008513,0.008966,0.00353,0.004951,0.006344,0.007129,0.1838,0.7553,
0.8247,0.3957,0.005083,0.007619,0.008788,0.008513,0.008818,0.00353,0.004951,0.006482,0.006991,0.1838,0.7554,
0.824,0.4004,0.005069,0.007623,0.008746,0.008492,0.008757,0.003512,0.004978,0.006543,0.006903,0.1838,0.7556,
0.8245,0.3958,0.005257,0.007617,0.008744,0.008492,0.008654,0.00354,0.00495,0.006603,0.006867,0.1838,0.7555,
0.8245,0.3927,0.00524,0.007611,0.008756,0.008503,0.008672,0.003521,0.00495,0.006633,0.006836,0.1838,0.7555,
0.8242,0.3951,0.005236,0.007607,0.008752,0.008486,0.008651,0.00349,0.004991,0.006725,0.006703,0.1838,0.7556,
0.8253,0.4042,0.005351,0.007588,0.008762,0.008478,0.00865,0.00349,0.005009,0.006705,0.006845,0.1838,0.7553,
0.8269,0.3861,0.005494,0.007586,0.008767,0.008463,0.008684,0.003497,0.004967,0.006793,0.007043,0.1835,0.7552,
0.8269,0.3873,0.005477,0.00759,0.008771,0.008448,0.008649,0.003497,0.004994,0.006766,0.007147,0.1834,0.7553,
0.8272,0.3891,0.005471,0.007587,0.008765,0.008438,0.008692,0.003507,0.00497,0.006758,0.007114,0.1837,0.755,
0.8267,0.3889,0.005383,0.007567,0.008769,0.008483,0.008669,0.003507,0.004951,0.007007,0.006866,0.1837,0.7551,
0.8284,0.3742,0.005521,0.007574,0.008734,0.008473,0.008576,0.003495,0.004941,0.007062,0.007337,0.1832,0.7551,
0.8285,0.3738,0.005542,0.007555,0.008717,0.008454,0.008576,0.003507,0.004929,0.007142,0.007312,0.1832,0.7551,
0.8299,0.3755,0.005546,0.007547,0.008726,0.008497,0.008586,0.003497,0.004948,0.007207,0.007619,0.1828,0.7551,
0.8289,0.3768,0.005361,0.007543,0.008733,0.008497,0.008566,0.003552,0.004882,0.00735,0.007469,0.1828,0.7553,
0.8293,0.3775,0.00527,0.007523,0.008725,0.008492,0.008558,0.003564,0.00489,0.007346,0.007431,0.1836,0.7546,
0.8299,0.3831,0.005272,0.007508,0.008728,0.008483,0.008577,0.003589,0.004871,0.007434,0.007519,0.1834,0.7546,
0.829,0.3934,0.005028,0.007495,0.008725,0.008575,0.008551,0.003608,0.004865,0.007573,0.007344,0.1835,0.7547,
0.8286,0.3854,0.005016,0.007491,0.008727,0.008546,0.00857,0.00359,0.004892,0.007546,0.007273,0.1836,0.7547,
0.8281,0.395,0.004896,0.007478,0.008743,0.008546,0.008588,0.003572,0.005037,0.007564,0.007109,0.1836,0.7548,
0.8281,0.4074,0.004979,0.007442,0.008752,0.008546,0.01031,0.004292,0.002579,0.007653,0.007495,0.1831,0.7548,
0.8292,0.423,0.005038,0.007437,0.008754,0.008528,0.01029,0.004331,0.002622,0.007657,0.007508,0.1835,0.7544,
0.8308,0.3988,0.005093,0.007444,0.00875,0.008524,0.01019,0.004382,0.002567,0.007739,0.007838,0.1834,0.7541,
0.8317,0.395,0.005222,0.007439,0.008718,0.008458,0.01021,0.004434,0.002529,0.007801,0.007949,0.1832,0.754,
0.8309,0.4047,0.0052,0.007449,0.008722,0.008422,0.01008,0.004427,0.002572,0.007747,0.007949,0.1832,0.7542,
0.8313,0.3972,0.005367,0.00745,0.008652,0.008405,0.009944,0.004433,0.002578,0.007834,0.007971,0.1832,0.7541,
0.8292,0.4163,0.005312,0.007446,0.008655,0.008391,0.009521,0.004441,0.002547,0.007853,0.007991,0.1833,0.7546,
0.8285,0.4,0.00531,0.007437,0.008667,0.008375,0.009371,0.004435,0.002554,0.008005,0.007825,0.1833,0.7547,
0.8277,0.4029,0.005233,0.007428,0.008673,0.00837,0.009394,0.004406,0.002499,0.00806,0.00777,0.1833,0.7549,
0.828,0.4473,0.005269,0.007416,0.008676,0.008368,0.009206,0.00439,0.00706,0.003541,0.007766,0.1832,0.7551,
0.8275,0.4454,0.005266,0.007409,0.008683,0.008367,0.009095,0.004377,0.007089,0.003504,0.00776,0.1833,0.7551,
0.8267,0.4194,0.005148,0.007403,0.008688,0.008362,0.009103,0.004329,0.007068,0.003779,0.007486,0.1833,0.7553,
0.8258,0.4039,0.005136,0.0074,0.008701,0.008339,0.008902,0.004373,0.007031,0.00394,0.007298,0.1833,0.7555,
0.825,0.4087,0.005135,0.0074,0.008653,0.008339,0.0088,0.004373,0.007057,0.004002,0.007171,0.1834,0.7557,
0.8247,0.4171,0.005122,0.007393,0.008656,0.008342,0.008707,0.004403,0.007027,0.004337,0.006836,0.1834,0.7558,
0.8232,0.4057,0.004864,0.007395,0.008664,0.008343,0.008695,0.004366,0.007027,0.004366,0.006807,0.1834,0.7561,
0.8228,0.4108,0.004858,0.007386,0.008628,0.008343,0.009328,0.003695,0.007041,0.004326,0.007021,0.1832,0.7562,
0.8228,0.4043,0.004829,0.007395,0.008627,0.008383,0.009189,0.003708,0.007022,0.004326,0.007193,0.183,0.7563,
0.8227,0.4146,0.004826,0.007388,0.008636,0.008369,0.009151,0.003708,0.007022,0.00464,0.006879,0.183,0.7564,
0.8224,0.4275,0.004742,0.007353,0.008627,0.00835,0.009208,0.003666,0.007025,0.00479,0.0067,0.1833,0.7562,
0.8219,0.4298,0.00472,0.007345,0.008622,0.008354,0.009174,0.003657,0.007057,0.004829,0.006586,0.1833,0.7563,
0.8215,0.4122,0.004651,0.007348,0.008628,0.008401,0.009126,0.003657,0.007036,0.004852,0.006555,0.1833,0.7564,
0.8223,0.4246,0.004773,0.007345,0.008636,0.008377,0.009102,0.003634,0.007036,0.00496,0.006551,0.1833,0.7563,
0.8218,0.4134,0.004771,0.007335,0.0086,0.008366,0.009116,0.003619,0.007036,0.005013,0.006444,0.1834,0.7563,
0.8185,0.4246,0.004742,0.007327,0.008595,0.008366,0.008512,0.003573,0.007017,0.005062,0.006381,0.1834,0.7571,
0.8166,0.4196,0.004537,0.007281,0.008571,0.008299,0.008513,0.003555,0.006976,0.005248,0.006171,0.1834,0.7574,
0.8159,0.4073,0.004536,0.007273,0.00858,0.008244,0.008456,0.003538,0.006973,0.005244,0.006172,0.1833,0.7576,
0.8166,0.392,0.004661,0.00727,0.008583,0.008191,0.008385,0.003478,0.006955,0.005322,0.006405,0.183,0.7577,
0.8162,0.3929,0.004645,0.007274,0.008586,0.008201,0.008315,0.003499,0.006957,0.005462,0.006222,0.183,0.7578,
0.8151,0.3955,0.004617,0.007266,0.008556,0.008228,0.008112,0.003518,0.006972,0.005429,0.006222,0.183,0.758,
0.8157,0.3905,0.004672,0.007236,0.008519,0.008248,0.008055,0.003506,0.00699,0.005488,0.006394,0.1828,0.7581,
0.8142,0.3995,0.004592,0.007227,0.008536,0.008203,0.007842,0.003502,0.007049,0.005461,0.006363,0.1828,0.7584,
0.8147,0.3975,0.004626,0.007226,0.008535,0.008183,0.007847,0.003509,0.007027,0.005458,0.006336,0.1833,0.758,
0.8146,0.4085,0.004614,0.007224,0.00854,0.008193,0.007829,0.003544,0.007033,0.005597,0.006153,0.1833,0.758,
0.813,0.4181,0.004598,0.00722,0.008507,0.008181,0.007549,0.003564,0.007022,0.005782,0.005942,0.1833,0.7584,
0.8131,0.4321,0.004616,0.007216,0.008513,0.008199,0.008994,0.003308,0.00563,0.005775,0.006379,0.1828,0.7586,
