entropy,entropyInd,RabA,RabB,RabC,RabD,RabE,RabF,RabG,RabH,RabI,xER,xPM,
0.8684,0.4196,0.0113,0.008895,0.009409,0.01005,0.007531,0.004842,0.003547,0.005856,0.008246,0.1865,0.7438,
0.8657,0.4092,0.01062,0.008869,0.009391,0.01004,0.007531,0.004842,0.003547,0.005857,0.008347,0.1864,0.7445,
0.862,0.4194,0.009927,0.008785,0.009383,0.009981,0.007471,0.004838,0.003542,0.005857,0.008424,0.1863,0.7455,
0.8627,0.4124,0.009765,0.008766,0.009384,0.009935,0.007472,0.004838,0.003542,0.005857,0.008974,0.1858,0.7457,
0.8605,0.4138,0.009482,0.008697,0.009352,0.00992,0.007381,0.004834,0.003543,0.005857,0.008974,0.1858,0.7462,
0.8575,0.4121,0.008949,0.008697,0.009313,0.009891,0.00731,0.004826,0.003542,0.005857,0.008975,0.1858,0.7468,
0.8568,0.4111,0.008988,0.008697,0.009313,0.009862,0.007144,0.004817,0.003543,0.005857,0.008975,0.1858,0.747,
0.8533,0.3782,0.008352,0.008662,0.009305,0.009835,0.007078,0.004817,0.003542,0.005857,0.008975,0.1858,0.7478,
0.8522,0.3839,0.008322,0.008644,0.009218,0.009824,0.006793,0.004793,0.003538,0.005838,0.00895,0.1867,0.7473,
0.8511,0.3809,0.008133,0.008637,0.009217,0.0098,0.006705,0.004782,0.003537,0.005838,0.009037,0.1867,0.7476,
0.8501,0.3843,0.00788,0.008605,0.009164,0.009776,0.006654,0.004782,0.003537,0.005837,0.009317,0.1864,0.748,
0.8486,0.3831,0.007666,0.008593,0.009164,0.009776,0.006551,0.004782,0.003537,0.005838,0.009317,0.1864,0.7483,
0.8489,0.3778,0.007592,0.008564,0.009164,0.009746,0.006481,0.004782,0.003537,0.005838,0.00972,0.1861,0.7485,
0.8471,0.3845,0.007248,0.008544,0.009157,0.009712,0.006351,0.004779,0.003534,0.005834,0.009714,0.1866,0.7485,
0.8456,0.3831,0.007037,0.00851,0.009139,0.0097,0.006313,0.004775,0.00353,0.005834,0.009714,0.1866,0.7488,
0.8451,0.3739,0.007032,0.008487,0.009095,0.009665,0.006286,0.004775,0.00353,0.005834,0.009714,0.1866,0.749,
0.8459,0.3667,0.00701,0.008483,0.009093,0.009653,0.006247,0.004775,0.003529,0.005834,0.01012,0.1862,0.749,
0.8465,0.3764,0.007017,0.008479,0.009049,0.009638,0.006163,0.004773,0.003528,0.005831,0.01042,0.1863,0.7488,
0.8478,0.3637,0.007118,0.008479,0.009049,0.009638,0.006163,0.004773,0.003528,0.005831,0.01069,0.186,0.7487,
0.8474,0.3746,0.007118,0.008479,0.009049,0.009638,0.006115,0.004761,0.003518,0.005831,0.01069,0.186,0.7488,
0.8487,0.3709,0.007284,0.008468,0.009045,0.009611,0.006115,0.004761,0.003519,0.005832,0.0109,0.1858,0.7487,
0.8491,0.3638,0.007278,0.008462,0.009038,0.009604,0.006072,0.004753,0.003511,0.005827,0.0109,0.1864,0.7481,
0.8491,0.3648,0.007193,0.008443,0.009036,0.009602,0.006052,0.004748,0.003511,0.005826,0.01106,0.1864,0.7481,
0.8503,0.3681,0.00729,0.008437,0.009031,0.00959,0.005996,0.004748,0.003511,0.005826,0.01147,0.186,0.7481,
0.8504,0.3659,0.007287,0.008434,0.008983,0.009572,0.005993,0.004746,0.003509,0.005823,0.01147,0.1863,0.7479,
0.8501,0.3772,0.007283,0.008426,0.008939,0.009559,0.005992,0.004746,0.003509,0.005823,0.01147,0.1863,0.7479,
0.8492,0.3924,0.007188,0.008426,0.008939,0.009533,0.005911,0.004746,0.003509,0.005823,0.01146,0.1863,0.7481,
0.8485,0.354,0.007087,0.008418,0.008936,0.009501,0.005911,0.004746,0.003509,0.005823,0.01146,0.1863,0.7483,
0.8476,0.3488,0.006954,0.008407,0.008936,0.009439,0.005912,0.004746,0.003509,0.005823,0.01146,0.1864,0.7484,
0.8463,0.3713,0.006767,0.008403,0.008874,0.009403,0.005911,0.004746,0.003509,0.005823,0.01146,0.1864,0.7487,
0.8452,0.3547,0.006658,0.008338,0.008869,0.009358,0.005832,0.004742,0.003509,0.005824,0.01154,0.1864,0.749,
0.844,0.3552,0.006535,0.008318,0.008842,0.009329,0.005813,0.004694,0.003494,0.006106,0.01124,0.1864,0.7492,
0.8438,0.3626,0.006514,0.008296,0.008856,0.009284,0.005809,0.004676,0.003551,0.00671,0.01052,0.1865,0.7493,
0.8416,0.4032,0.00643,0.008266,0.008868,0.009343,0.005635,0.004628,0.007802,0.002583,0.01039,0.1864,0.7496,
0.8413,0.4,0.006367,0.008261,0.008885,0.009393,0.005606,0.004622,0.007783,0.002713,0.0102,0.1865,0.7497,
0.8413,0.4054,0.006357,0.008258,0.008893,0.009385,0.005641,0.004606,0.007765,0.002942,0.009898,0.1865,0.7497,
0.8423,0.417,0.006405,0.008254,0.008904,0.009386,0.005626,0.005726,0.00663,0.003068,0.009931,0.1863,0.7498,
0.8418,0.4247,0.006339,0.00826,0.008908,0.009373,0.005627,0.005721,0.006611,0.003143,0.009802,0.1863,0.7499,
0.8419,0.4266,0.006262,0.008259,0.00892,0.00944,0.005655,0.005693,0.006611,0.003296,0.009648,0.1863,0.7499,
0.842,0.3953,0.006251,0.008256,0.008931,0.009426,0.005655,0.005723,0.006598,0.003314,0.009609,0.1864,0.7498,
0.8445,0.403,0.006404,0.00826,0.008936,0.009411,0.005622,0.005697,0.006641,0.003312,0.01029,0.1857,0.7497,
0.8445,0.39,0.006384,0.008272,0.008944,0.009411,0.005603,0.0057,0.006645,0.003512,0.01006,0.1857,0.7498,
0.8435,0.4287,0.006389,0.008271,0.008949,0.009434,0.005608,0.009458,0.002868,0.003509,0.01003,0.1863,0.7492,
0.8437,0.4372,0.006384,0.008269,0.008957,0.009434,0.005608,0.009458,0.002868,0.003692,0.009851,0.1863,0.7492,
0.8435,0.432,0.006368,0.008255,0.008965,0.009413,0.005624,0.009472,0.002838,0.003711,0.009833,0.1863,0.7492,
0.8436,0.3803,0.006359,0.008255,0.008975,0.009413,0.005643,0.009453,0.002856,0.003778,0.009747,0.1863,0.7492,
0.8432,0.3787,0.006329,0.008253,0.00899,0.009387,0.005643,0.009406,0.002856,0.003778,0.009746,0.1863,0.7493,
0.8432,0.3803,0.006323,0.008254,0.008995,0.009373,0.005661,0.009406,0.002837,0.003812,0.009712,0.1863,0.7493,
0.8421,0.3698,0.00616,0.008249,0.009006,0.009339,0.005597,0.009402,0.002837,0.003943,0.009582,0.1863,0.7496,
0.8448,0.3756,0.006259,0.008245,0.009011,0.009324,0.005652,0.009387,0.002797,0.004459,0.009729,0.1857,0.7495,
0.8461,0.3725,0.006378,0.008234,0.009023,0.00932,0.005708,0.009331,0.002815,0.0045,0.009871,0.1855,0.7493,
0.8456,0.386,0.006326,0.008218,0.009047,0.00932,0.005708,0.0093,0.004742,0.00262,0.00981,0.1855,0.7494,
0.8455,0.3786,0.006295,0.008211,0.009055,0.009322,0.005639,0.009312,0.00473,0.00298,0.00941,0.1855,0.7495,
0.8463,0.3813,0.006274,0.008194,0.009054,0.009228,0.005568,0.009322,0.004689,0.003445,0.009064,0.1862,0.749,
0.8455,0.3761,0.006122,0.008181,0.009059,0.009198,0.005605,0.009297,0.004692,0.003698,0.008726,0.1863,0.7491,
0.8452,0.3811,0.006095,0.008185,0.009065,0.009185,0.005643,0.009279,0.004673,0.003819,0.008535,0.1864,0.7492,
0.8468,0.3732,0.006043,0.008182,0.009077,0.009212,0.007316,0.007585,0.004711,0.003976,0.008762,0.1858,0.7493,
0.8492,0.3654,0.006288,0.008178,0.009086,0.009239,0.007241,0.007585,0.004711,0.004016,0.009193,0.1854,0.7491,
0.8501,0.3792,0.00632,0.008164,0.009085,0.009186,0.01043,0.004398,0.004686,0.004262,0.00924,0.186,0.7482,
0.8489,0.3664,0.006361,0.00817,0.009092,0.009171,0.01157,0.003163,0.004686,0.00428,0.009331,0.1859,0.7482,
0.8481,0.3645,0.006306,0.008166,0.0091,0.009113,0.01149,0.003145,0.004681,0.00433,0.009265,0.186,0.7484,
0.8426,0.3711,0.006248,0.008161,0.009099,0.009099,0.0104,0.003121,0.004656,0.004346,0.009192,0.186,0.7496,
0.8413,0.3717,0.006075,0.008151,0.009103,0.009073,0.01036,0.003125,0.004619,0.004396,0.009142,0.1861,0.7499,
0.8409,0.3744,0.006253,0.008143,0.009077,0.009129,0.009417,0.003112,0.004614,0.004712,0.00969,0.1852,0.7507,
0.8407,0.3851,0.006231,0.008133,0.009074,0.009038,0.009325,0.003127,0.004586,0.004913,0.009383,0.186,0.7502,
0.8418,0.3789,0.006238,0.008107,0.009091,0.009085,0.009289,0.00313,0.004568,0.005115,0.009525,0.1857,0.7502,
0.8415,0.3907,0.006183,0.008095,0.009102,0.009083,0.009232,0.003114,0.004567,0.005146,0.009491,0.1859,0.7501,
0.8401,0.3687,0.005997,0.008085,0.009099,0.009084,0.009108,0.003114,0.004567,0.005316,0.00932,0.1859,0.7504,
0.8313,0.3787,0.005545,0.008081,0.009106,0.009048,0.007709,0.003072,0.004595,0.005321,0.00928,0.1859,0.7523,
0.8306,0.3743,0.005538,0.008054,0.00909,0.009036,0.007617,0.003068,0.00459,0.005384,0.009216,0.1859,0.7525,
0.8287,0.3792,0.005491,0.00804,0.009106,0.009083,0.007219,0.003093,0.004579,0.005408,0.009177,0.1859,0.7529,
0.8278,0.3887,0.00549,0.008025,0.009059,0.009083,0.00709,0.003075,0.004641,0.005674,0.00881,0.1859,0.7531,
0.8275,0.3915,0.005489,0.008015,0.009066,0.009059,0.007037,0.003093,0.004663,0.005774,0.008669,0.1859,0.7532,
0.8256,0.3953,0.005475,0.008017,0.00897,0.009005,0.006819,0.003108,0.004673,0.005767,0.008581,0.186,0.7536,
0.8246,0.3965,0.005399,0.007994,0.008889,0.009081,0.006711,0.003103,0.004704,0.005736,0.008581,0.186,0.7538,
0.8254,0.3951,0.005447,0.00799,0.008903,0.009086,0.006574,0.003085,0.004718,0.005779,0.008984,0.1855,0.754,
0.8246,0.4017,0.00544,0.007987,0.00891,0.00903,0.006504,0.003116,0.004678,0.005914,0.008772,0.1856,0.7541,
0.8245,0.4418,0.005528,0.007979,0.00892,0.009004,0.006482,0.003106,0.008034,0.002947,0.008615,0.1853,0.7541,
0.824,0.434,0.005247,0.007976,0.008883,0.009114,0.006463,0.003119,0.008005,0.002982,0.008573,0.1859,0.7538,
0.8235,0.4312,0.005235,0.007965,0.008906,0.00907,0.00642,0.003088,0.008005,0.003056,0.008499,0.1859,0.7539,
0.8231,0.4352,0.005137,0.007959,0.008916,0.00907,0.006378,0.003102,0.008018,0.003241,0.008282,0.1859,0.754,
0.8252,0.4357,0.005195,0.007954,0.008924,0.00907,0.006397,0.003108,0.007993,0.003452,0.008591,0.1853,0.754,
0.8251,0.4328,0.005168,0.007945,0.008927,0.009074,0.006389,0.003065,0.007989,0.00345,0.008545,0.1858,0.7537,
0.8259,0.4283,0.005226,0.007942,0.008934,0.00906,0.006301,0.003055,0.007983,0.003718,0.008465,0.1857,0.7536,
0.8274,0.4415,0.00524,0.007935,0.008943,0.009087,0.006301,0.004161,0.006892,0.00382,0.008492,0.1856,0.7535,
0.8273,0.4058,0.005232,0.007931,0.008949,0.009075,0.006272,0.00417,0.006861,0.00382,0.008491,0.1857,0.7535,
0.8278,0.4052,0.005231,0.007934,0.008954,0.00906,0.006248,0.00417,0.006862,0.004017,0.00846,0.1856,0.7535,
0.8288,0.4126,0.005304,0.007925,0.008956,0.009047,0.006191,0.004164,0.006859,0.004161,0.008495,0.1857,0.7532,
0.8284,0.4098,0.005255,0.007918,0.008958,0.009058,0.006179,0.004128,0.006859,0.004276,0.00838,0.1857,0.7533,
0.828,0.4021,0.005245,0.007913,0.008961,0.009041,0.006105,0.004128,0.006884,0.004341,0.008291,0.1857,0.7534,
0.828,0.3952,0.005241,0.007909,0.008966,0.009031,0.006104,0.004128,0.006909,0.004392,0.008215,0.1857,0.7534,
0.8279,0.4043,0.005213,0.007876,0.008974,0.008984,0.006106,0.004125,0.006863,0.004758,0.007971,0.1856,0.7536,
0.8282,0.3996,0.00527,0.007877,0.008983,0.00896,0.006062,0.004143,0.006871,0.004837,0.00791,0.1856,0.7535,
0.8294,0.3911,0.005385,0.007866,0.008996,0.008937,0.006085,0.0041,0.006852,0.004903,0.008116,0.1854,0.7534,
0.8306,0.3815,0.005444,0.007866,0.009,0.008937,0.006085,0.0041,0.006867,0.004916,0.008379,0.1851,0.7533,
0.8289,0.3939,0.005062,0.007855,0.008946,0.008917,0.006114,0.004083,0.00689,0.004867,0.008374,0.1856,0.7533,
0.8292,0.3905,0.005059,0.007851,0.008953,0.008903,0.006021,0.004083,0.006924,0.004901,0.008534,0.1853,0.7534,
0.8304,0.3799,0.00519,0.007847,0.008942,0.008883,0.005937,0.004064,0.006919,0.004901,0.008953,0.1849,0.7534,
0.8296,0.3857,0.005067,0.007846,0.008945,0.008869,0.005918,0.004071,0.006907,0.00508,0.00872,0.185,0.7536,
0.8296,0.387,0.0051,0.007837,0.008948,0.008801,0.005868,0.00409,0.006915,0.005115,0.008779,0.1849,0.7537,
0.8298,0.3865,0.005176,0.007823,0.008948,0.008779,0.005534,0.004096,0.006894,0.005428,0.008641,0.1854,0.7533,
0.8293,0.3876,0.005112,0.007826,0.008955,0.00882,0.005456,0.004115,0.006931,0.00547,0.008525,0.1854,0.7534,
0.8301,0.3907,0.005162,0.007821,0.008958,0.008811,0.005403,0.004136,0.006884,0.005512,0.008815,0.1851,0.7534,
0.8295,0.3858,0.005133,0.007806,0.008928,0.008807,0.005424,0.004083,0.006865,0.005555,0.008772,0.1851,0.7535,
0.8307,0.388,0.005255,0.007798,0.008933,0.008805,0.005349,0.004113,0.006835,0.005764,0.008846,0.1848,0.7535,
0.831,0.3894,0.005159,0.007791,0.008946,0.008838,0.005344,0.004095,0.006835,0.005813,0.009032,0.1846,0.7536,
0.8329,0.3886,0.005217,0.007775,0.008908,0.008813,0.005383,0.00406,0.006788,0.00587,0.009246,0.1852,0.7527,
0.8326,0.3915,0.005058,0.00777,0.008921,0.0089,0.005391,0.004103,0.006726,0.005926,0.00919,0.1852,0.7528,
0.8325,0.389,0.005054,0.00777,0.008924,0.00888,0.005419,0.004125,0.006697,0.005933,0.009156,0.1852,0.7528,
0.8304,0.3956,0.004777,0.007755,0.008907,0.008853,0.005333,0.004114,0.006697,0.005994,0.009093,0.1853,0.7532,
0.8303,0.3953,0.004769,0.007753,0.008917,0.008839,0.005333,0.004114,0.006697,0.005994,0.009093,0.1853,0.7532,
0.8299,0.3984,0.004688,0.007747,0.008918,0.008843,0.005358,0.004127,0.00666,0.006029,0.009059,0.1853,0.7533,
0.8308,0.3943,0.004736,0.007737,0.00892,0.00881,0.005354,0.004119,0.006663,0.006013,0.009368,0.185,0.7533,
0.83,0.4024,0.004716,0.007741,0.00893,0.008757,0.005246,0.004138,0.006671,0.005988,0.009369,0.185,0.7535,
0.8302,0.3986,0.004712,0.007733,0.008934,0.008728,0.005277,0.004122,0.006681,0.006144,0.009177,0.1852,0.7533,
0.8312,0.4002,0.004711,0.007727,0.008939,0.008726,0.005389,0.004045,0.006733,0.006129,0.00933,0.1852,0.7531,
0.8306,0.407,0.004647,0.007719,0.008921,0.008685,0.005404,0.004049,0.006715,0.006334,0.009125,0.1852,0.7532,
0.8309,0.3951,0.004602,0.007725,0.008923,0.008703,0.005389,0.004045,0.006762,0.006282,0.009289,0.185,0.7533,
0.8304,0.3979,0.004557,0.007718,0.008884,0.00866,0.005389,0.004083,0.006761,0.006364,0.00917,0.185,0.7534,
0.831,0.4048,0.004573,0.007703,0.008885,0.008676,0.005389,0.004083,0.006811,0.00677,0.008864,0.1849,0.7533,
0.8287,0.4184,0.004473,0.00769,0.008894,0.00864,0.007275,0.002163,0.006796,0.006755,0.008865,0.1849,0.7535,
0.8277,0.4057,0.004314,0.007683,0.0089,0.008628,0.007273,0.002182,0.006759,0.006861,0.00874,0.1849,0.7537,
0.8276,0.3802,0.004302,0.007678,0.008897,0.008611,0.007252,0.002158,0.006783,0.006846,0.008719,0.1852,0.7536,
0.8286,0.3756,0.004402,0.007669,0.008905,0.008602,0.007264,0.002194,0.006746,0.006864,0.008806,0.1852,0.7534,
0.8283,0.3746,0.004397,0.007667,0.008912,0.008573,0.007236,0.002216,0.006776,0.006895,0.008709,0.1852,0.7535,
0.8279,0.3726,0.004413,0.007653,0.008918,0.008603,0.007037,0.002298,0.00672,0.006918,0.008718,0.1851,0.7536,
0.8284,0.4089,0.004412,0.007645,0.008923,0.008592,0.006974,0.005402,0.003647,0.006913,0.008677,0.1851,0.7537,
0.8278,0.4062,0.004411,0.007637,0.008929,0.008567,0.006852,0.00542,0.003653,0.007013,0.008552,0.1851,0.7538,
0.8273,0.4177,0.004395,0.007631,0.008936,0.008567,0.006801,0.005417,0.003633,0.007173,0.008375,0.1852,0.7539,
0.8285,0.4074,0.004487,0.007628,0.00894,0.008595,0.006812,0.005418,0.003639,0.007334,0.008316,0.1851,0.7537,
0.8276,0.4155,0.004478,0.007628,0.008949,0.008595,0.006643,0.005417,0.003621,0.007623,0.008027,0.1851,0.7539,
0.8257,0.4227,0.004492,0.007601,0.008913,0.008576,0.006352,0.005406,0.003583,0.007601,0.008079,0.1851,0.7543,
0.8272,0.4162,0.004564,0.007589,0.00892,0.00856,0.006225,0.00549,0.003468,0.007852,0.008281,0.1851,0.754,
0.8275,0.4108,0.004639,0.007581,0.008927,0.008546,0.006103,0.005524,0.003427,0.008078,0.008202,0.185,0.7539,
0.8273,0.411,0.004603,0.007574,0.008931,0.008546,0.006103,0.005542,0.003423,0.008291,0.007973,0.185,0.754,
0.826,0.4138,0.00447,0.007569,0.008937,0.008532,0.006064,0.005582,0.003376,0.008502,0.007668,0.1851,0.7542,
0.8255,0.4213,0.004469,0.007565,0.00894,0.00852,0.006059,0.005682,0.003267,0.008519,0.007565,0.1852,0.7542,
0.8288,0.4175,0.004602,0.00755,0.008944,0.008537,0.006052,0.005638,0.003273,0.008857,0.008131,0.1843,0.7542,
0.8275,0.4096,0.004418,0.007539,0.008956,0.008528,0.005991,0.005672,0.003257,0.008891,0.00807,0.1843,0.7544,
0.827,0.3992,0.004411,0.007512,0.008955,0.008504,0.005959,0.005719,0.003214,0.008873,0.00807,0.1843,0.7545,
0.826,0.3955,0.004282,0.007517,0.008936,0.008517,0.005943,0.005699,0.00319,0.008923,0.00802,0.1843,0.7547,
0.8255,0.3997,0.004279,0.007515,0.008902,0.008486,0.005886,0.005706,0.003281,0.00897,0.007871,0.1843,0.7548,
0.8254,0.4053,0.004277,0.007507,0.008911,0.008477,0.005835,0.005743,0.003245,0.009137,0.007807,0.1842,0.7549,
0.8252,0.3991,0.004135,0.007465,0.008905,0.008438,0.005841,0.005741,0.003223,0.009184,0.007745,0.1849,0.7544,
0.8245,0.3981,0.004088,0.007445,0.00891,0.008423,0.005825,0.005708,0.003249,0.009295,0.007588,0.1849,0.7545,
0.8244,0.3963,0.004083,0.007445,0.008907,0.008402,0.005846,0.005706,0.003249,0.009369,0.007496,0.1849,0.7546,
0.8248,0.3977,0.004135,0.007443,0.008912,0.00839,0.005837,0.005701,0.00325,0.009402,0.007576,0.1848,0.7546,
0.8242,0.3984,0.004085,0.007426,0.008923,0.008412,0.005749,0.005705,0.003217,0.00959,0.007386,0.1849,0.7546,
0.8241,0.3966,0.004028,0.007415,0.008934,0.008454,0.005749,0.005705,0.003273,0.009598,0.007323,0.1849,0.7546,
0.8254,0.3946,0.004236,0.007407,0.008871,0.008447,0.005788,0.005684,0.0033,0.00973,0.007329,0.1847,0.7545,
0.8261,0.3945,0.004314,0.007401,0.008879,0.008447,0.005806,0.00574,0.003244,0.009782,0.007353,0.1846,0.7544,
0.8277,0.4372,0.004308,0.007375,0.008883,0.00844,0.005828,0.00569,0.007582,0.005516,0.007276,0.1849,0.7542,
0.8265,0.4421,0.004057,0.00737,0.008888,0.008465,0.005877,0.005642,0.007601,0.005671,0.007103,0.1849,0.7544,
0.826,0.4552,0.003978,0.007351,0.008861,0.008483,0.005908,0.005669,0.007568,0.005689,0.007057,0.1849,0.7546,
0.8257,0.4008,0.003934,0.007345,0.008873,0.008519,0.005913,0.005705,0.00751,0.005651,0.007057,0.1849,0.7546,
0.826,0.4035,0.004002,0.007332,0.008739,0.00848,0.005961,0.005656,0.007593,0.005601,0.007267,0.1846,0.7547,
0.8272,0.4031,0.004114,0.007324,0.008676,0.008506,0.005991,0.005664,0.00763,0.005571,0.00747,0.1844,0.7546,
0.8249,0.4193,0.003959,0.007324,0.008614,0.00848,0.005963,0.005649,0.009298,0.004045,0.007327,0.1844,0.7549,
0.8249,0.426,0.003955,0.007322,0.008618,0.00848,0.005959,0.005648,0.009298,0.00426,0.007094,0.1844,0.755,
0.8248,0.4243,0.003884,0.007319,0.008626,0.008511,0.005952,0.005627,0.009342,0.004308,0.007077,0.1843,0.755,
0.8248,0.4317,0.003871,0.007311,0.008632,0.008511,0.006035,0.005632,0.009292,0.004399,0.006949,0.1843,0.755,
0.8252,0.4325,0.003867,0.007298,0.008637,0.008506,0.006057,0.005619,0.009282,0.004446,0.00686,0.1848,0.7546,
0.825,0.4294,0.003858,0.00729,0.008649,0.008482,0.006109,0.005627,0.009224,0.004493,0.006776,0.1848,0.7546,
0.8246,0.4584,0.003795,0.007286,0.008653,0.00847,0.006109,0.005655,0.009213,0.004474,0.006776,0.1848,0.7547,
0.8255,0.4328,0.003893,0.007269,0.008661,0.00847,0.006157,0.005626,0.009195,0.004532,0.006847,0.1847,0.7547,
0.831,0.4141,0.004085,0.007258,0.008668,0.008492,0.006247,0.00555,0.009173,0.004655,0.007937,0.1838,0.7541,
0.8318,0.4049,0.004239,0.007251,0.008638,0.008484,0.006247,0.006562,0.008138,0.004674,0.007919,0.1838,0.7541,
0.83,0.4097,0.004116,0.007244,0.008649,0.008484,0.006045,0.006561,0.00812,0.004815,0.007702,0.1839,0.7544,
0.8306,0.4167,0.004143,0.007241,0.008653,0.008484,0.006027,0.006615,0.008137,0.004845,0.007775,0.1837,0.7544,
0.8284,0.4658,0.004042,0.007233,0.008657,0.008479,0.006056,0.01087,0.003881,0.004953,0.007631,0.1837,0.7545,
0.8302,0.4562,0.004202,0.007229,0.008624,0.008471,0.006113,0.01078,0.003877,0.005301,0.00727,0.1846,0.7536,
0.829,0.4151,0.004005,0.007211,0.008633,0.008484,0.00614,0.01073,0.003848,0.005301,0.007269,0.1846,0.7538,
0.8281,0.4475,0.003977,0.007203,0.008641,0.00847,0.006096,0.01072,0.003829,0.005631,0.00683,0.1847,0.7539,
0.8276,0.4329,0.003878,0.007195,0.00865,0.008527,0.006097,0.01067,0.003855,0.005689,0.006696,0.1847,0.754,
0.8283,0.4313,0.004039,0.007184,0.008662,0.008527,0.006117,0.01061,0.003834,0.006092,0.006345,0.1847,0.7539,
0.827,0.4364,0.00385,0.007171,0.008675,0.008527,0.006122,0.0106,0.003913,0.006066,0.006198,0.1848,0.7541,
0.8265,0.4329,0.00381,0.007161,0.008681,0.008547,0.006098,0.01065,0.003883,0.006317,0.005921,0.1846,0.7543,
0.8307,0.4231,0.004002,0.007123,0.00867,0.008576,0.006061,0.01066,0.003878,0.006713,0.006559,0.1836,0.7542,
0.8301,0.4317,0.003998,0.007112,0.008679,0.008564,0.005979,0.01064,0.003878,0.00679,0.006482,0.1836,0.7543,
0.8307,0.416,0.004127,0.007106,0.008686,0.008551,0.006026,0.01062,0.003878,0.006916,0.006331,0.1836,0.7542,
0.8293,0.4176,0.00396,0.0071,0.008693,0.008539,0.005971,0.01059,0.00395,0.006939,0.006199,0.1836,0.7545,
0.8302,0.4211,0.003955,0.007083,0.008694,0.00853,0.005981,0.01056,0.003961,0.006917,0.006192,0.1844,0.7537,
0.8303,0.423,0.003954,0.00708,0.008699,0.00853,0.006029,0.01051,0.004013,0.006929,0.006129,0.1844,0.7537,
0.83,0.4237,0.00395,0.007076,0.008698,0.008495,0.006006,0.01051,0.004012,0.007056,0.006002,0.1845,0.7537,
0.8295,0.437,0.003949,0.007065,0.00871,0.008495,0.005955,0.01058,0.003966,0.007333,0.005688,0.1845,0.7538,
0.8309,0.4312,0.004064,0.007064,0.008715,0.008495,0.005985,0.01056,0.003976,0.007451,0.005784,0.1842,0.7537,
0.8307,0.4334,0.004042,0.007056,0.008716,0.008495,0.005999,0.01055,0.00399,0.007458,0.005742,0.1842,0.7537,
0.8306,0.4386,0.004013,0.007054,0.008725,0.008502,0.005999,0.01057,0.00399,0.007518,0.005662,0.1842,0.7537,
0.8332,0.44,0.004121,0.007001,0.008696,0.008506,0.006018,0.01059,0.00395,0.007595,0.006297,0.1835,0.7537,
0.8322,0.4382,0.003871,0.006993,0.008691,0.008498,0.005933,0.01055,0.00396,0.00763,0.00623,0.1843,0.7534,
0.832,0.4374,0.003862,0.006975,0.008697,0.008474,0.005965,0.01052,0.003961,0.007673,0.006187,0.1843,0.7534,
0.83,0.4402,0.003854,0.00697,0.008697,0.008452,0.01219,0.004221,0.00398,0.007665,0.006153,0.1843,0.7535,
0.8305,0.4214,0.003907,0.006963,0.008623,0.008413,0.01224,0.004186,0.003998,0.007621,0.006316,0.1843,0.7534,
0.8319,0.3867,0.004019,0.006942,0.008632,0.008378,0.01223,0.004141,0.003989,0.007656,0.006709,0.1839,0.7534,
0.8317,0.3877,0.004058,0.006931,0.008647,0.008378,0.01225,0.005533,0.002551,0.007691,0.006749,0.1838,0.7534,
0.8314,0.3975,0.004056,0.006924,0.008655,0.008378,0.01225,0.005486,0.002551,0.007709,0.00673,0.1838,0.7535,
0.8304,0.3928,0.00392,0.006916,0.008596,0.008364,0.01205,0.005469,0.002513,0.007738,0.007046,0.1835,0.7539,
0.8134,0.4077,0.003504,0.006886,0.008586,0.00833,0.008777,0.005429,0.002488,0.007736,0.00703,0.1835,0.7578,
0.8118,0.4127,0.003469,0.006872,0.008546,0.008365,0.008538,0.005377,0.002542,0.007682,0.00703,0.1835,0.7581,
0.8101,0.4303,0.003467,0.006865,0.008509,0.008365,0.008264,0.005352,0.002584,0.007786,0.006852,0.1835,0.7585,
0.8084,0.4196,0.003421,0.006857,0.008435,0.008334,0.007921,0.005284,0.002591,0.007881,0.006725,0.1842,0.7584,
0.8084,0.4284,0.00342,0.006857,0.008436,0.008334,0.00794,0.005309,0.002616,0.007812,0.006725,0.1842,0.7584,
0.8102,0.4233,0.003651,0.006852,0.008434,0.008315,0.007869,0.005279,0.002611,0.008011,0.006896,0.1838,0.7583,
0.8098,0.4243,0.00362,0.006835,0.008386,0.008312,0.007818,0.005238,0.002665,0.008075,0.006772,0.1841,0.7582,
0.8086,0.418,0.003613,0.006832,0.008331,0.008269,0.007714,0.005295,0.002614,0.008127,0.006683,0.1841,0.7584,
0.808,0.4075,0.003504,0.006824,0.008344,0.008269,0.007696,0.005312,0.002669,0.00809,0.006643,0.1841,0.7585,
0.8067,0.4031,0.003366,0.006829,0.008293,0.008256,0.007638,0.00533,0.002669,0.008155,0.00656,0.1841,0.7588,
0.8061,0.405,0.003365,0.006823,0.0083,0.008256,0.00754,0.005468,0.00254,0.008169,0.006527,0.1841,0.7589,
0.8057,0.4042,0.003363,0.006818,0.008307,0.008256,0.007465,0.00545,0.002554,0.008186,0.006491,0.1841,0.759,
0.8061,0.4124,0.003324,0.006811,0.008316,0.008293,0.007506,0.005408,0.002623,0.008181,0.006553,0.184,0.759,
0.8056,0.4138,0.003289,0.006793,0.008325,0.008302,0.007461,0.005413,0.002621,0.008266,0.00645,0.184,0.7591,
0.8054,0.4107,0.003277,0.00679,0.00833,0.008288,0.00746,0.005402,0.002669,0.008362,0.006288,0.184,0.7591,
0.8051,0.4114,0.003265,0.00678,0.008338,0.008292,0.007458,0.005399,0.002703,0.008392,0.006184,0.184,0.7592,
0.8056,0.4224,0.003332,0.006774,0.008346,0.008278,0.00746,0.00541,0.002701,0.008387,0.006201,0.1841,0.7591,
0.8065,0.4055,0.003416,0.006768,0.008355,0.008278,0.007482,0.005388,0.00272,0.008399,0.006286,0.1839,0.759,
0.8053,0.4065,0.003328,0.006762,0.008293,0.008278,0.007484,0.005323,0.002747,0.008406,0.006227,0.1839,0.7592,
0.8053,0.409,0.003327,0.006756,0.008297,0.008276,0.007498,0.005284,0.002761,0.008409,0.006207,0.1841,0.7591,
0.8069,0.4061,0.003485,0.006751,0.008304,0.008264,0.00751,0.005249,0.002761,0.008439,0.006452,0.1838,0.759,
0.8068,0.4049,0.003461,0.00674,0.008303,0.008247,0.007499,0.00528,0.002796,0.008613,0.006192,0.184,0.7588,
0.8056,0.4115,0.003326,0.006734,0.008306,0.008281,0.007441,0.005271,0.002751,0.008597,0.006191,0.1841,0.759,
0.8047,0.4094,0.003165,0.006724,0.008315,0.008281,0.007492,0.005219,0.002751,0.008597,0.006191,0.1841,0.7592,
0.8043,0.414,0.003161,0.006717,0.008327,0.008281,0.007427,0.005219,0.002732,0.008781,0.006008,0.1841,0.7593,
0.805,0.405,0.00329,0.006703,0.008342,0.008281,0.007366,0.005216,0.002728,0.008878,0.006034,0.1839,0.7592,
0.8047,0.4219,0.003275,0.006698,0.008349,0.008266,0.0074,0.005158,0.002746,0.009079,0.005814,0.1839,0.7593,
0.804,0.4087,0.003143,0.006692,0.008356,0.008266,0.007419,0.005181,0.002764,0.009123,0.005711,0.1839,0.7594,
0.8043,0.4099,0.003221,0.006681,0.008369,0.008192,0.007408,0.00517,0.002791,0.009106,0.005784,0.1839,0.7594,
0.8038,0.4207,0.003218,0.006673,0.00838,0.008164,0.007407,0.00517,0.00284,0.00935,0.005419,0.1839,0.7594,
0.8027,0.4094,0.003141,0.006659,0.008394,0.00816,0.007401,0.005186,0.002771,0.009386,0.005278,0.1841,0.7595,
0.8018,0.4132,0.003059,0.006659,0.008397,0.008146,0.007381,0.005208,0.002845,0.009464,0.005038,0.1841,0.7597,
0.8013,0.4171,0.003058,0.006649,0.008338,0.008133,0.007336,0.005208,0.002864,0.009483,0.005001,0.1841,0.7598,
0.8017,0.4133,0.003094,0.006631,0.008342,0.008089,0.007306,0.005191,0.002959,0.009506,0.005046,0.1841,0.7598,
0.8015,0.4144,0.003087,0.006631,0.00835,0.00806,0.007339,0.005153,0.002988,0.009458,0.005046,0.1841,0.7598,
0.8013,0.4116,0.003081,0.006623,0.008349,0.00806,0.007379,0.005113,0.003007,0.009474,0.004974,0.1841,0.7598,
0.8008,0.4132,0.003055,0.006606,0.008365,0.008044,0.007411,0.005096,0.00297,0.009581,0.004867,0.1841,0.7599,
0.8013,0.4064,0.003052,0.006602,0.008372,0.00803,0.007378,0.005088,0.003048,0.009498,0.00505,0.1839,0.76,
0.8009,0.4104,0.003042,0.006601,0.00838,0.008018,0.007378,0.005651,0.002503,0.009479,0.00505,0.1839,0.76,
0.8003,0.413,0.003036,0.0066,0.008379,0.007998,0.007974,0.005009,0.00254,0.009521,0.004971,0.1839,0.76,
0.8018,0.4129,0.003243,0.006585,0.008382,0.007963,0.007854,0.005018,0.002541,0.00973,0.004973,0.184,0.7597,
0.8018,0.4296,0.003206,0.006578,0.00838,0.007933,0.007807,0.005037,0.002541,0.009936,0.004957,0.1838,0.7598,
0.8013,0.4194,0.003202,0.006571,0.008381,0.007929,0.007805,0.004977,0.0026,0.009977,0.004812,0.1839,0.7599,
0.8007,0.4112,0.003199,0.006565,0.008383,0.007912,0.007825,0.004942,0.002563,0.01019,0.004585,0.1839,0.7599,
0.8002,0.4067,0.003163,0.006564,0.008384,0.007934,0.008306,0.004496,0.002528,0.01024,0.004529,0.1839,0.76,
0.8016,0.4016,0.003273,0.006564,0.008389,0.00792,0.00823,0.004487,0.002553,0.01023,0.004773,0.1838,0.7598,
0.8001,0.4006,0.003041,0.006561,0.008395,0.00788,0.00826,0.004456,0.002571,0.01023,0.004754,0.1838,0.7601,
0.8029,0.3925,0.003306,0.006558,0.008359,0.007867,0.008167,0.004411,0.002732,0.01016,0.005236,0.1832,0.76,
0.8032,0.3987,0.003238,0.006546,0.008371,0.007795,0.008145,0.004374,0.002811,0.01008,0.005562,0.1829,0.7602,
0.8028,0.4096,0.003219,0.006537,0.008381,0.007786,0.00813,0.004359,0.002813,0.01008,0.005543,0.1829,0.7602,
0.8027,0.387,0.003202,0.006535,0.008386,0.007785,0.008146,0.004343,0.002813,0.01012,0.00551,0.1829,0.7603,
0.8029,0.3849,0.003196,0.00652,0.008377,0.007699,0.00806,0.004363,0.002794,0.01025,0.005341,0.1839,0.7595,
0.802,0.3803,0.003122,0.006514,0.008385,0.00767,0.008012,0.004427,0.002736,0.01035,0.005214,0.1839,0.7597,
0.8038,0.3798,0.003355,0.0065,0.00839,0.007655,0.007994,0.004451,0.00274,0.01064,0.005174,0.1836,0.7595,
0.8048,0.3789,0.003415,0.006492,0.008396,0.007644,0.007951,0.00447,0.002768,0.01068,0.005343,0.1833,0.7595,
0.8033,0.3717,0.003202,0.006484,0.008403,0.007602,0.007879,0.004523,0.00276,0.0107,0.00533,0.1833,0.7598,
0.8029,0.3721,0.003124,0.00648,0.008359,0.007559,0.007851,0.004536,0.00279,0.01066,0.005292,0.1838,0.7595,
0.8025,0.384,0.003119,0.006475,0.008369,0.007545,0.007794,0.004536,0.002841,0.01088,0.005019,0.1838,0.7596,
0.8017,0.3816,0.003037,0.006463,0.008373,0.007531,0.007724,0.004561,0.002908,0.01083,0.004977,0.1838,0.7598,
0.8002,0.3912,0.002892,0.006461,0.008378,0.007531,0.007791,0.004405,0.002913,0.01089,0.004891,0.1838,0.76,
0.8011,0.3986,0.002935,0.006453,0.008349,0.007531,0.007791,0.004417,0.002902,0.01089,0.005107,0.1836,0.76,
0.8018,0.3871,0.003032,0.006443,0.008359,0.007531,0.007827,0.004386,0.002872,0.01091,0.005178,0.1835,0.76,
0.7996,0.4046,0.003031,0.006436,0.008368,0.007517,0.009742,0.00245,0.00285,0.01091,0.005178,0.1835,0.76,
0.7987,0.4152,0.002967,0.006429,0.008376,0.007517,0.009672,0.002413,0.00285,0.01091,0.005178,0.1835,0.7602,
0.8026,0.3834,0.003248,0.006418,0.008376,0.007515,0.009613,0.002427,0.002903,0.01086,0.005777,0.1831,0.7597,
0.8016,0.3838,0.003068,0.006414,0.008382,0.007515,0.00968,0.002577,0.002713,0.01084,0.005777,0.1831,0.7599,
0.8044,0.3805,0.003159,0.006407,0.008382,0.00751,0.009722,0.002507,0.002728,0.0108,0.006341,0.1831,0.7594,
0.8053,0.3926,0.003173,0.006395,0.008384,0.007523,0.00974,0.00251,0.0027,0.01077,0.006413,0.1836,0.7588,
0.804,0.4588,0.003026,0.006381,0.008387,0.007481,0.009683,0.002543,0.002687,0.01081,0.006346,0.1836,0.7591,
0.8021,0.4029,0.002882,0.006374,0.008392,0.007474,0.009562,0.002508,0.00266,0.01084,0.006294,0.1835,0.7595,
0.8007,0.3864,0.002861,0.006367,0.008402,0.007478,0.009292,0.002489,0.00266,0.01082,0.006294,0.1835,0.7598,
0.7994,0.3795,0.002795,0.006358,0.008405,0.007484,0.009409,0.002259,0.00266,0.01081,0.006294,0.1835,0.76,
0.7988,0.3902,0.002792,0.006353,0.008413,0.007484,0.00928,0.002289,0.00263,0.01085,0.006257,0.1835,0.7601,
0.7974,0.3881,0.002838,0.006342,0.008424,0.007443,0.008924,0.002345,0.002572,0.01087,0.006265,0.1836,0.7604,
0.7969,0.3881,0.002836,0.006334,0.00843,0.0074,0.008785,0.00236,0.002582,0.01084,0.006338,0.1835,0.7606,
0.7961,0.3924,0.002833,0.006336,0.008432,0.0074,0.008614,0.002436,0.002506,0.0109,0.006283,0.1835,0.7608,
0.7946,0.3928,0.002833,0.006332,0.008436,0.007386,0.008337,0.002422,0.002488,0.01094,0.00624,0.1835,0.7611,
0.7931,0.38,0.002823,0.006324,0.008432,0.007379,0.00807,0.002439,0.002444,0.01094,0.00624,0.1835,0.7614,
0.792,0.3852,0.00276,0.006315,0.008441,0.007379,0.007931,0.00247,0.002459,0.01121,0.005925,0.1835,0.7616,
0.7947,0.4386,0.00276,0.006301,0.008448,0.007372,0.007881,0.002466,0.006928,0.006861,0.005787,0.1836,0.7616,
0.7949,0.4409,0.002789,0.006298,0.008454,0.007373,0.007734,0.002404,0.007012,0.006831,0.006038,0.1833,0.7618,
0.7942,0.4391,0.002787,0.006287,0.008462,0.007371,0.007598,0.002428,0.007037,0.006797,0.005942,0.1835,0.7618,
0.7932,0.4492,0.002726,0.006287,0.008466,0.007371,0.007485,0.002404,0.007064,0.006849,0.005863,0.1835,0.762,
0.7925,0.4485,0.002723,0.006272,0.008477,0.007364,0.007456,0.002357,0.007085,0.006855,0.005762,0.1836,0.7621,
0.7915,0.4509,0.002711,0.006263,0.008479,0.007354,0.007315,0.002357,0.007086,0.007034,0.005546,0.1836,0.7623,
0.7917,0.4163,0.002796,0.006248,0.008498,0.007354,0.007231,0.002385,0.007043,0.007089,0.005549,0.1835,0.7623,
0.7912,0.431,0.00279,0.006244,0.008458,0.00734,0.007248,0.002368,0.007043,0.007155,0.005429,0.1836,0.7623,
0.7905,0.4383,0.002736,0.006237,0.008458,0.007337,0.007187,0.002364,0.007038,0.007287,0.005309,0.1836,0.7625,
0.7902,0.4324,0.002736,0.006232,0.008463,0.007338,0.007188,0.002365,0.007016,0.007392,0.005151,0.1836,0.7625,
0.7899,0.4293,0.00271,0.006223,0.008474,0.007362,0.007195,0.002353,0.006998,0.00747,0.005073,0.1836,0.7626,
0.7892,0.4369,0.002709,0.006211,0.008486,0.007308,0.007123,0.002349,0.006993,0.007612,0.004931,0.1836,0.7627,
0.79,0.4909,0.002705,0.006208,0.008493,0.007295,0.007136,0.005987,0.00334,0.007612,0.004931,0.1836,0.7627,
0.7904,0.4712,0.002699,0.006206,0.008501,0.007295,0.007122,0.00599,0.003316,0.007612,0.005096,0.1834,0.7628,
0.7902,0.4676,0.002695,0.006203,0.008507,0.007282,0.007135,0.005965,0.003304,0.007758,0.00495,0.1834,0.7628,
0.7919,0.4296,0.002661,0.006192,0.008506,0.007277,0.00707,0.005996,0.003263,0.008053,0.00514,0.1835,0.7624,
0.7915,0.4565,0.002656,0.00619,0.008512,0.00725,0.007025,0.006037,0.003246,0.0081,0.005069,0.1835,0.7624,
0.7916,0.4494,0.002649,0.006189,0.008519,0.007236,0.00706,0.006002,0.003246,0.008249,0.00498,0.1834,0.7625,
0.791,0.3751,0.002643,0.006175,0.008526,0.007235,0.00699,0.005995,0.003252,0.008273,0.004923,0.1834,0.7626,
0.7904,0.4005,0.002629,0.006166,0.008534,0.007248,0.006909,0.005994,0.003219,0.008432,0.004764,0.1835,0.7626,
0.7901,0.3921,0.002628,0.006157,0.008545,0.007248,0.006909,0.005994,0.003219,0.008787,0.004409,0.1835,0.7626,
0.7899,0.3863,0.002628,0.006145,0.008557,0.007248,0.006872,0.005985,0.003248,0.008776,0.004391,0.1835,0.7627,
0.7894,0.3791,0.002608,0.006135,0.008569,0.007267,0.006868,0.005967,0.003248,0.008776,0.004296,0.1835,0.7628,
0.7894,0.3909,0.002773,0.006125,0.008578,0.007283,0.00678,0.006696,0.002508,0.008809,0.004251,0.1836,0.7626,
