entropy,entropyInd,RabA,RabB,RabC,RabD,RabE,RabF,RabG,RabH,RabI,xER,xPM,
0.8684,0.4196,0.0113,0.008895,0.009409,0.01005,0.007531,0.004842,0.003547,0.005856,0.008246,0.1865,0.7438,
0.8689,0.4046,0.01112,0.008856,0.009409,0.01005,0.007531,0.004842,0.003547,0.005856,0.008694,0.1861,0.744,
0.8672,0.4085,0.01075,0.008849,0.009406,0.009983,0.007489,0.004842,0.003547,0.005856,0.008825,0.1859,0.7445,
0.8659,0.4096,0.01051,0.008848,0.009404,0.009957,0.007445,0.004842,0.003546,0.005856,0.008825,0.186,0.7448,
0.8663,0.4133,0.01065,0.008817,0.009404,0.009957,0.007445,0.004842,0.003546,0.005856,0.008825,0.186,0.7447,
0.8689,0.4076,0.01077,0.008809,0.009395,0.009905,0.007352,0.004833,0.003543,0.005851,0.009431,0.1861,0.744,
0.8691,0.3965,0.01065,0.008803,0.009389,0.009838,0.007096,0.004829,0.00354,0.005847,0.009922,0.1862,0.7438,
0.8703,0.3905,0.01074,0.00879,0.009382,0.009813,0.007056,0.004826,0.003538,0.005843,0.01011,0.1865,0.7434,
0.8678,0.4005,0.01025,0.008785,0.009382,0.009798,0.006978,0.004826,0.003538,0.005843,0.01011,0.1865,0.744,
0.8669,0.3971,0.01032,0.008785,0.009311,0.009743,0.006781,0.004803,0.003537,0.005831,0.01026,0.1864,0.7443,
0.8649,0.3941,0.009949,0.008751,0.009286,0.009717,0.006781,0.004803,0.003537,0.005831,0.01026,0.1864,0.7447,
0.8622,0.392,0.00965,0.008736,0.009282,0.009717,0.006537,0.004782,0.003533,0.005831,0.01026,0.1864,0.7453,
0.8614,0.3721,0.009564,0.008734,0.009281,0.009715,0.006423,0.004767,0.003527,0.00583,0.01026,0.1865,0.7454,
0.8609,0.3657,0.009481,0.008735,0.009227,0.009663,0.006379,0.004767,0.003527,0.00583,0.01045,0.1863,0.7456,
0.8609,0.3589,0.009359,0.008726,0.009224,0.009598,0.006378,0.004767,0.003527,0.00583,0.01076,0.186,0.7458,
0.8614,0.3572,0.009223,0.008706,0.009217,0.009565,0.006311,0.00476,0.003525,0.005827,0.01117,0.186,0.7457,
0.861,0.3589,0.009155,0.00869,0.009214,0.00955,0.006311,0.00476,0.003525,0.005827,0.01117,0.186,0.7458,
0.8599,0.3581,0.008929,0.008672,0.009193,0.009536,0.006262,0.004758,0.003524,0.005825,0.01116,0.1864,0.7458,
0.8586,0.3635,0.008628,0.008672,0.009193,0.009536,0.006262,0.004758,0.003524,0.005825,0.01116,0.1864,0.7461,
0.8583,0.3609,0.008589,0.008672,0.009193,0.009536,0.006239,0.004758,0.003524,0.005825,0.01116,0.1864,0.7461,
0.8581,0.3593,0.008573,0.008671,0.009192,0.009513,0.00615,0.004746,0.003519,0.005825,0.01134,0.1862,0.7463,
0.857,0.3629,0.008367,0.008671,0.009192,0.009503,0.006131,0.004742,0.003514,0.005825,0.01134,0.1862,0.7465,
0.8597,0.3612,0.008657,0.008665,0.009191,0.0095,0.006091,0.004742,0.003514,0.005825,0.01192,0.1856,0.7463,
0.8612,0.3574,0.008737,0.008665,0.009191,0.0095,0.006091,0.004742,0.003514,0.005825,0.01236,0.1852,0.7462,
0.8629,0.3574,0.008697,0.008655,0.00918,0.009489,0.006069,0.004733,0.003506,0.005818,0.01267,0.1858,0.7453,
0.8659,0.351,0.008955,0.008655,0.00918,0.009489,0.006069,0.004733,0.003506,0.005818,0.01339,0.1851,0.7451,
0.8658,0.3515,0.008934,0.008646,0.00918,0.009489,0.006069,0.004733,0.003506,0.005818,0.01339,0.1851,0.7451,
0.865,0.352,0.008866,0.008644,0.009111,0.009451,0.006069,0.004733,0.003506,0.005818,0.01339,0.1851,0.7453,
0.865,0.3477,0.008764,0.008632,0.0091,0.009404,0.00602,0.004718,0.003495,0.005804,0.01338,0.186,0.7447,
0.8644,0.366,0.008646,0.008623,0.009095,0.009404,0.006021,0.004718,0.003495,0.005804,0.01338,0.186,0.7448,
0.864,0.362,0.008591,0.008616,0.009093,0.009404,0.006006,0.004715,0.003491,0.005804,0.01338,0.186,0.7449,
0.8636,0.3569,0.008617,0.008606,0.009065,0.009392,0.005936,0.004713,0.00345,0.005978,0.01326,0.186,0.745,
0.8632,0.3597,0.008542,0.008604,0.009066,0.009392,0.005901,0.004725,0.003438,0.006229,0.01295,0.186,0.7451,
0.8638,0.3623,0.008628,0.008606,0.009073,0.009386,0.005895,0.00469,0.003457,0.006281,0.01297,0.186,0.745,
0.863,0.362,0.00854,0.00859,0.009092,0.009253,0.005963,0.004619,0.003507,0.006526,0.01267,0.186,0.7452,
0.8638,0.3649,0.008563,0.008597,0.0091,0.009253,0.005999,0.004601,0.003469,0.006756,0.01267,0.1858,0.7452,
0.8617,0.3662,0.008036,0.008599,0.009102,0.009352,0.00596,0.004582,0.003469,0.007051,0.01232,0.1859,0.7457,
0.8596,0.3855,0.007985,0.008588,0.009109,0.009352,0.008372,0.002184,0.003525,0.00721,0.01207,0.1859,0.7458,
0.8591,0.3863,0.007967,0.008587,0.009114,0.009318,0.008279,0.002165,0.00355,0.007584,0.01161,0.186,0.7458,
0.859,0.396,0.007942,0.008581,0.009129,0.009318,0.008312,0.002162,0.003519,0.007855,0.0113,0.1861,0.7458,
0.8585,0.3974,0.007914,0.00857,0.009077,0.009295,0.008333,0.00219,0.003465,0.008241,0.0109,0.1861,0.7459,
0.8579,0.3848,0.007781,0.008566,0.009064,0.009244,0.008353,0.002228,0.00341,0.009332,0.009857,0.1859,0.7462,
0.8576,0.3749,0.007768,0.00857,0.009069,0.009236,0.00837,0.002209,0.003441,0.009383,0.009701,0.1861,0.7462,
0.8572,0.3775,0.007763,0.008567,0.00905,0.009222,0.008378,0.002162,0.00344,0.009473,0.009611,0.1861,0.7463,
0.8566,0.3792,0.007687,0.008548,0.009077,0.00925,0.008358,0.002157,0.003459,0.009472,0.009517,0.1861,0.7464,
0.8577,0.3956,0.007802,0.008537,0.009088,0.009192,0.008339,0.002219,0.003378,0.009592,0.009653,0.186,0.7462,
0.857,0.397,0.007706,0.008538,0.009093,0.009189,0.008391,0.003697,0.001846,0.009746,0.009458,0.1861,0.7462,
0.857,0.4011,0.007683,0.008531,0.009106,0.009205,0.008409,0.003679,0.001861,0.00994,0.009249,0.1861,0.7462,
0.8564,0.3907,0.007674,0.008514,0.009132,0.009205,0.008409,0.003703,0.001836,0.009977,0.009016,0.1863,0.7462,
0.8565,0.3905,0.007648,0.008513,0.009142,0.009219,0.008322,0.003722,0.001817,0.01001,0.00916,0.1861,0.7463,
0.8563,0.393,0.007625,0.008526,0.009152,0.009191,0.008322,0.003745,0.001794,0.01014,0.009032,0.1861,0.7464,
0.8572,0.3895,0.007669,0.008522,0.009158,0.009162,0.008321,0.003745,0.001794,0.01063,0.008825,0.1858,0.7463,
0.8563,0.388,0.007446,0.008515,0.009181,0.009215,0.008293,0.003726,0.001794,0.01072,0.008735,0.1858,0.7465,
0.8576,0.3812,0.007544,0.00851,0.009187,0.009197,0.008286,0.003707,0.001793,0.01077,0.009042,0.1855,0.7465,
0.8572,0.3846,0.007468,0.008493,0.009194,0.009224,0.008279,0.003691,0.001793,0.01078,0.009022,0.1855,0.7465,
0.8569,0.3758,0.007348,0.008462,0.00919,0.009339,0.008276,0.003691,0.001814,0.01118,0.0086,0.1855,0.7466,
0.8567,0.3726,0.007334,0.008452,0.009194,0.009316,0.008295,0.003673,0.001814,0.0112,0.008582,0.1855,0.7466,
0.8586,0.3703,0.00736,0.008455,0.009202,0.009302,0.00831,0.003658,0.001814,0.01128,0.009112,0.1849,0.7466,
0.8592,0.3755,0.007344,0.00844,0.009203,0.009265,0.008257,0.003693,0.001767,0.01137,0.008998,0.1859,0.7458,
0.859,0.3786,0.007321,0.008451,0.009214,0.009265,0.008242,0.003689,0.001787,0.01196,0.008382,0.1859,0.7458,
0.8617,0.3721,0.007601,0.008448,0.009228,0.009251,0.00826,0.003669,0.001785,0.01211,0.008735,0.1854,0.7455,
0.8617,0.3726,0.007554,0.008435,0.009189,0.009286,0.008242,0.003676,0.001793,0.01243,0.008371,0.1858,0.7452,
0.8611,0.3648,0.007585,0.008427,0.009198,0.009285,0.008086,0.003707,0.001749,0.0125,0.008338,0.1858,0.7453,
0.8607,0.3677,0.007553,0.008417,0.009199,0.009327,0.00941,0.002234,0.001748,0.01255,0.00871,0.1858,0.7451,
0.8604,0.3677,0.007619,0.008413,0.00921,0.009299,0.009438,0.002106,0.001744,0.01265,0.008662,0.1857,0.7451,
0.8598,0.3754,0.00757,0.008413,0.009216,0.009327,0.009387,0.002093,0.001754,0.01276,0.008488,0.1858,0.7452,
0.8581,0.3827,0.007396,0.008415,0.009223,0.00934,0.009292,0.002059,0.001729,0.01307,0.00816,0.1858,0.7456,
0.858,0.3703,0.007385,0.008413,0.009236,0.009326,0.009326,0.002026,0.001783,0.01319,0.007979,0.1857,0.7456,
0.8587,0.358,0.007476,0.008413,0.00924,0.009285,0.009317,0.002012,0.001801,0.01328,0.00807,0.1855,0.7456,
0.8584,0.3594,0.007457,0.008412,0.009254,0.009336,0.009067,0.002011,0.001782,0.01333,0.008203,0.1855,0.7456,
0.8567,0.3679,0.007577,0.008416,0.009249,0.009274,0.008528,0.001958,0.001756,0.01361,0.008183,0.1854,0.7461,
0.8546,0.369,0.007433,0.008371,0.00921,0.009241,0.008396,0.001939,0.001755,0.01368,0.008056,0.1855,0.7465,
0.8542,0.3628,0.007429,0.00836,0.009222,0.009186,0.008435,0.001915,0.001737,0.01382,0.007902,0.1855,0.7465,
0.8533,0.367,0.007422,0.008351,0.009238,0.009186,0.008309,0.0019,0.001734,0.01403,0.007675,0.1855,0.7467,
0.8495,0.3699,0.007473,0.008314,0.009213,0.009141,0.007364,0.001891,0.001704,0.01414,0.007915,0.1851,0.7477,
0.8493,0.3609,0.007391,0.008308,0.009219,0.009093,0.007341,0.001891,0.001702,0.01423,0.008004,0.1849,0.7479,
0.8481,0.3643,0.007323,0.008281,0.00921,0.00905,0.007217,0.001901,0.001725,0.01427,0.00792,0.1849,0.7482,
0.8472,0.3642,0.007134,0.008282,0.009223,0.009077,0.007194,0.00194,0.001687,0.01436,0.007824,0.1849,0.7483,
0.847,0.367,0.007127,0.008278,0.009234,0.009077,0.007144,0.001951,0.001731,0.01436,0.007755,0.1849,0.7484,
0.846,0.3659,0.007126,0.008273,0.00924,0.009077,0.007025,0.001928,0.001768,0.01469,0.007342,0.185,0.7485,
0.8462,0.3741,0.00715,0.008272,0.009177,0.009068,0.006876,0.001904,0.001767,0.01472,0.007714,0.1846,0.7488,
0.848,0.3661,0.007179,0.008249,0.009182,0.00905,0.006809,0.001875,0.001843,0.01464,0.00799,0.1853,0.7479,
0.8479,0.3696,0.007193,0.00823,0.009194,0.009068,0.006656,0.001868,0.001831,0.01476,0.008067,0.1851,0.7481,
0.8453,0.3663,0.007008,0.008197,0.009209,0.009032,0.00663,0.001868,0.001812,0.01476,0.007686,0.1855,0.7483,
0.8456,0.3665,0.007026,0.008196,0.009216,0.008997,0.006521,0.001867,0.00181,0.01486,0.007762,0.1855,0.7482,
0.8469,0.3649,0.007009,0.008184,0.009226,0.008977,0.006534,0.00187,0.001848,0.0148,0.008206,0.1851,0.7482,
0.8482,0.3644,0.007091,0.008181,0.009221,0.008928,0.006435,0.001918,0.001826,0.01483,0.00843,0.1854,0.7478,
0.8482,0.365,0.007182,0.008177,0.009221,0.008909,0.00659,0.001581,0.001805,0.01493,0.008697,0.185,0.7479,
0.8494,0.3788,0.007233,0.008176,0.009224,0.009024,0.006488,0.001552,0.001833,0.01548,0.008332,0.1853,0.7473,
0.8503,0.3639,0.007354,0.008165,0.009238,0.009041,0.006473,0.00157,0.001807,0.01565,0.008324,0.1851,0.7472,
0.8504,0.3618,0.007345,0.00816,0.009247,0.00904,0.006453,0.001565,0.001834,0.01562,0.008323,0.1853,0.7471,
0.8497,0.366,0.007247,0.008158,0.009256,0.009055,0.006381,0.001548,0.001895,0.01563,0.008257,0.1853,0.7473,
0.8518,0.365,0.007311,0.008151,0.009265,0.009104,0.006395,0.001532,0.001895,0.01577,0.008603,0.1849,0.747,
0.8515,0.3607,0.007127,0.008134,0.00927,0.00918,0.006393,0.001532,0.001894,0.01578,0.008582,0.1852,0.7469,
0.8505,0.3605,0.007065,0.008133,0.009272,0.009145,0.006346,0.001469,0.00193,0.01577,0.008564,0.1852,0.7471,
0.8504,0.3644,0.006922,0.008141,0.009274,0.009276,0.006346,0.001492,0.001907,0.01596,0.008369,0.1852,0.7471,
0.8492,0.3622,0.006827,0.00812,0.009237,0.009247,0.006304,0.001491,0.001888,0.016,0.008331,0.1852,0.7473,
0.8493,0.3613,0.006826,0.008116,0.009243,0.009247,0.006319,0.001476,0.00195,0.016,0.008271,0.1852,0.7473,
0.8523,0.3588,0.006976,0.008109,0.009245,0.009241,0.00633,0.001456,0.001959,0.01596,0.008859,0.1851,0.7468,
0.8531,0.372,0.006938,0.008104,0.009252,0.009241,0.006361,0.001425,0.002008,0.0161,0.009025,0.1847,0.7468,
0.8533,0.3672,0.006877,0.008097,0.009263,0.009273,0.006368,0.001427,0.001996,0.01613,0.008992,0.185,0.7465,
0.8527,0.3682,0.006875,0.008092,0.009269,0.009273,0.006311,0.001439,0.001944,0.01631,0.008804,0.185,0.7466,
0.8535,0.3544,0.007017,0.008085,0.009276,0.009273,0.006277,0.001422,0.002012,0.0165,0.008686,0.1849,0.7465,
0.853,0.3578,0.00698,0.008092,0.009274,0.009245,0.006239,0.001422,0.002012,0.01654,0.008641,0.1849,0.7466,
0.8532,0.3721,0.006925,0.0081,0.009233,0.009236,0.006186,0.001419,0.002,0.01713,0.008492,0.1845,0.7468,
0.8532,0.3723,0.006877,0.008088,0.009236,0.009233,0.006156,0.001401,0.002014,0.01718,0.008417,0.185,0.7464,
0.8516,0.3779,0.006641,0.008086,0.009205,0.009233,0.006083,0.001433,0.001994,0.01721,0.008359,0.185,0.7468,
0.8515,0.3721,0.006562,0.008082,0.009215,0.009219,0.006097,0.001418,0.002028,0.01724,0.008407,0.1849,0.7469,
0.857,0.4027,0.006554,0.008082,0.009224,0.009219,0.006112,0.001423,0.005965,0.01331,0.008376,0.1849,0.7469,
0.8566,0.4089,0.006485,0.008075,0.009234,0.009254,0.006071,0.001446,0.005965,0.01348,0.008185,0.1849,0.747,
0.8586,0.3867,0.006725,0.008068,0.009236,0.009242,0.006051,0.001441,0.005978,0.0135,0.008522,0.1845,0.7467,
0.8584,0.3861,0.006709,0.008068,0.009238,0.009183,0.006011,0.001441,0.005963,0.01354,0.008452,0.1849,0.7465,
0.8567,0.3995,0.006576,0.008048,0.009193,0.009165,0.005931,0.001421,0.00599,0.01375,0.008169,0.1849,0.7468,
0.8553,0.3967,0.006358,0.008013,0.009198,0.009161,0.005883,0.001405,0.006017,0.0139,0.008053,0.1849,0.7471,
0.8548,0.3861,0.00635,0.007996,0.009207,0.009133,0.005879,0.001372,0.006017,0.01399,0.007962,0.1849,0.7472,
0.8553,0.3834,0.006396,0.007991,0.009219,0.009089,0.005833,0.001372,0.006073,0.0141,0.008009,0.1847,0.7473,
0.855,0.3825,0.006381,0.007998,0.009183,0.009077,0.005848,0.001357,0.006123,0.01421,0.007847,0.1847,0.7473,
0.8549,0.3851,0.006414,0.007971,0.009144,0.009011,0.005843,0.001337,0.00612,0.01444,0.007725,0.1848,0.7472,
0.8562,0.3858,0.006584,0.007969,0.009148,0.009005,0.005843,0.001318,0.006147,0.01468,0.007699,0.1846,0.7471,
0.8563,0.3581,0.006486,0.00797,0.009147,0.009076,0.005841,0.001318,0.006144,0.01471,0.007657,0.1848,0.7468,
0.8557,0.3632,0.006479,0.007963,0.009091,0.009044,0.005817,0.001317,0.006181,0.01467,0.007611,0.1849,0.7469,
0.856,0.4456,0.006475,0.00796,0.009093,0.009051,0.005816,0.001317,0.01579,0.005264,0.007832,0.1845,0.7469,
0.8581,0.4417,0.006722,0.007955,0.009098,0.009037,0.005797,0.001313,0.01582,0.005292,0.008133,0.1841,0.7467,
0.8579,0.4496,0.006714,0.007948,0.009105,0.009016,0.005797,0.001343,0.01581,0.005386,0.007963,0.1842,0.7467,
0.8582,0.4572,0.006631,0.007951,0.009106,0.009007,0.005755,0.001382,0.01576,0.005481,0.007906,0.1847,0.7463,
0.8582,0.4574,0.00663,0.007945,0.009113,0.009007,0.005755,0.001364,0.01576,0.005615,0.007771,0.1847,0.7463,
0.8576,0.4603,0.006443,0.007928,0.009081,0.009128,0.005743,0.001393,0.01575,0.005665,0.007682,0.1847,0.7464,
0.8566,0.4588,0.006314,0.007923,0.009039,0.009114,0.00572,0.001411,0.01577,0.005728,0.007577,0.1847,0.7467,
0.8563,0.3829,0.006274,0.007926,0.009044,0.009102,0.005769,0.001363,0.01579,0.005829,0.007457,0.1848,0.7467,
0.8614,0.3698,0.006383,0.007904,0.009037,0.009066,0.005798,0.001306,0.01578,0.006067,0.008393,0.1845,0.7457,
0.8612,0.3679,0.00637,0.007906,0.009047,0.009038,0.005757,0.001306,0.01578,0.006191,0.00827,0.1845,0.7458,
0.8607,0.3728,0.006403,0.007901,0.009058,0.009012,0.005635,0.001368,0.01572,0.00619,0.00824,0.1846,0.7459,
0.8599,0.3651,0.006386,0.007877,0.009044,0.009007,0.005772,0.001228,0.0157,0.00627,0.008088,0.1846,0.746,
0.8597,0.374,0.006323,0.007877,0.00905,0.009007,0.005772,0.001268,0.01568,0.006285,0.008055,0.1846,0.7461,
0.8597,0.3754,0.006321,0.007863,0.009065,0.009007,0.005749,0.001305,0.01564,0.006455,0.007885,0.1846,0.7461,
0.8593,0.3754,0.00631,0.007864,0.009076,0.009008,0.005701,0.001346,0.01563,0.006552,0.007703,0.1846,0.7462,
0.8599,0.3498,0.006272,0.00787,0.00908,0.009006,0.005686,0.001438,0.01559,0.006526,0.007843,0.1845,0.7461,
0.8593,0.3534,0.006263,0.007862,0.009035,0.008972,0.00561,0.001512,0.01551,0.00656,0.007809,0.1846,0.7463,
0.8584,0.345,0.006133,0.007857,0.009043,0.008988,0.005548,0.001524,0.01548,0.00656,0.007809,0.1846,0.7465,
0.8621,0.3529,0.006004,0.007853,0.009052,0.008974,0.005319,0.01168,0.00534,0.006594,0.00776,0.1846,0.7469,
0.8636,0.3636,0.006197,0.007847,0.009062,0.008973,0.005337,0.01169,0.005303,0.006716,0.007784,0.1845,0.7466,
0.8643,0.358,0.00631,0.007849,0.00907,0.008959,0.005308,0.01167,0.005341,0.006833,0.00774,0.1844,0.7465,
0.8652,0.3535,0.006322,0.007842,0.009082,0.008919,0.005338,0.0117,0.005262,0.006867,0.008003,0.1842,0.7464,
0.8652,0.3559,0.006306,0.007839,0.009086,0.00888,0.005336,0.01175,0.005232,0.006903,0.007936,0.1845,0.7463,
0.8645,0.3629,0.006229,0.007819,0.009062,0.008875,0.005344,0.01174,0.005232,0.007002,0.007797,0.1845,0.7464,
0.8634,0.3839,0.006037,0.007794,0.009067,0.008876,0.005305,0.01181,0.006252,0.005928,0.007779,0.1845,0.7466,
0.8634,0.3757,0.005992,0.007797,0.00907,0.008901,0.005305,0.01181,0.006302,0.006203,0.007454,0.1845,0.7467,
0.8642,0.3745,0.006001,0.007801,0.009075,0.008943,0.005338,0.01184,0.006247,0.006249,0.007584,0.1843,0.7466,
0.8648,0.3785,0.006115,0.007791,0.009084,0.008932,0.005338,0.01192,0.006165,0.006322,0.007551,0.1843,0.7465,
0.8637,0.3787,0.005952,0.00778,0.009083,0.008893,0.00532,0.01195,0.00612,0.006333,0.007484,0.1845,0.7466,
0.8643,0.376,0.005837,0.007787,0.009089,0.008861,0.005373,0.01195,0.006069,0.006359,0.007842,0.1842,0.7467,
0.8641,0.3794,0.005823,0.007777,0.009089,0.008816,0.005341,0.01196,0.006048,0.00641,0.007786,0.1844,0.7465,
0.8652,0.3726,0.005879,0.007768,0.009102,0.008803,0.005395,0.0119,0.006063,0.006395,0.008049,0.1842,0.7465,
0.8662,0.3685,0.005883,0.007768,0.009109,0.008826,0.005357,0.01196,0.005995,0.006425,0.008363,0.1838,0.7465,
0.8657,0.3792,0.005862,0.007776,0.009114,0.008826,0.005258,0.01198,0.00603,0.006429,0.008306,0.1838,0.7466,
0.8675,0.364,0.006047,0.007757,0.009112,0.00879,0.005224,0.01194,0.006089,0.006357,0.008521,0.1842,0.7459,
0.8677,0.3506,0.006049,0.007748,0.009121,0.00883,0.005264,0.01196,0.006033,0.006419,0.008451,0.1843,0.7458,
0.8674,0.3561,0.005996,0.007733,0.009132,0.008829,0.005248,0.01196,0.006029,0.0068,0.008071,0.1843,0.7459,
0.8669,0.3595,0.005992,0.007729,0.009139,0.008746,0.005266,0.01196,0.006025,0.006944,0.007872,0.1843,0.746,
0.8663,0.3654,0.005978,0.007723,0.009144,0.008676,0.005257,0.01198,0.006011,0.006919,0.007831,0.1844,0.7461,
0.8665,0.356,0.006029,0.007703,0.009112,0.008649,0.005231,0.01194,0.006021,0.007021,0.007896,0.1842,0.7462,
0.8647,0.3885,0.005955,0.007691,0.009131,0.00864,0.005218,0.01203,0.009496,0.003648,0.007686,0.1842,0.7463,
0.8644,0.4286,0.005924,0.007679,0.009141,0.008609,0.005291,0.01514,0.006343,0.003694,0.008147,0.1837,0.7463,
0.8639,0.4289,0.0059,0.007673,0.009093,0.008521,0.005438,0.01502,0.006318,0.003722,0.008119,0.1837,0.7465,
0.8644,0.4063,0.005883,0.007666,0.009099,0.008488,0.005545,0.01495,0.006266,0.003777,0.008056,0.1843,0.746,
0.864,0.4038,0.005843,0.007654,0.009098,0.008513,0.005572,0.0149,0.0063,0.003841,0.007879,0.1843,0.7461,
0.8637,0.3968,0.005797,0.007642,0.009111,0.008557,0.005615,0.01477,0.006296,0.004013,0.007703,0.1843,0.7462,
0.8659,0.3916,0.005799,0.007638,0.009117,0.008534,0.00567,0.01475,0.006277,0.004015,0.008393,0.1836,0.7462,
0.8653,0.3914,0.005785,0.007637,0.009114,0.008522,0.00567,0.0147,0.006222,0.004063,0.008345,0.1836,0.7463,
0.8673,0.3925,0.005923,0.007622,0.009114,0.008503,0.005683,0.01469,0.006246,0.004152,0.008372,0.1841,0.7456,
0.869,0.3965,0.005911,0.007613,0.009122,0.008455,0.007224,0.01316,0.006245,0.004646,0.007983,0.1841,0.7455,
0.869,0.3966,0.00591,0.007601,0.009134,0.008455,0.00726,0.01315,0.006242,0.004627,0.007983,0.1841,0.7455,
0.8693,0.3993,0.005882,0.007604,0.009141,0.008431,0.007358,0.01308,0.006212,0.004826,0.007874,0.1841,0.7455,
0.8694,0.3955,0.005804,0.007609,0.009153,0.008431,0.008301,0.01213,0.006294,0.004942,0.007658,0.1841,0.7456,
0.8673,0.3956,0.005618,0.0076,0.009161,0.008417,0.008103,0.01207,0.006311,0.004941,0.007639,0.1841,0.746,
0.8668,0.3933,0.005509,0.007603,0.00917,0.008404,0.008042,0.01205,0.006274,0.004955,0.007812,0.1839,0.7463,
0.862,0.3987,0.005489,0.00761,0.009172,0.008414,0.007077,0.01201,0.00627,0.004993,0.007737,0.1839,0.7473,
0.8618,0.4,0.005476,0.007618,0.009108,0.008414,0.007132,0.01199,0.006279,0.005132,0.007553,0.1839,0.7474,
0.8612,0.4043,0.005398,0.007614,0.009111,0.008376,0.007099,0.01197,0.006288,0.005208,0.007444,0.1841,0.7474,
0.8585,0.388,0.005202,0.007589,0.009041,0.008342,0.007057,0.01191,0.006238,0.005222,0.007297,0.1842,0.7479,
0.8592,0.3874,0.005193,0.007579,0.009052,0.008342,0.007071,0.01189,0.006168,0.005432,0.007399,0.1839,0.748,
0.8575,0.387,0.005186,0.007567,0.009012,0.008342,0.006797,0.01188,0.006156,0.005554,0.007252,0.1839,0.7483,
0.8572,0.393,0.005105,0.007575,0.009011,0.008382,0.006749,0.01188,0.006163,0.005544,0.007232,0.1841,0.7483,
0.8569,0.3933,0.005096,0.007574,0.009017,0.008372,0.006713,0.01186,0.006235,0.005599,0.007105,0.1841,0.7483,
0.8598,0.3906,0.005272,0.007565,0.009027,0.00836,0.006659,0.0118,0.006248,0.005574,0.007915,0.1833,0.7483,
0.8604,0.3932,0.005232,0.007558,0.009023,0.008387,0.006705,0.01176,0.006243,0.005595,0.007844,0.1839,0.7477,
0.8576,0.4005,0.005222,0.007537,0.008986,0.008332,0.006388,0.01166,0.006248,0.005614,0.007751,0.184,0.7483,
0.8572,0.3867,0.005189,0.007534,0.008992,0.008348,0.006383,0.01167,0.006173,0.005703,0.007663,0.184,0.7484,
0.8562,0.3855,0.005181,0.007537,0.008997,0.008348,0.006261,0.01163,0.006138,0.005697,0.007655,0.184,0.7486,
0.856,0.3924,0.005179,0.007533,0.009003,0.008348,0.007407,0.01035,0.006115,0.005682,0.007655,0.184,0.7488,
0.8558,0.3934,0.005174,0.007526,0.009008,0.008326,0.007389,0.01033,0.006133,0.005786,0.007532,0.184,0.7488,
0.8555,0.3846,0.005161,0.007533,0.008955,0.008315,0.007505,0.01022,0.006181,0.005939,0.007331,0.184,0.7489,
0.856,0.4054,0.005246,0.007527,0.008961,0.008315,0.007363,0.01022,0.006181,0.005926,0.007565,0.1837,0.749,
0.8579,0.3907,0.005395,0.007528,0.008962,0.008315,0.007366,0.01019,0.006222,0.006036,0.007834,0.1833,0.7489,
0.858,0.392,0.00539,0.007519,0.008976,0.008315,0.007404,0.01017,0.00623,0.006523,0.00732,0.1833,0.7489,
0.8582,0.391,0.005314,0.007511,0.008977,0.0083,0.007441,0.01017,0.00619,0.006592,0.007223,0.1838,0.7484,
0.858,0.408,0.005308,0.007509,0.008984,0.0083,0.007453,0.01012,0.006186,0.006832,0.006965,0.1838,0.7485,
0.8569,0.4153,0.005394,0.007502,0.008993,0.0083,0.007473,0.012,0.004234,0.006853,0.007033,0.1837,0.7485,
0.8567,0.4157,0.005378,0.007502,0.008994,0.008309,0.007428,0.01196,0.004289,0.006893,0.006936,0.1838,0.7485,
0.8561,0.4004,0.005373,0.007503,0.008948,0.008295,0.007378,0.01198,0.004294,0.007031,0.006761,0.1838,0.7486,
0.8579,0.3967,0.005564,0.007501,0.008953,0.008294,0.00736,0.01198,0.004282,0.007214,0.006858,0.1836,0.7484,
0.8571,0.4092,0.00538,0.007491,0.008956,0.008313,0.007414,0.01192,0.00426,0.007334,0.006711,0.1838,0.7484,
0.8569,0.3971,0.005378,0.007491,0.008959,0.008313,0.007414,0.01194,0.004245,0.007334,0.006665,0.1838,0.7484,
0.8567,0.4048,0.00537,0.007492,0.008966,0.008313,0.007428,0.01192,0.004359,0.007237,0.006583,0.1839,0.7485,
0.8565,0.4186,0.005346,0.007484,0.008972,0.00831,0.007479,0.01185,0.004378,0.007401,0.006401,0.1839,0.7485,
0.856,0.4057,0.005347,0.007447,0.00898,0.008296,0.007486,0.01182,0.004357,0.007605,0.006199,0.1838,0.7487,
0.8542,0.4054,0.005182,0.007421,0.008983,0.008264,0.007369,0.01178,0.004357,0.007691,0.006114,0.1838,0.749,
0.8538,0.4068,0.005176,0.00741,0.009,0.008249,0.007356,0.01172,0.004357,0.007901,0.005904,0.1838,0.7491,
0.8508,0.4128,0.005128,0.007394,0.009008,0.008236,0.006854,0.01171,0.004332,0.00789,0.005885,0.1838,0.7497,
0.852,0.4045,0.005248,0.007384,0.009015,0.008228,0.006953,0.01157,0.004337,0.008189,0.00584,0.1836,0.7497,
0.8512,0.4082,0.005238,0.007362,0.00902,0.008219,0.00683,0.01157,0.004293,0.008339,0.005646,0.1838,0.7497,
0.8509,0.3884,0.005234,0.007357,0.009028,0.008219,0.006821,0.01157,0.004275,0.008388,0.005552,0.1839,0.7497,
0.8505,0.391,0.005229,0.00735,0.00904,0.008219,0.006755,0.01159,0.004254,0.00847,0.00547,0.1839,0.7498,
0.8501,0.386,0.005221,0.007347,0.009048,0.008207,0.006801,0.01152,0.004238,0.008535,0.005363,0.1839,0.7498,
0.8489,0.4373,0.00522,0.007335,0.009061,0.008127,0.006681,0.01153,0.004248,0.008555,0.005315,0.1838,0.7501,
0.8475,0.4302,0.005205,0.007329,0.008994,0.0081,0.006573,0.01154,0.004218,0.008822,0.005023,0.1838,0.7504,
0.8472,0.4001,0.005155,0.007323,0.008994,0.008084,0.006626,0.0115,0.004229,0.008793,0.005023,0.1839,0.7504,
0.8488,0.3855,0.005246,0.007288,0.008998,0.008043,0.006587,0.0115,0.004245,0.008753,0.005382,0.1838,0.7501,
0.8484,0.3875,0.005241,0.007282,0.00897,0.008016,0.006642,0.01144,0.004226,0.008753,0.005382,0.1838,0.7502,
0.8491,0.4135,0.005258,0.007279,0.008968,0.007969,0.0111,0.006942,0.004226,0.008816,0.005543,0.1836,0.7503,
0.8507,0.383,0.005362,0.007281,0.008971,0.007954,0.01105,0.006948,0.004222,0.008777,0.005988,0.1832,0.7503,
0.8497,0.3695,0.005359,0.00728,0.008922,0.007939,0.01099,0.006948,0.004222,0.008815,0.005843,0.1832,0.7504,
0.8489,0.3715,0.005351,0.007287,0.00892,0.007898,0.01098,0.006924,0.004191,0.009046,0.005551,0.1833,0.7505,
0.8523,0.3795,0.005659,0.007286,0.008927,0.007898,0.01106,0.006885,0.004178,0.009058,0.006079,0.1828,0.7502,
0.8528,0.3877,0.005651,0.007264,0.008934,0.007875,0.01096,0.006896,0.004155,0.009096,0.006025,0.1836,0.7495,
0.8522,0.3815,0.005649,0.00726,0.00894,0.00786,0.01088,0.006899,0.004177,0.009069,0.005993,0.1836,0.7496,
0.8501,0.4031,0.005533,0.007247,0.008944,0.007885,0.01212,0.005488,0.004202,0.009044,0.005971,0.1837,0.7499,
0.8501,0.3886,0.005579,0.007242,0.008952,0.007855,0.01206,0.005518,0.004205,0.009074,0.005943,0.1836,0.7499,
0.8517,0.3854,0.005735,0.007243,0.008957,0.007811,0.01198,0.005495,0.004199,0.009234,0.006256,0.1832,0.7499,
0.8452,0.4018,0.005561,0.007252,0.008956,0.007806,0.01071,0.007515,0.002152,0.009268,0.006372,0.1835,0.7509,
0.8435,0.4024,0.005589,0.007242,0.008966,0.007801,0.01018,0.007474,0.002151,0.009346,0.006527,0.1833,0.7514,
0.8419,0.4012,0.005584,0.007234,0.008962,0.007773,0.009916,0.007417,0.002167,0.009376,0.006464,0.1833,0.7518,
0.8413,0.4053,0.005581,0.007236,0.008969,0.007825,0.009711,0.007395,0.002203,0.009383,0.006474,0.1832,0.752,
0.8408,0.4104,0.005573,0.00723,0.008954,0.007823,0.009552,0.00737,0.002257,0.009359,0.006437,0.1835,0.752,
0.8391,0.4136,0.005396,0.007226,0.008959,0.007801,0.009425,0.007354,0.002257,0.009669,0.006127,0.1835,0.7523,
0.8381,0.4234,0.005392,0.007221,0.008968,0.007801,0.009218,0.007401,0.002249,0.009671,0.006078,0.1835,0.7525,
0.8386,0.4174,0.005391,0.007227,0.008929,0.007837,0.009021,0.007377,0.002219,0.009687,0.00655,0.183,0.7528,
0.8376,0.4059,0.005388,0.007218,0.008941,0.007823,0.008829,0.007362,0.002238,0.009699,0.006519,0.183,0.753,
0.8401,0.4124,0.005457,0.007215,0.008952,0.007823,0.008815,0.007358,0.00361,0.008322,0.006714,0.1828,0.7529,
0.8399,0.4349,0.005446,0.007215,0.008963,0.007823,0.008804,0.007349,0.003625,0.008462,0.006542,0.1828,0.753,
0.8375,0.4333,0.005286,0.007214,0.008971,0.007881,0.008466,0.007332,0.003654,0.008464,0.006419,0.1829,0.7534,
0.8373,0.4302,0.005245,0.007205,0.008975,0.007912,0.008469,0.007333,0.003632,0.008562,0.006316,0.1829,0.7535,
0.8337,0.4263,0.00523,0.007194,0.008965,0.007886,0.007828,0.007327,0.003591,0.008659,0.0062,0.1829,0.7542,
0.8341,0.4219,0.005322,0.007188,0.008962,0.007905,0.007588,0.007332,0.003585,0.008659,0.006495,0.1826,0.7544,
0.8337,0.4274,0.005322,0.007176,0.008973,0.007892,0.007527,0.007327,0.00361,0.008713,0.006416,0.1826,0.7544,
0.8343,0.4189,0.005486,0.00715,0.008971,0.007873,0.007561,0.007331,0.003603,0.00868,0.006417,0.1826,0.7543,
0.8363,0.4055,0.00541,0.007135,0.008964,0.007876,0.007567,0.007318,0.003605,0.008768,0.00677,0.1829,0.7537,
0.8374,0.4088,0.005473,0.007133,0.008964,0.007865,0.00749,0.007312,0.003588,0.008753,0.007197,0.1825,0.7538,
0.837,0.4134,0.005498,0.007139,0.008968,0.007871,0.007421,0.007339,0.003531,0.008735,0.007197,0.1825,0.7538,
0.8326,0.4392,0.005435,0.00712,0.008946,0.007837,0.01078,0.003449,0.003518,0.008662,0.007188,0.1832,0.7539,
0.8327,0.4055,0.005485,0.007118,0.008954,0.00781,0.01069,0.003397,0.003522,0.008693,0.00737,0.183,0.754,
0.8311,0.4108,0.005265,0.007118,0.008955,0.007759,0.01073,0.00336,0.003521,0.008831,0.007165,0.1831,0.7542,
0.8306,0.4075,0.005253,0.007095,0.008918,0.007746,0.01076,0.003304,0.003521,0.008831,0.007165,0.1831,0.7543,
0.8299,0.4056,0.005183,0.007089,0.008923,0.007737,0.0107,0.003374,0.003442,0.008914,0.007082,0.1831,0.7545,
0.8304,0.4223,0.005289,0.007079,0.008933,0.007678,0.01052,0.003357,0.003405,0.008943,0.007398,0.1829,0.7545,
0.827,0.4741,0.005285,0.007058,0.008951,0.007641,0.009776,0.003338,0.008747,0.003769,0.007194,0.1829,0.7554,
0.8243,0.4754,0.005078,0.007049,0.008959,0.007628,0.009457,0.003339,0.008766,0.003769,0.007103,0.1829,0.7559,
0.8213,0.4817,0.004963,0.007049,0.008962,0.007615,0.008949,0.003301,0.008766,0.003888,0.006984,0.1829,0.7566,
0.819,0.4284,0.004957,0.007043,0.008962,0.007613,0.008482,0.003305,0.008807,0.003869,0.006943,0.1829,0.7571,
0.8186,0.4227,0.005282,0.007038,0.008923,0.007594,0.007608,0.003278,0.008796,0.003817,0.007551,0.1828,0.7573,
0.8168,0.4274,0.005216,0.007033,0.008925,0.007592,0.007311,0.00324,0.008818,0.003754,0.007548,0.1831,0.7575,
0.8165,0.4327,0.005339,0.007031,0.008932,0.007579,0.007112,0.003238,0.008814,0.003929,0.007384,0.183,0.7576,
0.8153,0.4327,0.005254,0.00703,0.008939,0.007616,0.006958,0.00326,0.008794,0.004044,0.007181,0.1831,0.7578,
0.8142,0.4417,0.00525,0.007031,0.008942,0.007616,0.00676,0.003233,0.00879,0.004044,0.007181,0.1831,0.7581,
0.8126,0.4327,0.005187,0.007024,0.008953,0.007606,0.006546,0.003206,0.008751,0.004158,0.007067,0.1831,0.7584,
0.8117,0.4398,0.005162,0.00702,0.008927,0.007597,0.006443,0.003188,0.008777,0.004183,0.007015,0.1831,0.7586,
0.8123,0.436,0.005219,0.007019,0.008932,0.007597,0.006457,0.00321,0.008795,0.004213,0.006998,0.183,0.7585,
0.8118,0.4428,0.005219,0.007011,0.008939,0.007597,0.006351,0.003236,0.008768,0.004243,0.00695,0.1831,0.7586,
0.8114,0.443,0.005212,0.007013,0.008941,0.00757,0.006313,0.003288,0.008709,0.004263,0.006915,0.1831,0.7587,
0.8099,0.4356,0.0052,0.007012,0.008952,0.007557,0.006075,0.003302,0.008689,0.004245,0.006862,0.1831,0.759,
0.8089,0.4388,0.005135,0.007004,0.008963,0.007544,0.005998,0.003269,0.008689,0.004263,0.006793,0.1832,0.7591,
0.8087,0.439,0.005132,0.006992,0.008969,0.007538,0.005962,0.0033,0.008653,0.004314,0.006742,0.1832,0.7592,
0.8064,0.434,0.004804,0.00695,0.008958,0.007552,0.006014,0.00332,0.008562,0.004424,0.006574,0.1831,0.7597,
0.8079,0.4728,0.004836,0.006952,0.008959,0.007512,0.005983,0.006818,0.005027,0.004437,0.006773,0.1829,0.7598,
0.8075,0.4466,0.00483,0.006945,0.008966,0.007505,0.00596,0.006807,0.004997,0.004437,0.006773,0.1829,0.7599,
0.8071,0.4479,0.004809,0.00692,0.008936,0.007515,0.005885,0.006845,0.00501,0.004573,0.006572,0.1831,0.7598,
0.8071,0.4541,0.004748,0.006909,0.008948,0.007577,0.005918,0.006812,0.005033,0.004865,0.006258,0.1831,0.7598,
0.8076,0.4508,0.00474,0.0069,0.008958,0.007709,0.0059,0.006825,0.005071,0.005053,0.005997,0.1831,0.7597,
0.8082,0.4497,0.004882,0.00689,0.008899,0.007698,0.005842,0.00687,0.005027,0.005071,0.00613,0.183,0.7597,
0.8097,0.4562,0.005027,0.006885,0.008906,0.007684,0.005842,0.006914,0.004959,0.00522,0.006269,0.1827,0.7596,
0.8093,0.4702,0.005027,0.006877,0.008915,0.007684,0.005761,0.006905,0.004974,0.005275,0.006198,0.1827,0.7597,
0.8103,0.4723,0.005142,0.006875,0.008917,0.007702,0.00573,0.006927,0.004976,0.00531,0.006294,0.1825,0.7596,
0.8117,0.4655,0.005228,0.006878,0.008875,0.007689,0.005791,0.006885,0.004958,0.005333,0.006633,0.1821,0.7596,
0.8122,0.4541,0.005172,0.00687,0.008821,0.007699,0.005836,0.006845,0.004953,0.005367,0.006568,0.1829,0.7589,
0.8108,0.4985,0.005069,0.006864,0.008835,0.007677,0.005854,0.006895,0.007352,0.003116,0.00635,0.1829,0.759,
0.81,0.4946,0.004886,0.006858,0.008841,0.00769,0.005883,0.006903,0.007316,0.003134,0.006332,0.1829,0.7592,
0.8093,0.4621,0.004757,0.00685,0.008802,0.007678,0.005883,0.006903,0.007316,0.003529,0.005937,0.1829,0.7594,
0.8087,0.4645,0.004648,0.006831,0.008793,0.007678,0.005916,0.006918,0.007292,0.003667,0.005775,0.1829,0.7595,
0.8085,0.46,0.004645,0.006822,0.0088,0.007626,0.005944,0.006938,0.007262,0.003765,0.005658,0.183,0.7596,
0.8078,0.4633,0.00457,0.006823,0.008811,0.007611,0.005903,0.007062,0.007132,0.003982,0.005412,0.183,0.7597,
0.8072,0.4629,0.004563,0.006816,0.008814,0.007581,0.005864,0.007059,0.007128,0.004,0.005359,0.183,0.7598,
0.8072,0.4629,0.004562,0.006811,0.008821,0.007581,0.005864,0.007139,0.007066,0.004064,0.005277,0.183,0.7598,
0.8059,0.4894,0.004561,0.006809,0.008823,0.007566,0.009242,0.00378,0.007039,0.004068,0.005258,0.183,0.7599,
0.8057,0.4886,0.004552,0.006806,0.008826,0.00756,0.009241,0.003758,0.007069,0.004119,0.005178,0.183,0.7599,
0.8056,0.4833,0.004543,0.006809,0.008832,0.00756,0.009256,0.003817,0.007046,0.004148,0.005046,0.183,0.7599,
0.8083,0.4778,0.004808,0.006801,0.008835,0.007542,0.009306,0.003798,0.007031,0.004242,0.005363,0.1826,0.7597,
0.8109,0.4485,0.004903,0.006801,0.008842,0.007542,0.009335,0.003787,0.007081,0.004173,0.005955,0.182,0.7596,
0.8103,0.4733,0.004793,0.006801,0.008845,0.007542,0.009379,0.003796,0.007075,0.004128,0.005955,0.182,0.7597,
0.8096,0.4513,0.004785,0.0068,0.008723,0.007521,0.009395,0.003815,0.007037,0.004128,0.005954,0.182,0.7598,
0.8083,0.4495,0.004702,0.006793,0.008731,0.007521,0.009254,0.003803,0.007,0.004128,0.005954,0.182,0.7601,
