entropy,entropyInd,RabA,RabB,RabC,RabD,RabE,RabF,RabG,RabH,RabI,xER,xPM,
1.463,0.274,0.0541,0.01193,0.008016,0.04717,0.02351,0.01285,0.01673,0.01456,0.01487,0.3949,0.4014,
1.48,0.2555,0.06099,0.01193,0.008016,0.04711,0.02339,0.01285,0.01673,0.01456,0.01591,0.3939,0.3946,
1.48,0.246,0.06083,0.01191,0.008006,0.04703,0.02336,0.01283,0.01671,0.01454,0.01621,0.3944,0.3941,
1.479,0.2493,0.06076,0.01189,0.008007,0.04701,0.02323,0.0128,0.01669,0.01453,0.01621,0.3945,0.3944,
1.478,0.2555,0.06067,0.01188,0.008007,0.04701,0.02307,0.01278,0.0167,0.01453,0.01621,0.3945,0.3946,
1.479,0.2495,0.06088,0.01188,0.008006,0.04701,0.02299,0.01276,0.01669,0.01453,0.01635,0.3945,0.3944,
1.478,0.248,0.06079,0.01188,0.008007,0.04698,0.02286,0.01276,0.0167,0.01453,0.01635,0.3945,0.3946,
1.479,0.246,0.06096,0.01188,0.008003,0.0469,0.02264,0.01276,0.01669,0.01453,0.01687,0.3944,0.3944,
1.479,0.2504,0.06097,0.01188,0.008004,0.0468,0.02255,0.01275,0.01668,0.01453,0.01687,0.3944,0.3945,
1.479,0.2497,0.06098,0.01187,0.008003,0.04669,0.02256,0.01275,0.01668,0.01453,0.01687,0.3945,0.3946,
1.478,0.2557,0.06096,0.01187,0.008004,0.04651,0.02245,0.01275,0.01668,0.01453,0.01687,0.3946,0.3948,
1.476,0.253,0.0604,0.01182,0.008005,0.04629,0.02243,0.01275,0.01668,0.01454,0.01688,0.3947,0.3955,
1.48,0.2654,0.06068,0.01179,0.007957,0.04601,0.0224,0.01273,0.01666,0.01452,0.01835,0.3943,0.3946,
1.483,0.2533,0.06103,0.01175,0.007942,0.04579,0.02235,0.01271,0.01664,0.01451,0.01935,0.394,0.3939,
1.484,0.251,0.06119,0.01174,0.007938,0.04561,0.02222,0.01269,0.01663,0.0145,0.02013,0.3937,0.3936,
1.481,0.2512,0.06015,0.01155,0.007921,0.04543,0.0222,0.01269,0.01662,0.01451,0.02013,0.3939,0.3949,
1.477,0.2369,0.05851,0.01153,0.00782,0.04502,0.02221,0.0127,0.01663,0.01451,0.02014,0.394,0.3969,
1.48,0.2372,0.06009,0.01136,0.007788,0.04468,0.02215,0.01269,0.01662,0.01451,0.02085,0.3939,0.3954,
1.482,0.2283,0.06055,0.01134,0.007782,0.04449,0.02211,0.01268,0.01662,0.0145,0.0213,0.3938,0.3948,
1.483,0.22,0.06142,0.01129,0.00777,0.04429,0.02199,0.01266,0.0166,0.0145,0.02156,0.3939,0.3941,
1.482,0.2227,0.06078,0.01121,0.007755,0.04419,0.02179,0.01265,0.01659,0.0145,0.02202,0.3937,0.3948,
1.485,0.2364,0.06209,0.01119,0.007751,0.04414,0.02156,0.01263,0.01658,0.01449,0.02259,0.3936,0.3934,
1.485,0.224,0.06131,0.01108,0.007669,0.04401,0.02141,0.0126,0.01656,0.01448,0.02363,0.3932,0.3941,
1.484,0.2148,0.06072,0.01108,0.007669,0.04401,0.02129,0.01259,0.01655,0.01448,0.02363,0.3932,0.3948,
1.481,0.213,0.05958,0.01105,0.007665,0.0439,0.02129,0.0126,0.01656,0.01448,0.02364,0.3933,0.3959,
1.486,0.2128,0.06234,0.01102,0.007665,0.04381,0.02122,0.01258,0.01655,0.01448,0.02369,0.3934,0.3933,
1.483,0.2122,0.06155,0.01098,0.007618,0.04359,0.02104,0.01257,0.01654,0.01449,0.0237,0.3935,0.3944,
1.481,0.2009,0.06072,0.01095,0.00762,0.04357,0.02105,0.01257,0.01655,0.01449,0.0237,0.3936,0.3952,
1.479,0.2052,0.05957,0.01094,0.00761,0.04355,0.02096,0.01255,0.01653,0.01449,0.0237,0.3936,0.3965,
1.483,0.2059,0.06218,0.01082,0.007601,0.04354,0.02081,0.01253,0.01651,0.01448,0.02401,0.3936,0.394,
1.482,0.2055,0.06197,0.0108,0.007598,0.04344,0.0205,0.01249,0.01649,0.01448,0.02424,0.3935,0.3945,
1.484,0.209,0.06245,0.01076,0.007577,0.04331,0.02045,0.01253,0.0163,0.0146,0.02481,0.3934,0.3939,
1.488,0.2083,0.06293,0.01074,0.00757,0.04317,0.02049,0.01472,0.01406,0.01492,0.02556,0.393,0.3929,
1.482,0.2141,0.06069,0.01057,0.007577,0.04307,0.02026,0.01487,0.014,0.01513,0.02527,0.3931,0.3954,
1.479,0.2248,0.05933,0.01045,0.00757,0.0431,0.02024,0.0148,0.01413,0.01529,0.02498,0.3932,0.3969,
1.473,0.223,0.05822,0.01031,0.007575,0.0428,0.02012,0.01965,0.009218,0.01543,0.02478,0.3934,0.3985,
1.482,0.2141,0.06355,0.01013,0.007558,0.04237,0.01986,0.01969,0.00913,0.01563,0.02489,0.3935,0.3937,
1.484,0.2086,0.06387,0.01009,0.007551,0.04224,0.01974,0.01978,0.009082,0.0157,0.02589,0.3931,0.393,
1.481,0.2115,0.06254,0.01005,0.007554,0.04214,0.01969,0.01985,0.008965,0.01584,0.02575,0.3932,0.3945,
1.477,0.2158,0.06131,0.01002,0.007559,0.04205,0.0197,0.01982,0.008871,0.01595,0.02533,0.3934,0.396,
1.481,0.2184,0.06346,0.009998,0.007561,0.04187,0.01978,0.01974,0.008911,0.01591,0.0255,0.3934,0.3939,
1.479,0.2132,0.06236,0.009891,0.007565,0.04175,0.01982,0.01971,0.008967,0.01605,0.02519,0.3936,0.3951,
1.475,0.2076,0.06071,0.009853,0.007567,0.04175,0.01986,0.01972,0.00888,0.01606,0.0252,0.3937,0.3967,
1.472,0.2035,0.05906,0.00982,0.007569,0.04177,0.01992,0.01962,0.008881,0.01606,0.02513,0.3937,0.3984,
1.479,0.1989,0.06291,0.009704,0.007545,0.04151,0.01987,0.01975,0.008755,0.01617,0.02546,0.3937,0.3946,
1.478,0.203,0.06241,0.00969,0.007547,0.04131,0.01997,0.0197,0.008718,0.01665,0.02498,0.3939,0.3952,
1.481,0.2037,0.06373,0.009684,0.007544,0.04109,0.01998,0.01966,0.008674,0.01682,0.02559,0.3937,0.3936,
1.476,0.208,0.06112,0.009666,0.007514,0.04105,0.01991,0.0197,0.008637,0.01704,0.0253,0.3938,0.3963,
1.475,0.2095,0.06065,0.009657,0.00747,0.04098,0.01998,0.01966,0.008589,0.01723,0.02512,0.3939,0.3968,
1.474,0.2079,0.06029,0.009656,0.007472,0.04091,0.02002,0.01968,0.008644,0.01712,0.02512,0.3939,0.3972,
1.471,0.2105,0.05869,0.009603,0.007476,0.04078,0.02012,0.01959,0.008608,0.01753,0.02472,0.3941,0.3988,
1.482,0.2035,0.0625,0.009515,0.007457,0.04079,0.02014,0.0195,0.008632,0.01756,0.02652,0.3934,0.394,
1.479,0.2088,0.06091,0.009508,0.007462,0.04057,0.02006,0.01949,0.008593,0.01776,0.02634,0.3935,0.3958,
1.477,0.212,0.06026,0.009492,0.007465,0.04059,0.01991,0.0196,0.008483,0.018,0.0261,0.3935,0.3966,
1.472,0.2109,0.05835,0.009353,0.007455,0.04037,0.01991,0.01963,0.008434,0.01811,0.02594,0.3936,0.3988,
1.485,0.2037,0.06317,0.009319,0.007386,0.04031,0.01986,0.0196,0.008369,0.01817,0.02778,0.393,0.3931,
1.483,0.2106,0.06189,0.0093,0.007381,0.04031,0.01998,0.01953,0.00833,0.01858,0.02725,0.393,0.3944,
1.481,0.2148,0.06151,0.0093,0.007384,0.04028,0.01997,0.01938,0.008362,0.01875,0.02686,0.3931,0.3951,
1.477,0.2164,0.05982,0.009272,0.00734,0.0402,0.01995,0.01939,0.008323,0.01883,0.02679,0.3932,0.3969,
1.484,0.2164,0.06373,0.009271,0.007341,0.04003,0.01987,0.01919,0.008377,0.01877,0.02699,0.3932,0.3932,
1.484,0.221,0.0638,0.009226,0.007341,0.04004,0.01987,0.01935,0.008219,0.01883,0.02701,0.3932,0.3931,
1.483,0.2223,0.06333,0.009143,0.007331,0.04002,0.01967,0.01928,0.008123,0.01896,0.02748,0.393,0.3936,
1.484,0.2213,0.06416,0.009106,0.007336,0.03971,0.0197,0.0192,0.008052,0.01929,0.02732,0.3931,0.3931,
1.485,0.2247,0.06365,0.009094,0.007332,0.03955,0.01962,0.01918,0.008004,0.01946,0.02816,0.3928,0.3931,
1.483,0.2294,0.06274,0.009074,0.007333,0.03953,0.0196,0.0191,0.008045,0.01972,0.02787,0.3929,0.3941,
1.481,0.2252,0.06198,0.009038,0.007334,0.03956,0.01951,0.01914,0.007962,0.01979,0.0278,0.3929,0.395,
1.479,0.2281,0.06129,0.009025,0.007337,0.03966,0.01945,0.01926,0.007887,0.01984,0.02743,0.3931,0.3957,
1.477,0.2351,0.06073,0.009021,0.007341,0.03967,0.01937,0.01931,0.007851,0.01984,0.02718,0.3932,0.3964,
1.483,0.2243,0.06371,0.008994,0.007342,0.03975,0.01945,0.01923,0.007851,0.01993,0.02723,0.3932,0.3933,
1.48,0.227,0.06292,0.008963,0.007347,0.03971,0.01942,0.01917,0.007814,0.02004,0.0269,0.3934,0.3943,
1.477,0.2209,0.06225,0.008887,0.007352,0.03969,0.01955,0.01911,0.007931,0.0199,0.02625,0.3937,0.3953,
1.475,0.2235,0.0612,0.008791,0.007355,0.03968,0.01965,0.01899,0.007855,0.02003,0.02609,0.3938,0.3966,
1.47,0.2329,0.059,0.008739,0.007355,0.03968,0.01957,0.01901,0.007929,0.02,0.02602,0.3938,0.3989,
1.478,0.2319,0.06281,0.008727,0.007356,0.03961,0.01953,0.01904,0.007968,0.01996,0.02622,0.3938,0.395,
1.479,0.2238,0.06309,0.008716,0.007351,0.03948,0.01956,0.01894,0.007964,0.02,0.02692,0.3936,0.3943,
1.478,0.2235,0.06243,0.008687,0.007303,0.0395,0.01949,0.01901,0.007986,0.02008,0.02673,0.3937,0.3951,
1.477,0.2309,0.06193,0.00865,0.007304,0.03951,0.0195,0.01902,0.008028,0.0205,0.02619,0.3938,0.3956,
1.473,0.234,0.06026,0.008556,0.007301,0.03946,0.01949,0.01907,0.008018,0.0206,0.026,0.3938,0.3974,
1.478,0.231,0.06306,0.00845,0.007302,0.03947,0.01945,0.01914,0.008002,0.02076,0.02592,0.3939,0.3946,
1.483,0.2306,0.06439,0.00833,0.007263,0.03897,0.01926,0.0191,0.008029,0.02137,0.0269,0.3933,0.3931,
1.48,0.2272,0.06231,0.008292,0.007261,0.03882,0.01909,0.019,0.008025,0.02161,0.02741,0.3931,0.3951,
1.476,0.2166,0.06189,0.008292,0.007263,0.03879,0.01902,0.0209,0.006135,0.02156,0.02734,0.3931,0.3957,
1.475,0.2127,0.06143,0.008267,0.007249,0.03882,0.01901,0.02087,0.006215,0.02194,0.02675,0.3932,0.3962,
1.481,0.2044,0.06475,0.008266,0.007249,0.03866,0.01897,0.02083,0.00613,0.02194,0.02705,0.3932,0.393,
1.479,0.2034,0.06424,0.00816,0.007246,0.03863,0.01888,0.02084,0.006165,0.02192,0.02695,0.3933,0.3937,
1.479,0.2016,0.06401,0.008162,0.007248,0.03859,0.01903,0.02074,0.006206,0.02215,0.02665,0.3933,0.3939,
1.48,0.2003,0.06459,0.008148,0.007242,0.03835,0.01906,0.02075,0.006144,0.02245,0.02672,0.3933,0.3932,
1.482,0.1999,0.06405,0.008119,0.007234,0.03822,0.01895,0.02073,0.006113,0.02278,0.02762,0.3929,0.3933,
1.479,0.2007,0.06293,0.008102,0.007201,0.0382,0.01873,0.02076,0.006096,0.02275,0.02762,0.3929,0.3947,
1.477,0.201,0.06235,0.008101,0.007203,0.03823,0.0187,0.02062,0.006144,0.02277,0.02755,0.3929,0.3954,
1.481,0.2097,0.06423,0.008052,0.007195,0.0382,0.01857,0.02064,0.006198,0.02334,0.02744,0.3928,0.3934,
1.48,0.2027,0.06304,0.008052,0.007197,0.03823,0.01885,0.02037,0.006291,0.02343,0.02727,0.3928,0.3945,
1.48,0.2074,0.06357,0.008004,0.007198,0.03822,0.01882,0.02023,0.006292,0.02347,0.02732,0.3929,0.394,
1.482,0.2026,0.06462,0.007977,0.007184,0.03815,0.01882,0.02023,0.006254,0.02367,0.02715,0.393,0.393,
1.484,0.2047,0.06474,0.007964,0.007126,0.03818,0.01871,0.0202,0.006207,0.02383,0.02821,0.3925,0.3924,
1.481,0.2053,0.06339,0.007961,0.007128,0.03817,0.02157,0.01735,0.006198,0.02378,0.0282,0.3926,0.3937,
1.479,0.2123,0.06252,0.007946,0.00713,0.03817,0.02163,0.01726,0.00614,0.02379,0.02808,0.3927,0.3946,
1.481,0.21,0.06353,0.007912,0.007131,0.03816,0.02168,0.01723,0.00614,0.02419,0.02781,0.3928,0.3935,
1.478,0.2129,0.06214,0.007893,0.007128,0.03818,0.02164,0.01718,0.00613,0.02461,0.02739,0.3928,0.3949,
1.482,0.2102,0.06353,0.007889,0.007125,0.03831,0.02169,0.0171,0.006049,0.02478,0.02763,0.3927,0.3932,
1.484,0.2093,0.06398,0.007781,0.007113,0.03829,0.02177,0.01699,0.005994,0.02484,0.02827,0.3924,0.3926,
1.482,0.2129,0.06332,0.007781,0.007116,0.0383,0.0218,0.01699,0.006074,0.02504,0.02772,0.3925,0.3934,
1.48,0.211,0.06264,0.007774,0.007121,0.03834,0.02151,0.01701,0.006019,0.02505,0.02758,0.3926,0.3943,
1.485,0.2112,0.06457,0.007768,0.007117,0.03819,0.02154,0.01696,0.006107,0.02569,0.02759,0.3924,0.3921,
1.481,0.2127,0.06309,0.00776,0.007119,0.03816,0.02129,0.01691,0.006057,0.0257,0.02751,0.3925,0.3939,
1.478,0.2187,0.06197,0.007756,0.007121,0.03818,0.02112,0.01679,0.006071,0.02581,0.02736,0.3925,0.3953,
1.483,0.2194,0.06466,0.00775,0.007118,0.03812,0.02097,0.01683,0.006029,0.02594,0.02777,0.3924,0.3924,
1.484,0.2191,0.06479,0.007746,0.007117,0.03802,0.02101,0.01675,0.006059,0.02605,0.02786,0.3924,0.3922,
1.483,0.2362,0.0638,0.007734,0.007118,0.03781,0.02101,0.01679,0.006077,0.02614,0.02808,0.3924,0.3931,
1.48,0.2188,0.06241,0.007688,0.007119,0.03791,0.02101,0.01685,0.006013,0.02622,0.02801,0.3924,0.3943,
1.477,0.2182,0.0613,0.007645,0.007121,0.03781,0.02096,0.01682,0.006014,0.02627,0.0279,0.3926,0.3956,
1.475,0.2243,0.06017,0.007633,0.007122,0.03778,0.02107,0.01662,0.006016,0.02648,0.0277,0.3926,0.3968,
1.482,0.2204,0.06308,0.007614,0.00711,0.03769,0.02112,0.01654,0.00601,0.02684,0.02835,0.3923,0.3934,
1.481,0.2219,0.06242,0.007575,0.007111,0.0377,0.02114,0.01647,0.00601,0.02681,0.02825,0.3924,0.3942,
1.479,0.2207,0.06134,0.007508,0.007108,0.03775,0.0212,0.01641,0.00605,0.0269,0.02813,0.3924,0.3952,
1.484,0.2149,0.0641,0.007504,0.007109,0.03761,0.02117,0.0164,0.00604,0.02736,0.02804,0.3924,0.3923,
1.481,0.2161,0.06303,0.007469,0.007063,0.03751,0.02119,0.01635,0.00604,0.0276,0.02766,0.3925,0.3936,
1.485,0.2066,0.06378,0.007337,0.007028,0.0372,0.02116,0.01633,0.00601,0.02752,0.02922,0.3919,0.3925,
1.483,0.2104,0.0624,0.007337,0.007028,0.03721,0.02111,0.01633,0.006995,0.0266,0.02912,0.392,0.3939,
1.481,0.2136,0.06148,0.007285,0.007014,0.03709,0.02114,0.01627,0.007036,0.02745,0.02804,0.3922,0.395,
1.478,0.2131,0.06025,0.007254,0.007016,0.03716,0.0212,0.01614,0.007015,0.02765,0.0277,0.3923,0.3963,
1.485,0.2112,0.06385,0.007251,0.007014,0.03713,0.02128,0.016,0.00708,0.02766,0.02805,0.3921,0.3925,
1.482,0.2177,0.06263,0.007251,0.007015,0.03721,0.02368,0.01355,0.007095,0.02768,0.02788,0.3922,0.3938,
1.481,0.2283,0.06239,0.007244,0.007016,0.03719,0.02383,0.01331,0.007167,0.02791,0.02758,0.3923,0.3941,
1.478,0.2125,0.06092,0.007218,0.007018,0.0371,0.02384,0.01327,0.007197,0.02801,0.02745,0.3924,0.3956,
1.485,0.2093,0.06409,0.007152,0.007016,0.03692,0.02383,0.01326,0.007273,0.02799,0.02814,0.3922,0.3921,
1.486,0.2057,0.06335,0.007118,0.00701,0.03681,0.02381,0.01329,0.007266,0.02815,0.02899,0.3918,0.3924,
1.49,0.2081,0.06389,0.007107,0.007001,0.03684,0.02384,0.01318,0.007177,0.02861,0.02991,0.3913,0.3912,
1.489,0.2042,0.06322,0.007106,0.007,0.03688,0.02396,0.01306,0.007176,0.02885,0.02984,0.3912,0.3917,
1.488,0.2054,0.06267,0.007104,0.007003,0.03697,0.02391,0.01301,0.007152,0.0291,0.0295,0.3913,0.3923,
1.491,0.1957,0.06381,0.007092,0.006997,0.03686,0.02386,0.01295,0.007062,0.02946,0.02998,0.3911,0.3909,
1.491,0.1949,0.06374,0.00708,0.006995,0.0368,0.0239,0.01286,0.007103,0.02947,0.03004,0.3911,0.3909,
1.487,0.1978,0.06188,0.007042,0.006982,0.03682,0.02386,0.01282,0.007144,0.02984,0.02965,0.3912,0.3928,
1.489,0.1928,0.06269,0.006932,0.00698,0.03674,0.02386,0.0128,0.00714,0.03028,0.0296,0.3911,0.3919,
1.486,0.2061,0.06157,0.006926,0.006983,0.03673,0.024,0.01265,0.007113,0.03043,0.0292,0.3912,0.3932,
1.489,0.2086,0.0636,0.006883,0.006984,0.03666,0.02407,0.01262,0.007073,0.03047,0.02926,0.3913,0.3911,
1.486,0.2156,0.06212,0.006883,0.006985,0.03673,0.02382,0.01258,0.007074,0.03078,0.02891,0.3913,0.3928,
1.482,0.214,0.0603,0.006794,0.006985,0.03673,0.02378,0.01264,0.007043,0.03089,0.02876,0.3913,0.3948,
1.481,0.2089,0.06025,0.006796,0.006987,0.03675,0.02394,0.0125,0.007092,0.03089,0.02845,0.3914,0.3949,
1.487,0.207,0.06281,0.00673,0.006972,0.0366,0.0241,0.01212,0.007087,0.03124,0.02899,0.3912,0.3921,
1.489,0.2131,0.06206,0.00673,0.006973,0.0367,0.02414,0.01219,0.009711,0.02871,0.02879,0.3912,0.3927,
1.492,0.2225,0.06271,0.006719,0.006968,0.03667,0.02407,0.01222,0.009721,0.02925,0.02913,0.3909,0.3916,
1.494,0.2,0.06324,0.006636,0.006963,0.03667,0.02392,0.01221,0.009747,0.02937,0.02977,0.3906,0.3909,
1.489,0.2074,0.06112,0.006449,0.006951,0.03676,0.02372,0.01217,0.009827,0.02947,0.02942,0.3907,0.3934,
1.485,0.2007,0.05937,0.006411,0.006952,0.03681,0.02384,0.01204,0.009794,0.03014,0.02874,0.3908,0.3951,
1.494,0.1954,0.06368,0.006408,0.006951,0.03689,0.02384,0.01204,0.009779,0.03098,0.02808,0.3907,0.3906,
1.494,0.1835,0.06357,0.006362,0.006942,0.03691,0.02394,0.01189,0.009822,0.03114,0.02816,0.3907,0.3906,
1.491,0.1866,0.06247,0.006282,0.006944,0.03679,0.02398,0.01181,0.009824,0.03161,0.0277,0.3908,0.3918,
1.491,0.2185,0.06217,0.006282,0.006945,0.0368,0.02394,0.01179,0.009897,0.03168,0.02753,0.3908,0.3922,
1.488,0.1873,0.06134,0.006282,0.006946,0.03682,0.02388,0.01163,0.009962,0.0325,0.02665,0.3908,0.3932,
1.485,0.1886,0.0599,0.006185,0.006948,0.03675,0.02379,0.01162,0.009937,0.03266,0.0265,0.3909,0.3948,
1.483,0.2034,0.05953,0.006182,0.006833,0.03683,0.02368,0.01159,0.009937,0.03295,0.02617,0.3909,0.3954,
1.493,0.1909,0.06362,0.006167,0.006826,0.0368,0.02366,0.01145,0.009907,0.03295,0.02747,0.3905,0.3907,
1.492,0.185,0.06296,0.006157,0.006828,0.03679,0.02362,0.01149,0.009923,0.0329,0.02747,0.3906,0.3913,
1.49,0.1839,0.06222,0.006152,0.006829,0.03684,0.02365,0.01141,0.009868,0.03298,0.0274,0.3906,0.392,
1.489,0.2064,0.06188,0.006146,0.00683,0.03688,0.02356,0.01143,0.009819,0.03312,0.02726,0.3907,0.3924,
1.488,0.2008,0.06103,0.006146,0.006831,0.03697,0.02347,0.01143,0.009955,0.03319,0.02705,0.3907,0.3933,
1.487,0.1936,0.06057,0.00614,0.006831,0.03704,0.02342,0.0114,0.009955,0.03352,0.02672,0.3907,0.3937,
1.492,0.188,0.06363,0.006137,0.006832,0.03704,0.02336,0.0114,0.009914,0.03386,0.02653,0.3907,0.3906,
1.494,0.1928,0.06341,0.00613,0.006826,0.03704,0.02338,0.01134,0.009959,0.03373,0.02752,0.3903,0.3904,
1.492,0.1873,0.0629,0.00613,0.006828,0.03707,0.02299,0.01139,0.01004,0.03376,0.02728,0.3903,0.3913,
1.492,0.185,0.06278,0.006127,0.006831,0.03701,0.02296,0.01142,0.01008,0.0338,0.02717,0.3903,0.3915,
1.494,0.1878,0.06317,0.006085,0.006821,0.037,0.02263,0.01133,0.01018,0.03374,0.02807,0.39,0.391,
1.492,0.2043,0.06207,0.006081,0.006822,0.03693,0.02264,0.01133,0.01022,0.03391,0.02787,0.39,0.3921,
1.496,0.1942,0.06404,0.006071,0.006819,0.03699,0.02267,0.01128,0.01022,0.03411,0.02809,0.3899,0.3898,
1.497,0.1964,0.06364,0.006059,0.006814,0.03691,0.02257,0.0112,0.01032,0.03414,0.02896,0.3895,0.3898,
1.498,0.1872,0.06345,0.006024,0.006809,0.03698,0.02252,0.0112,0.01037,0.03409,0.02944,0.3893,0.3898,
1.496,0.1896,0.06258,0.006024,0.006809,0.03696,0.02242,0.0112,0.01044,0.03446,0.029,0.3893,0.3908,
1.494,0.1951,0.06174,0.006025,0.00681,0.03698,0.02229,0.01119,0.0105,0.0345,0.02879,0.3894,0.3918,
1.498,0.1952,0.0639,0.006024,0.006811,0.03705,0.02218,0.01114,0.01062,0.03483,0.02829,0.3895,0.3897,
1.498,0.1901,0.06318,0.006017,0.006806,0.03706,0.02196,0.01108,0.01065,0.03509,0.02898,0.3891,0.39,
1.496,0.1876,0.06248,0.006018,0.006807,0.03707,0.02195,0.01105,0.01061,0.03542,0.02858,0.3892,0.3908,
1.494,0.1881,0.06178,0.005982,0.00681,0.03707,0.02187,0.01104,0.01065,0.0355,0.02818,0.3894,0.3917,
1.498,0.2078,0.06344,0.005893,0.006808,0.037,0.02203,0.01091,0.0107,0.03555,0.02849,0.3893,0.3898,
1.497,0.2023,0.06329,0.005894,0.006809,0.03693,0.02192,0.01097,0.01062,0.03581,0.02824,0.3894,0.3901,
1.495,0.194,0.06279,0.005886,0.006809,0.03692,0.02176,0.01105,0.01054,0.03623,0.02783,0.3894,0.3907,
1.494,0.1961,0.06329,0.005876,0.006807,0.03689,0.02169,0.0158,0.005723,0.03659,0.0278,0.3894,0.3902,
1.491,0.1964,0.0618,0.005823,0.006808,0.03685,0.02177,0.01567,0.005801,0.03687,0.02746,0.3894,0.3917,
1.497,0.1982,0.06394,0.005812,0.006804,0.03691,0.02176,0.01593,0.005601,0.03695,0.02812,0.3891,0.3891,
1.498,0.1882,0.06384,0.005808,0.006799,0.03697,0.02175,0.01592,0.005598,0.03709,0.02856,0.3889,0.3888,
1.495,0.1924,0.06324,0.005809,0.006802,0.03698,0.02145,0.01593,0.005615,0.03711,0.02825,0.389,0.3898,
1.497,0.2007,0.06177,0.005608,0.006798,0.03696,0.0214,0.01596,0.009323,0.03335,0.02826,0.3891,0.3915,
1.508,0.2077,0.0634,0.0056,0.006798,0.03697,0.02152,0.01584,0.01896,0.02412,0.02816,0.3891,0.3896,
1.506,0.1977,0.06219,0.005597,0.006799,0.03697,0.02156,0.01581,0.019,0.02436,0.02776,0.3892,0.3908,
1.503,0.202,0.06085,0.005591,0.006794,0.037,0.02148,0.01579,0.01899,0.02443,0.02768,0.3892,0.3922,
1.501,0.1889,0.06021,0.00556,0.006793,0.03694,0.02182,0.01548,0.01902,0.02741,0.02464,0.3892,0.3929,
1.499,0.188,0.05936,0.005559,0.006795,0.0369,0.02183,0.01544,0.01905,0.02756,0.02446,0.3893,0.3938,
1.511,0.1779,0.06421,0.005552,0.006786,0.03679,0.02183,0.01538,0.01894,0.02768,0.02562,0.3888,0.3884,
1.513,0.1768,0.06407,0.005547,0.00678,0.03674,0.02181,0.01535,0.0189,0.02782,0.02636,0.3885,0.3882,
1.512,0.1723,0.06372,0.005468,0.006778,0.03674,0.02187,0.01796,0.01622,0.02813,0.02606,0.3884,0.3886,
1.509,0.1881,0.06263,0.005431,0.006732,0.03663,0.02188,0.01814,0.01612,0.02853,0.02547,0.3886,0.3899,
1.505,0.1803,0.06369,0.005427,0.006728,0.03664,0.0219,0.02808,0.006203,0.02862,0.02596,0.3884,0.3884,
1.503,0.1766,0.06278,0.005427,0.006729,0.0367,0.02191,0.02803,0.006273,0.02859,0.02584,0.3884,0.3893,
1.501,0.1776,0.06202,0.005429,0.006731,0.03676,0.02204,0.02791,0.006275,0.02867,0.02544,0.3886,0.3902,
1.503,0.2089,0.06277,0.005358,0.006719,0.03661,0.02212,0.02782,0.006234,0.02879,0.02565,0.3885,0.3894,
1.501,0.2021,0.0622,0.005358,0.00672,0.03658,0.02203,0.02782,0.006313,0.02903,0.02533,0.3886,0.39,
1.505,0.2051,0.06373,0.005356,0.006718,0.03645,0.02219,0.02754,0.006376,0.02957,0.02532,0.3884,0.3883,
1.504,0.1974,0.06361,0.005357,0.006719,0.03639,0.02221,0.02755,0.006313,0.02987,0.0249,0.3885,0.3885,
1.505,0.1981,0.06343,0.005341,0.006716,0.03636,0.0222,0.02754,0.006311,0.03028,0.02509,0.3884,0.3883,
1.502,0.2063,0.06194,0.005328,0.006635,0.0364,0.02216,0.02754,0.00628,0.0305,0.02488,0.3885,0.3899,
1.501,0.1998,0.06155,0.005326,0.006638,0.0365,0.02209,0.02752,0.006271,0.03058,0.0247,0.3885,0.3903,
1.499,0.2,0.06097,0.005327,0.006638,0.0365,0.02189,0.0275,0.00624,0.03078,0.02451,0.3885,0.3911,
1.505,0.1948,0.0635,0.00528,0.006636,0.0363,0.02182,0.02751,0.006217,0.03125,0.02483,0.3883,0.3884,
1.503,0.1972,0.06323,0.005247,0.006639,0.03606,0.0219,0.02743,0.006189,0.03127,0.02473,0.3885,0.3888,
1.502,0.2163,0.06306,0.005249,0.006641,0.03587,0.02199,0.02745,0.006107,0.03168,0.02423,0.3887,0.389,
1.5,0.2116,0.06178,0.00525,0.006642,0.03583,0.02205,0.02731,0.006098,0.03207,0.02385,0.3887,0.3904,
1.496,0.2077,0.06013,0.005217,0.006645,0.03578,0.02209,0.02728,0.006099,0.03219,0.02374,0.3888,0.392,
1.496,0.2028,0.06003,0.005217,0.006646,0.03582,0.02197,0.02727,0.0061,0.03261,0.02332,0.3888,0.3922,
1.503,0.2086,0.06332,0.005213,0.006644,0.03577,0.02259,0.02664,0.006207,0.03272,0.02365,0.3886,0.3886,
1.503,0.2017,0.06319,0.005163,0.006641,0.03564,0.02251,0.02661,0.006166,0.03284,0.02394,0.3886,0.3887,
1.511,0.2211,0.0631,0.005163,0.006565,0.03568,0.02258,0.02649,0.01437,0.02489,0.02368,0.3886,0.3889,
1.509,0.2183,0.06192,0.005164,0.006566,0.03565,0.02255,0.02643,0.01448,0.02478,0.02364,0.3887,0.3902,
1.508,0.2399,0.06168,0.00516,0.006566,0.03563,0.02237,0.02642,0.01444,0.02489,0.02354,0.3887,0.3906,
1.507,0.2163,0.06151,0.00516,0.006568,0.03571,0.02232,0.02639,0.0145,0.02483,0.02354,0.3887,0.3908,
1.504,0.2151,0.06054,0.00516,0.006569,0.03564,0.02217,0.02724,0.01355,0.02502,0.02336,0.3888,0.392,
1.5,0.2019,0.05912,0.005154,0.006568,0.03552,0.02188,0.02711,0.01364,0.02515,0.02311,0.3889,0.3939,
1.51,0.2261,0.0644,0.005151,0.006568,0.0355,0.02176,0.02713,0.01364,0.02509,0.02354,0.3888,0.3885,
1.508,0.2239,0.06313,0.005144,0.006569,0.03549,0.02174,0.02712,0.01365,0.02504,0.02354,0.3889,0.3897,
1.507,0.2015,0.06298,0.005137,0.00657,0.03554,0.02452,0.02405,0.01369,0.02525,0.02329,0.3889,0.3901,
1.505,0.198,0.06225,0.005129,0.006571,0.03556,0.0245,0.02394,0.01373,0.02526,0.02326,0.389,0.3908,
1.507,0.1968,0.06332,0.005127,0.006571,0.03548,0.02432,0.02397,0.01369,0.02534,0.02343,0.3889,0.3898,
1.505,0.1877,0.06262,0.005128,0.006573,0.03549,0.02414,0.02396,0.01368,0.02555,0.02306,0.389,0.3908,
1.504,0.182,0.06192,0.005128,0.006575,0.03551,0.02427,0.02383,0.01368,0.02569,0.02284,0.3891,0.3915,
1.5,0.1748,0.06051,0.005125,0.006577,0.03544,0.0242,0.02387,0.01371,0.02564,0.02274,0.3892,0.393,
1.499,0.1735,0.05985,0.005031,0.006561,0.03535,0.0242,0.02392,0.01367,0.02589,0.02251,0.3893,0.3937,
1.496,0.1772,0.05894,0.004993,0.006558,0.03536,0.0242,0.02395,0.01356,0.02611,0.02229,0.3894,0.3946,
1.506,0.1813,0.06382,0.004993,0.006559,0.03521,0.02414,0.02389,0.01656,0.02317,0.02231,0.3894,0.3899,
1.506,0.1747,0.06357,0.004993,0.00656,0.03527,0.02414,0.02389,0.01656,0.02321,0.02227,0.3895,0.3901,
1.504,0.1771,0.06249,0.004951,0.006559,0.03528,0.02422,0.02383,0.01666,0.02326,0.02212,0.3895,0.3911,
1.503,0.1813,0.06188,0.004952,0.006562,0.03535,0.02422,0.02387,0.02218,0.01779,0.0218,0.3896,0.3918,
1.499,0.1872,0.06035,0.004953,0.006564,0.03535,0.02416,0.02386,0.02221,0.01812,0.02123,0.3897,0.3935,
1.506,0.1848,0.06334,0.004948,0.006562,0.03543,0.0241,0.02392,0.02221,0.01809,0.02146,0.3896,0.3903,
1.504,0.2108,0.0624,0.004948,0.006563,0.03544,0.02404,0.02392,0.02218,0.01817,0.02138,0.3897,0.3913,
1.501,0.2145,0.06177,0.004949,0.006564,0.03548,0.02344,0.02398,0.02216,0.01812,0.02139,0.3897,0.3924,
1.507,0.1922,0.0648,0.004946,0.00656,0.03546,0.02314,0.02411,0.02195,0.01818,0.02202,0.3895,0.3894,
1.506,0.1904,0.06383,0.004905,0.006551,0.0354,0.02296,0.02418,0.02182,0.01827,0.02243,0.3893,0.3903,
1.504,0.1913,0.06267,0.004902,0.006554,0.0354,0.02311,0.02403,0.02182,0.01839,0.02232,0.3894,0.3914,
1.501,0.1968,0.0618,0.004903,0.006558,0.03524,0.02299,0.02401,0.02183,0.01853,0.02196,0.3896,0.3926,
1.506,0.194,0.06483,0.004902,0.006561,0.03517,0.02299,0.02394,0.02188,0.01887,0.02161,0.3897,0.3896,
1.506,0.1937,0.06482,0.004889,0.006563,0.03524,0.02299,0.02398,0.02181,0.01912,0.02136,0.3897,0.3895,
1.506,0.1781,0.06456,0.004881,0.006564,0.03529,0.02299,0.02402,0.02181,0.01929,0.02115,0.3897,0.3897,
1.506,0.195,0.06399,0.004875,0.006561,0.03541,0.02406,0.02258,0.02175,0.01947,0.02172,0.3894,0.3901,
1.508,0.1885,0.0642,0.004851,0.006561,0.03549,0.02404,0.02257,0.02439,0.01688,0.02229,0.3892,0.3895,
1.508,0.206,0.06501,0.004819,0.006558,0.03538,0.02372,0.02246,0.02456,0.01727,0.02204,0.3891,0.389,
1.508,0.188,0.06481,0.004817,0.006558,0.03514,0.02353,0.02245,0.02455,0.01782,0.02186,0.3891,0.3894,
1.506,0.1913,0.06443,0.004816,0.00656,0.03504,0.02316,0.02241,0.02469,0.01776,0.02179,0.3892,0.3902,
1.505,0.2104,0.06473,0.00481,0.00656,0.03509,0.02306,0.02913,0.02027,0.01553,0.02194,0.3891,0.3897,
1.503,0.1938,0.06382,0.004763,0.00656,0.03507,0.02279,0.02912,0.02034,0.01549,0.02188,0.3892,0.391,
1.506,0.1861,0.06575,0.00476,0.00656,0.03473,0.02241,0.02916,0.0203,0.01595,0.02192,0.3892,0.3893,
1.503,0.1861,0.06441,0.004713,0.006562,0.03464,0.02236,0.02918,0.02031,0.01631,0.02145,0.3893,0.3908,
1.505,0.2112,0.06486,0.004704,0.006559,0.03456,0.02227,0.0292,0.02026,0.01634,0.02213,0.3891,0.39,
1.503,0.1918,0.06406,0.004594,0.00656,0.03445,0.02232,0.02922,0.02034,0.01631,0.02197,0.3893,0.3909,
1.506,0.1922,0.0654,0.004585,0.006559,0.03442,0.02576,0.02584,0.02034,0.01664,0.02185,0.3893,0.3893,
1.506,0.193,0.06518,0.004584,0.006561,0.03428,0.02577,0.02592,0.02039,0.01713,0.02124,0.3893,0.3896,
1.503,0.1868,0.0637,0.004537,0.00656,0.03432,0.02578,0.02593,0.02044,0.01723,0.02099,0.3894,0.3911,
1.506,0.1865,0.06519,0.004515,0.006559,0.03429,0.02579,0.02581,0.0205,0.0172,0.02134,0.3893,0.3895,
1.504,0.1783,0.06462,0.004515,0.00656,0.03423,0.02556,0.02581,0.02052,0.01729,0.02123,0.3894,0.3903,
1.508,0.2002,0.06517,0.0045,0.006546,0.03413,0.02554,0.02587,0.02041,0.01756,0.02218,0.389,0.3891,
1.506,0.2066,0.06455,0.0045,0.006548,0.03403,0.02535,0.0259,0.02039,0.01768,0.02207,0.3891,0.3899,
1.502,0.1886,0.06267,0.004409,0.006549,0.03385,0.02527,0.02587,0.02038,0.01776,0.02191,0.3892,0.3921,
1.5,0.1839,0.062,0.004396,0.006551,0.03388,0.02516,0.02583,0.02036,0.01776,0.02179,0.3893,0.393,
1.504,0.2133,0.06443,0.004341,0.006546,0.03364,0.02512,0.02581,0.02036,0.01784,0.02214,0.3892,0.3905,
1.501,0.1733,0.06322,0.004322,0.006534,0.03358,0.025,0.02581,0.02051,0.01776,0.02208,0.3893,0.3919,
1.508,0.163,0.06599,0.00432,0.00653,0.03357,0.02475,0.02585,0.0205,0.01769,0.02286,0.389,0.3889,
1.504,0.1734,0.06495,0.004314,0.006527,0.03348,0.0243,0.02585,0.02045,0.01815,0.0224,0.3891,0.3905,
1.502,0.2146,0.06413,0.004315,0.006529,0.03355,0.02412,0.02586,0.02051,0.01857,0.02179,0.3892,0.3915,
1.5,0.1754,0.06337,0.004309,0.006529,0.03359,0.02394,0.02576,0.02051,0.01863,0.02172,0.3892,0.3924,
1.499,0.1703,0.06278,0.004306,0.00653,0.03359,0.02383,0.02577,0.02058,0.01857,0.02173,0.3893,0.3931,
1.497,0.1859,0.06191,0.004306,0.006531,0.03361,0.02384,0.02577,0.02058,0.01869,0.02161,0.3893,0.3938,
1.506,0.1739,0.0664,0.004305,0.00653,0.03353,0.02387,0.02578,0.02053,0.01878,0.02183,0.3893,0.3891,
1.508,0.1796,0.0666,0.004302,0.006526,0.03348,0.02376,0.02569,0.02061,0.01925,0.02202,0.3891,0.3887,
1.508,0.1739,0.06597,0.0043,0.006522,0.03358,0.02369,0.02565,0.0206,0.01939,0.02246,0.3888,0.389,
1.507,0.1757,0.06487,0.0043,0.006522,0.0337,0.02377,0.02556,0.02062,0.01939,0.02238,0.3889,0.39,
1.509,0.1979,0.06611,0.004291,0.006516,0.0337,0.0233,0.02555,0.02056,0.01956,0.0229,0.3886,0.3889,
1.506,0.183,0.06504,0.004287,0.006517,0.03366,0.02302,0.02554,0.02058,0.01968,0.02274,0.3887,0.3902,
1.51,0.1668,0.06667,0.004285,0.006516,0.03358,0.02287,0.02561,0.02053,0.01976,0.02311,0.3886,0.3885,
1.507,0.1686,0.06535,0.004285,0.006516,0.03361,0.02277,0.02561,0.02054,0.01971,0.02311,0.3886,0.3899,
1.51,0.1754,0.06672,0.004279,0.006515,0.03365,0.02265,0.02549,0.02298,0.01738,0.02337,0.3885,0.3885,
1.509,0.1858,0.06615,0.004195,0.006518,0.0337,0.02265,0.02558,0.0229,0.01765,0.0231,0.3886,0.389,
1.51,0.1889,0.06678,0.004193,0.006517,0.03367,0.02241,0.02558,0.02286,0.01803,0.02309,0.3885,0.3884,
1.507,0.1876,0.06509,0.004181,0.006519,0.03368,0.02257,0.02547,0.02286,0.01815,0.02279,0.3886,0.3901,
1.504,0.1841,0.06423,0.004171,0.006521,0.03366,0.02248,0.02543,0.02287,0.01821,0.0226,0.3887,0.3911,
1.51,0.2056,0.0666,0.004148,0.006515,0.03364,0.02225,0.02545,0.02277,0.0182,0.02358,0.3883,0.3885,
1.507,0.1879,0.06561,0.004123,0.006516,0.03373,0.02914,0.0185,0.02276,0.0184,0.02328,0.3884,0.3895,
1.51,0.1751,0.06667,0.004097,0.006515,0.03382,0.02917,0.01846,0.02284,0.01847,0.02334,0.3884,0.3883,
1.508,0.1762,0.06615,0.004097,0.006516,0.03386,0.02898,0.01854,0.0228,0.01843,0.02334,0.3884,0.3889,
1.504,0.1725,0.06433,0.00405,0.006516,0.03376,0.02891,0.01858,0.02276,0.01851,0.02327,0.3884,0.3909,
1.503,0.1807,0.06345,0.004042,0.006519,0.03387,0.02882,0.01868,0.0227,0.01872,0.02288,0.3885,0.3918,
1.502,0.1756,0.06319,0.004042,0.00652,0.03392,0.02889,0.01866,0.02271,0.01902,0.02246,0.3886,0.392,
1.508,0.1947,0.06652,0.004013,0.006519,0.03402,0.02885,0.01874,0.02261,0.01937,0.02216,0.3886,0.3886,
1.507,0.1738,0.06586,0.004013,0.006519,0.03406,0.02869,0.01869,0.0226,0.01937,0.02216,0.3886,0.3895,
1.503,0.1732,0.06463,0.003925,0.006519,0.03405,0.02864,0.01865,0.02252,0.01949,0.02197,0.3886,0.391,
1.509,0.1739,0.06723,0.003918,0.006515,0.03412,0.02823,0.01856,0.02254,0.01981,0.02238,0.3884,0.3883,
1.507,0.2129,0.06662,0.003919,0.006517,0.03424,0.02816,0.01865,0.02247,0.01981,0.02212,0.3885,0.389,
