entropy,entropyInd,RabA,RabB,RabC,RabD,RabE,RabF,RabG,RabH,RabI,xER,xPM,
2.052,0.2279,0.2985,0.0709,0.05354,0.09783,0.04259,0.03078,0.02393,0.02663,0.02738,0.164,0.164,
1.696,0.2218,0.1492,0.03474,0.02623,0.04748,0.02087,0.01508,0.01172,0.01305,0.01717,0.3327,0.3317,
1.701,0.2211,0.1494,0.03468,0.02625,0.04703,0.02088,0.01509,0.01173,0.01305,0.01921,0.3309,0.3317,
1.7,0.2613,0.1492,0.03457,0.02625,0.04689,0.02089,0.0151,0.01174,0.01306,0.01922,0.3312,0.3319,
1.7,0.236,0.1488,0.03459,0.02626,0.04675,0.02091,0.01511,0.01174,0.01307,0.01924,0.3314,0.3321,
1.713,0.237,0.1495,0.03459,0.02627,0.04676,0.02091,0.01511,0.01175,0.01307,0.02373,0.327,0.3314,
1.709,0.2336,0.148,0.03434,0.02614,0.04653,0.02081,0.01504,0.01169,0.01301,0.02361,0.3303,0.3306,
1.709,0.235,0.1476,0.03435,0.02615,0.04656,0.02082,0.01505,0.01169,0.01302,0.02362,0.3304,0.3307,
1.706,0.2387,0.1472,0.0343,0.02611,0.04649,0.02032,0.01491,0.01168,0.013,0.02359,0.3316,0.3308,
1.703,0.234,0.1462,0.03426,0.02557,0.04634,0.0203,0.0149,0.01167,0.01299,0.02357,0.333,0.3311,
1.701,0.2215,0.1458,0.03407,0.02556,0.04585,0.02004,0.01488,0.01165,0.01297,0.02355,0.3345,0.3312,
1.699,0.2308,0.1458,0.03407,0.02556,0.04585,0.01929,0.01488,0.01165,0.01297,0.02355,0.3345,0.3319,
1.698,0.2242,0.1454,0.03398,0.02556,0.04586,0.0193,0.01489,0.01166,0.01298,0.02356,0.3347,0.3321,
1.698,0.2256,0.1451,0.03399,0.02556,0.04588,0.01931,0.0149,0.01167,0.01298,0.02357,0.3348,0.3323,
1.706,0.224,0.1461,0.03399,0.02556,0.04588,0.01931,0.0149,0.01167,0.01298,0.02638,0.332,0.3313,
1.71,0.2303,0.1474,0.03394,0.02553,0.0455,0.01928,0.01488,0.01165,0.01297,0.02812,0.3314,0.3293,
1.712,0.2236,0.1479,0.03379,0.02553,0.04551,0.01928,0.01488,0.01165,0.01297,0.02858,0.3311,0.3288,
1.71,0.2235,0.148,0.03381,0.02555,0.04487,0.01904,0.01489,0.01166,0.01298,0.0286,0.3313,0.3293,
1.708,0.2138,0.1478,0.03376,0.02551,0.04464,0.01881,0.01482,0.01164,0.01296,0.02855,0.3325,0.329,
1.711,0.2234,0.1487,0.03371,0.02547,0.04457,0.01878,0.01479,0.01162,0.01294,0.02967,0.3324,0.3273,
1.709,0.2242,0.1482,0.03348,0.02536,0.04443,0.01872,0.01475,0.01159,0.0129,0.02958,0.3347,0.3263,
1.709,0.2256,0.1482,0.03348,0.02536,0.04443,0.01872,0.01475,0.01159,0.0129,0.02958,0.3347,0.3263,
1.707,0.2262,0.1475,0.03345,0.02536,0.04443,0.01831,0.01475,0.01159,0.0129,0.02958,0.3347,0.3274,
1.706,0.2261,0.1471,0.03326,0.02536,0.04443,0.01831,0.01475,0.01159,0.0129,0.02958,0.3347,0.3281,
1.702,0.226,0.1466,0.03316,0.02528,0.04412,0.01784,0.01466,0.0115,0.01286,0.02948,0.337,0.3275,
1.701,0.2326,0.1464,0.0331,0.02524,0.04404,0.01781,0.01464,0.01148,0.01283,0.02943,0.3381,0.327,
1.697,0.2329,0.1454,0.03292,0.02519,0.04396,0.01708,0.01457,0.0114,0.01281,0.02939,0.3393,0.328,
1.696,0.2311,0.1451,0.03286,0.02515,0.04388,0.01705,0.01454,0.01139,0.01279,0.02934,0.3404,0.3275,
1.696,0.2278,0.1451,0.03286,0.02515,0.04388,0.01705,0.01454,0.01139,0.01279,0.02934,0.3404,0.3275,
1.696,0.2315,0.1451,0.03286,0.02515,0.04388,0.01705,0.01454,0.01139,0.01279,0.02934,0.3404,0.3275,
1.693,0.2282,0.1447,0.03276,0.02507,0.04343,0.01699,0.0145,0.01135,0.01275,0.02925,0.3427,0.3265,
1.689,0.2303,0.1442,0.03264,0.02502,0.04314,0.0164,0.01441,0.01126,0.01265,0.02907,0.345,0.3262,
1.709,0.2304,0.1454,0.03268,0.02504,0.04399,0.0164,0.01441,0.01142,0.01249,0.03642,0.3378,0.3239,
1.719,0.2151,0.1471,0.03269,0.02513,0.04493,0.01641,0.01441,0.01142,0.01282,0.03911,0.3349,0.3211,
1.719,0.2306,0.1471,0.03277,0.02513,0.04493,0.01641,0.01549,0.01107,0.0121,0.03911,0.3349,0.3211,
1.718,0.216,0.1469,0.03252,0.0252,0.04449,0.01642,0.0155,0.01108,0.01211,0.03914,0.3352,0.3214,
1.719,0.2221,0.1462,0.03235,0.02519,0.04485,0.0164,0.01568,0.01086,0.01367,0.03751,0.3364,0.3209,
1.716,0.2209,0.1462,0.03235,0.02461,0.04425,0.01641,0.01568,0.0121,0.01244,0.03753,0.3366,0.3218,
1.714,0.2238,0.1459,0.03235,0.02459,0.04417,0.01581,0.01566,0.01208,0.01281,0.03707,0.3377,0.3218,
1.715,0.1939,0.1454,0.03239,0.02459,0.04464,0.01581,0.01566,0.01208,0.01338,0.0365,0.3377,0.3218,
1.717,0.197,0.1439,0.03236,0.02468,0.04601,0.01581,0.01566,0.01208,0.01338,0.03651,0.3377,0.3219,
1.717,0.2018,0.1437,0.03242,0.02469,0.04602,0.01601,0.01547,0.01208,0.01363,0.03628,0.3378,0.322,
1.718,0.1985,0.1436,0.03249,0.0247,0.04602,0.01601,0.01547,0.01208,0.01433,0.03558,0.3378,0.322,
1.721,0.1999,0.1441,0.03251,0.0247,0.04602,0.01601,0.01547,0.01239,0.01441,0.03613,0.3369,0.3214,
1.72,0.2019,0.1438,0.03258,0.02473,0.04548,0.01599,0.01545,0.01237,0.01439,0.03608,0.3381,0.321,
1.719,0.2162,0.1434,0.03259,0.02473,0.04541,0.01596,0.01542,0.01235,0.01483,0.03556,0.3393,0.3205,
1.723,0.2088,0.1448,0.03255,0.02476,0.04533,0.01593,0.01539,0.01233,0.0148,0.03698,0.3389,0.3183,
1.723,0.2142,0.1447,0.03253,0.0249,0.04517,0.01594,0.0154,0.01233,0.01549,0.0363,0.3389,0.3183,
1.724,0.2141,0.1443,0.03269,0.02491,0.04539,0.01594,0.0154,0.01233,0.01585,0.03594,0.3389,0.3183,
1.719,0.2188,0.1432,0.03266,0.02486,0.04612,0.01591,0.02181,0.005873,0.01583,0.03588,0.3401,0.3178,
1.719,0.2235,0.1428,0.0327,0.02488,0.04604,0.01588,0.02177,0.005863,0.0158,0.03581,0.3412,0.3172,
1.723,0.2757,0.1374,0.03746,0.02488,0.04588,0.01583,0.0217,0.005843,0.01575,0.03569,0.3434,0.3162,
1.729,0.2677,0.139,0.03755,0.02437,0.04575,0.01583,0.0217,0.005844,0.0162,0.0377,0.3411,0.3149,
1.73,0.2667,0.139,0.03756,0.0244,0.04575,0.01583,0.0217,0.005844,0.01698,0.03692,0.3411,0.3149,
1.732,0.2797,0.1399,0.03741,0.02445,0.04633,0.02713,0.01035,0.005835,0.02069,0.03416,0.3412,0.3125,
1.733,0.2828,0.1378,0.03737,0.02445,0.04801,0.02708,0.01033,0.005825,0.02065,0.03411,0.3424,0.312,
1.75,0.2806,0.1404,0.03741,0.02448,0.04801,0.02708,0.01033,0.005825,0.02112,0.04032,0.3357,0.3093,
1.75,0.2825,0.141,0.03728,0.02446,0.04785,0.02603,0.0103,0.005806,0.02105,0.04157,0.3365,0.3082,
1.751,0.2912,0.141,0.03727,0.02449,0.04771,0.02603,0.0103,0.005806,0.02324,0.03938,0.3366,0.3082,
1.752,0.2825,0.1408,0.03713,0.02445,0.04762,0.02594,0.01052,0.005535,0.02317,0.04051,0.3376,0.3068,
1.752,0.2931,0.1407,0.03718,0.0245,0.04762,0.02594,0.01052,0.005535,0.02336,0.04031,0.3376,0.3068,
1.755,0.2835,0.1398,0.03713,0.02453,0.04755,0.0259,0.0105,0.005527,0.02426,0.04113,0.337,0.3067,
1.76,0.2899,0.1398,0.03707,0.02465,0.04715,0.02591,0.0105,0.01083,0.01928,0.04082,0.3371,0.3068,
1.76,0.2924,0.1397,0.03723,0.02468,0.04672,0.02591,0.01051,0.01084,0.0198,0.04032,0.3373,0.307,
1.761,0.2997,0.1395,0.03719,0.02472,0.04694,0.02591,0.01051,0.0112,0.01988,0.03988,0.3373,0.307,
1.76,0.282,0.1392,0.0372,0.0247,0.04645,0.02587,0.01049,0.01118,0.02124,0.03845,0.3386,0.3066,
1.759,0.2856,0.1389,0.03719,0.02481,0.04618,0.02589,0.0105,0.01119,0.02125,0.03848,0.3388,0.3068,
1.761,0.2893,0.138,0.03721,0.02486,0.04705,0.02589,0.0105,0.01119,0.02201,0.03771,0.3388,0.3068,
1.761,0.2887,0.1376,0.03727,0.02493,0.04706,0.02589,0.0105,0.01145,0.02176,0.03773,0.3389,0.3069,
1.761,0.2888,0.1373,0.03723,0.02496,0.04714,0.0259,0.01051,0.01145,0.02177,0.03774,0.339,0.307,
1.764,0.2921,0.138,0.03725,0.02504,0.04714,0.0259,0.01051,0.01145,0.02177,0.03848,0.3383,0.3062,
1.764,0.2762,0.1379,0.03723,0.02509,0.04714,0.0259,0.01051,0.01145,0.02177,0.03848,0.3383,0.3062,
1.775,0.285,0.1379,0.03729,0.02509,0.04714,0.0259,0.01051,0.01777,0.01545,0.04307,0.3337,0.3062,
1.776,0.2843,0.1371,0.03735,0.0251,0.0477,0.02591,0.01051,0.01778,0.01545,0.04307,0.3337,0.3063,
1.783,0.2858,0.1366,0.03738,0.02508,0.04782,0.02586,0.01049,0.01775,0.01644,0.04564,0.3312,0.3058,
1.787,0.3167,0.1361,0.03728,0.02503,0.04766,0.02578,0.01046,0.01769,0.0175,0.04669,0.3311,0.3048,
1.79,0.2931,0.136,0.03735,0.02507,0.04752,0.02578,0.01046,0.0182,0.01699,0.0482,0.3296,0.3048,
1.789,0.2855,0.1356,0.03733,0.02515,0.0473,0.02594,0.01289,0.01582,0.01668,0.04813,0.3308,0.3044,
1.795,0.3226,0.131,0.04188,0.02522,0.0473,0.02594,0.01289,0.01607,0.01643,0.04813,0.3308,0.3044,
1.796,0.3192,0.1308,0.04206,0.02526,0.0473,0.02594,0.01289,0.01607,0.01715,0.04741,0.3308,0.3044,
1.794,0.321,0.1303,0.04193,0.02521,0.04703,0.02586,0.01285,0.01602,0.01709,0.04726,0.333,0.3034,
1.794,0.3302,0.1302,0.04185,0.0253,0.04693,0.02586,0.01285,0.01618,0.0173,0.04687,0.3331,0.3035,
1.795,0.3248,0.1288,0.04184,0.02532,0.04828,0.02586,0.01285,0.01618,0.01765,0.04652,0.3331,0.3035,
