entropy,entropyInd,RabA,RabB,RabC,RabD,RabE,RabF,RabG,RabH,RabI,xER,xPM,
1.751,0.2279,0.1642,0.03902,0.02947,0.05384,0.02344,0.01694,0.01317,0.01465,0.01507,0.3145,0.3157,
1.749,0.2297,0.1633,0.03893,0.02939,0.05337,0.02339,0.0169,0.01314,0.01462,0.01503,0.3169,0.315,
1.747,0.2275,0.1628,0.03881,0.0293,0.0532,0.02331,0.01685,0.0131,0.01457,0.01498,0.3191,0.314,
1.747,0.2286,0.162,0.03881,0.0293,0.0532,0.02331,0.01685,0.0131,0.01457,0.01498,0.3191,0.3148,
1.744,0.231,0.162,0.0388,0.02931,0.05306,0.02247,0.01685,0.0131,0.01457,0.01498,0.3192,0.3157,
1.742,0.2402,0.1614,0.03879,0.02933,0.0531,0.02179,0.01681,0.01311,0.01459,0.01499,0.3194,0.3167,
1.739,0.2862,0.1604,0.03869,0.02925,0.05296,0.02145,0.01676,0.01307,0.01455,0.01496,0.3218,0.3161,
1.737,0.2795,0.1592,0.03871,0.02928,0.05301,0.02081,0.01678,0.01309,0.01456,0.01497,0.3221,0.3176,
1.736,0.2838,0.1589,0.03872,0.02929,0.05303,0.02054,0.01678,0.01309,0.01457,0.01498,0.3222,0.318,
1.735,0.2755,0.1582,0.03869,0.02927,0.05261,0.02053,0.01677,0.01308,0.01456,0.01496,0.3236,0.3177,
1.733,0.2724,0.1581,0.03869,0.02871,0.05262,0.02053,0.01678,0.01308,0.01456,0.01497,0.3236,0.3184,
1.733,0.281,0.1576,0.03869,0.02871,0.05263,0.02053,0.01678,0.01309,0.01456,0.01497,0.3237,0.3187,
1.733,0.2782,0.1573,0.0387,0.02873,0.05265,0.02054,0.01679,0.01309,0.01457,0.01498,0.3238,0.3188,
1.733,0.271,0.1572,0.03871,0.02873,0.05266,0.02055,0.01679,0.01309,0.01457,0.01498,0.3239,0.3189,
1.733,0.277,0.1567,0.03871,0.02873,0.05266,0.02055,0.01679,0.01309,0.01457,0.01498,0.3239,0.3194,
1.729,0.2722,0.1564,0.03837,0.02861,0.05231,0.02006,0.01677,0.01308,0.01456,0.01496,0.3253,0.3196,
1.728,0.2722,0.1561,0.03831,0.02856,0.05222,0.02003,0.01675,0.01306,0.01453,0.01494,0.3264,0.3191,
1.726,0.2773,0.1544,0.03815,0.02853,0.05219,0.01983,0.01669,0.013,0.01452,0.01493,0.3278,0.32,
1.726,0.2721,0.1541,0.03815,0.02854,0.05221,0.01984,0.0167,0.013,0.01453,0.01493,0.3279,0.3201,
1.725,0.2732,0.1527,0.03816,0.02855,0.05222,0.01984,0.0167,0.013,0.01453,0.01494,0.328,0.3214,
1.724,0.2843,0.1527,0.03816,0.02855,0.05222,0.01956,0.0167,0.013,0.01453,0.01494,0.328,0.3217,
1.723,0.281,0.1527,0.03814,0.02851,0.05196,0.01957,0.01671,0.01301,0.01454,0.01494,0.3281,0.3218,
1.723,0.2948,0.1527,0.03814,0.02851,0.05196,0.01957,0.01671,0.01301,0.01454,0.01494,0.3281,0.3218,
1.723,0.2843,0.1522,0.03811,0.02851,0.05196,0.01957,0.01671,0.01301,0.01454,0.01494,0.3281,0.3224,
1.721,0.2851,0.152,0.03807,0.02852,0.05189,0.01911,0.01671,0.01301,0.01454,0.01495,0.3282,0.323,
1.719,0.3065,0.1514,0.03795,0.02843,0.05156,0.01905,0.01666,0.01297,0.0145,0.0149,0.3305,0.322,
1.719,0.2953,0.1514,0.03795,0.02843,0.05156,0.01905,0.01666,0.01297,0.0145,0.0149,0.3305,0.322,
1.715,0.2895,0.1504,0.03789,0.02753,0.05149,0.01903,0.01664,0.01296,0.01448,0.01488,0.3317,0.323,
1.715,0.2918,0.1504,0.03789,0.02753,0.05149,0.01903,0.01664,0.01296,0.01448,0.01488,0.3317,0.323,
1.715,0.2892,0.1503,0.03777,0.02754,0.0515,0.01903,0.01664,0.01296,0.01448,0.01488,0.3318,0.3231,
1.712,0.2964,0.1499,0.03772,0.0275,0.05142,0.01828,0.01662,0.01294,0.01446,0.01486,0.3329,0.3234,
1.711,0.298,0.1495,0.03773,0.02753,0.05134,0.01825,0.01659,0.01461,0.01297,0.01461,0.334,0.3228,
1.713,0.3584,0.144,0.04319,0.02704,0.05117,0.02516,0.009693,0.01461,0.01297,0.01462,0.3341,0.3234,
1.713,0.361,0.144,0.0432,0.02708,0.05117,0.02488,0.009693,0.01461,0.01297,0.01462,0.3341,0.3237,
1.713,0.3436,0.1435,0.04346,0.02713,0.05101,0.025,0.009582,0.01461,0.01298,0.01462,0.3342,0.3238,
1.713,0.3502,0.1434,0.04357,0.02718,0.05085,0.025,0.009581,0.01461,0.01379,0.01381,0.3343,0.3239,
1.719,0.3813,0.1375,0.04891,0.02722,0.05143,0.02518,0.009402,0.01461,0.01379,0.01381,0.3343,0.3239,
1.717,0.3809,0.1372,0.04882,0.02688,0.05135,0.02514,0.009387,0.01494,0.01342,0.01378,0.3354,0.3237,
1.716,0.3908,0.1368,0.04842,0.02687,0.05129,0.02511,0.009733,0.01456,0.0134,0.01377,0.3367,0.3233,
1.715,0.3937,0.136,0.04822,0.0269,0.05152,0.02508,0.00972,0.01477,0.01316,0.01375,0.3379,0.3229,
1.713,0.3957,0.135,0.04815,0.02681,0.0518,0.025,0.009687,0.01494,0.01289,0.0137,0.3402,0.3218,
1.712,0.3969,0.135,0.04814,0.02684,0.05164,0.02482,0.009645,0.0153,0.01248,0.01371,0.3402,0.3222,
1.717,0.4344,0.1301,0.05295,0.02696,0.05164,0.02482,0.009645,0.0153,0.01248,0.01371,0.3402,0.3222,
1.716,0.4214,0.1296,0.05299,0.02694,0.05156,0.02478,0.00963,0.01528,0.01298,0.01317,0.3414,0.3217,
1.715,0.4263,0.1293,0.0528,0.02702,0.05147,0.02496,0.009392,0.0156,0.01261,0.01315,0.3425,0.3211,
