entropy,entropyInd,RabA,RabB,RabC,RabD,RabE,RabF,RabG,RabH,RabI,xER,xPM,
0.8684,0.4196,0.0113,0.008895,0.009409,0.01005,0.007531,0.004842,0.003547,0.005856,0.008246,0.1865,0.7438,
0.8696,0.404,0.01139,0.008892,0.009406,0.01004,0.007513,0.004836,0.003541,0.005854,0.008434,0.1866,0.7435,
0.8702,0.3978,0.01139,0.008889,0.009403,0.01004,0.007472,0.004835,0.00354,0.005852,0.008582,0.1868,0.7432,
0.8709,0.399,0.0116,0.008889,0.009401,0.01002,0.007413,0.004834,0.00354,0.005852,0.008633,0.1867,0.7431,
0.8708,0.3683,0.0116,0.008889,0.0094,0.01001,0.007355,0.004829,0.003539,0.005852,0.008733,0.1866,0.7432,
0.8704,0.3705,0.01159,0.008888,0.009358,0.009979,0.007308,0.004824,0.003539,0.005851,0.008732,0.1867,0.7432,
0.8702,0.3727,0.01163,0.008879,0.009354,0.009938,0.007172,0.004824,0.003539,0.005851,0.008906,0.1866,0.7433,
0.8694,0.3787,0.01162,0.008865,0.009348,0.009892,0.007068,0.00482,0.003534,0.005851,0.008906,0.1866,0.7435,
0.8686,0.3846,0.01162,0.008864,0.009348,0.009866,0.006925,0.004816,0.003534,0.005851,0.008906,0.1866,0.7437,
0.8704,0.3715,0.01168,0.008856,0.009338,0.009834,0.006862,0.004808,0.003527,0.005847,0.009382,0.1867,0.7432,
0.8705,0.3664,0.01174,0.008856,0.009283,0.009791,0.006823,0.004808,0.003526,0.005847,0.009523,0.1865,0.7433,
0.8701,0.368,0.01173,0.008828,0.00926,0.009775,0.006783,0.004808,0.003526,0.005846,0.009522,0.1866,0.7433,
0.8692,0.3778,0.01172,0.008826,0.009258,0.009664,0.006706,0.004804,0.003521,0.005846,0.009523,0.1867,0.7435,
0.8689,0.3695,0.01172,0.008825,0.009259,0.009609,0.00669,0.0048,0.003516,0.005846,0.009523,0.1867,0.7435,
0.8696,0.3649,0.01175,0.008819,0.009257,0.009558,0.006628,0.00479,0.003517,0.005846,0.009923,0.1863,0.7436,
0.8695,0.3669,0.01175,0.008819,0.009257,0.00953,0.006627,0.00479,0.003516,0.005846,0.009923,0.1863,0.7436,
0.8697,0.3611,0.01183,0.008819,0.009257,0.009515,0.006507,0.00479,0.003516,0.005846,0.0101,0.1861,0.7437,
0.8697,0.3739,0.01183,0.008818,0.009255,0.009504,0.006507,0.00479,0.003516,0.005846,0.0101,0.1861,0.7437,
0.8703,0.37,0.01194,0.008818,0.009255,0.009475,0.006507,0.004789,0.003516,0.005846,0.01021,0.186,0.7436,
0.8714,0.3669,0.01213,0.0088,0.009214,0.00945,0.006456,0.004786,0.003512,0.005842,0.01056,0.1857,0.7436,
0.8713,0.3569,0.0121,0.0088,0.009215,0.009436,0.006456,0.004787,0.003512,0.005842,0.01056,0.1857,0.7436,
0.8666,0.354,0.01123,0.008735,0.009189,0.009404,0.006358,0.004782,0.003511,0.005842,0.01055,0.1857,0.7447,
0.8635,0.3492,0.01058,0.008665,0.009127,0.009379,0.006207,0.004777,0.003507,0.005836,0.01054,0.1866,0.7448,
0.8615,0.3482,0.01028,0.008656,0.009126,0.0093,0.006077,0.004766,0.003503,0.005836,0.01068,0.1864,0.7453,
0.8633,0.3549,0.01042,0.008656,0.009127,0.00926,0.006078,0.004766,0.003503,0.005836,0.01114,0.186,0.7452,
0.8601,0.3476,0.009919,0.0086,0.009114,0.009236,0.00586,0.004744,0.0035,0.00582,0.01112,0.1865,0.7456,
0.8587,0.3446,0.009675,0.008587,0.009064,0.009222,0.005836,0.004738,0.003492,0.005816,0.01119,0.1864,0.746,
0.8573,0.3431,0.009473,0.008585,0.009064,0.009187,0.005779,0.004738,0.003491,0.005815,0.01118,0.1864,0.7463,
0.8567,0.3431,0.009407,0.008575,0.009061,0.009171,0.005734,0.004738,0.003492,0.005816,0.01118,0.1864,0.7464,
0.8563,0.3382,0.009296,0.008515,0.009051,0.009153,0.00573,0.004727,0.003492,0.005816,0.01137,0.1862,0.7466,
0.8554,0.3361,0.009147,0.008492,0.00905,0.009144,0.00573,0.004727,0.003491,0.005815,0.01136,0.1862,0.7468,
0.8554,0.3508,0.009029,0.008491,0.009055,0.009142,0.005765,0.004714,0.003484,0.006051,0.01111,0.1865,0.7467,
0.8537,0.3548,0.008816,0.008468,0.009065,0.009051,0.005716,0.004702,0.003497,0.006205,0.0109,0.1865,0.7471,
0.8527,0.3523,0.009002,0.008458,0.009076,0.009035,0.008338,0.002007,0.003522,0.006551,0.01064,0.1865,0.7469,
0.8518,0.3531,0.008797,0.008423,0.009082,0.009059,0.008338,0.002007,0.003561,0.00675,0.0104,0.1865,0.7471,
0.8516,0.3518,0.008785,0.008418,0.009096,0.009007,0.008355,0.002007,0.003542,0.006856,0.01029,0.1865,0.7472,
0.8511,0.3617,0.008758,0.008416,0.009107,0.008989,0.008429,0.001946,0.00353,0.007138,0.009915,0.1865,0.7473,
0.8513,0.3811,0.008684,0.008411,0.00907,0.00898,0.00841,0.001941,0.004807,0.006323,0.009454,0.1865,0.7474,
0.8518,0.3769,0.00862,0.008409,0.009072,0.008989,0.008352,0.001947,0.004763,0.007383,0.008631,0.1865,0.7474,
0.8525,0.3663,0.008641,0.008412,0.009084,0.008989,0.008303,0.001935,0.004763,0.007538,0.008739,0.1862,0.7474,
0.8514,0.3706,0.008508,0.008412,0.009024,0.008996,0.008295,0.001897,0.004763,0.007738,0.008539,0.1862,0.7476,
0.851,0.3563,0.008396,0.008416,0.009033,0.008996,0.008331,0.001862,0.004763,0.008063,0.008213,0.1862,0.7477,
0.8504,0.359,0.008373,0.008435,0.009037,0.008996,0.00829,0.001851,0.004796,0.008264,0.00789,0.1863,0.7478,
0.8518,0.3603,0.008426,0.008454,0.009043,0.008959,0.008274,0.001847,0.004815,0.008261,0.008253,0.1859,0.7478,
0.8472,0.3617,0.008381,0.008458,0.009042,0.008946,0.007265,0.001852,0.004766,0.008283,0.008204,0.1864,0.7484,
0.8462,0.3646,0.008368,0.008469,0.009043,0.008932,0.007265,0.001883,0.004778,0.008352,0.007782,0.1867,0.7484,
0.8465,0.3684,0.008396,0.008462,0.008996,0.008904,0.007206,0.001883,0.004778,0.0084,0.007996,0.1864,0.7486,
0.8499,0.3629,0.008545,0.008446,0.009014,0.008889,0.007243,0.001864,0.004778,0.008381,0.008928,0.1855,0.7485,
0.8497,0.3852,0.00861,0.008448,0.008982,0.008889,0.007157,0.004768,0.001874,0.008381,0.008928,0.1855,0.7485,
0.8498,0.3721,0.008731,0.008446,0.00899,0.008889,0.00709,0.004769,0.001874,0.008469,0.008803,0.1855,0.7485,
0.8518,0.3744,0.008716,0.00843,0.008988,0.008848,0.006974,0.004763,0.001908,0.008421,0.009253,0.1861,0.7476,
0.8515,0.3767,0.00869,0.008454,0.008991,0.008833,0.006912,0.004763,0.001908,0.008584,0.00909,0.1861,0.7476,
0.8504,0.3716,0.008485,0.008449,0.008956,0.008968,0.006818,0.004744,0.001907,0.008752,0.008918,0.1861,0.7479,
0.8493,0.3808,0.008295,0.008453,0.00896,0.00896,0.006743,0.004744,0.001946,0.008892,0.008741,0.1861,0.7481,
0.8487,0.3677,0.00824,0.008451,0.008963,0.00896,0.006763,0.004678,0.001946,0.008892,0.008682,0.1862,0.7482,
0.8496,0.3712,0.008329,0.008432,0.008865,0.008918,0.006699,0.004659,0.001945,0.009027,0.009074,0.1857,0.7484,
0.8497,0.3753,0.008307,0.008435,0.008871,0.0089,0.006657,0.004668,0.001932,0.00929,0.008802,0.1861,0.7481,
0.849,0.3677,0.00813,0.008418,0.008874,0.008868,0.006583,0.004653,0.001963,0.009259,0.009022,0.1859,0.7483,
0.8483,0.3716,0.008037,0.008403,0.008875,0.008775,0.006559,0.004652,0.001981,0.009316,0.008943,0.1861,0.7484,
0.848,0.3711,0.007979,0.008401,0.008884,0.008795,0.006536,0.004652,0.001981,0.009428,0.008832,0.1861,0.7484,
0.8496,0.3682,0.008035,0.008403,0.008891,0.008765,0.006493,0.004652,0.001981,0.009588,0.009224,0.1855,0.7484,
0.8489,0.3707,0.007813,0.008414,0.008889,0.008771,0.006499,0.004712,0.001908,0.009776,0.008966,0.186,0.7483,
0.8484,0.3793,0.007803,0.008413,0.008891,0.008723,0.006461,0.004712,0.001908,0.01051,0.008229,0.186,0.7483,
0.8479,0.375,0.007785,0.008415,0.008863,0.008723,0.006431,0.004697,0.001908,0.01057,0.008167,0.186,0.7484,
0.8493,0.3765,0.00786,0.00841,0.008831,0.008708,0.00643,0.004696,0.001942,0.01063,0.00837,0.186,0.7482,
0.8499,0.377,0.007899,0.008401,0.008833,0.008708,0.00639,0.004717,0.001965,0.01083,0.008317,0.1858,0.7482,
0.851,0.3754,0.008065,0.008373,0.008834,0.008647,0.00629,0.004696,0.002014,0.01078,0.008574,0.1859,0.7478,
0.8512,0.3758,0.007939,0.008376,0.008836,0.008624,0.006222,0.004696,0.001995,0.01093,0.008851,0.1855,0.7481,
0.8509,0.3703,0.007836,0.008373,0.00884,0.008607,0.006216,0.00482,0.001849,0.01098,0.0088,0.1858,0.7479,
0.8524,0.3777,0.007761,0.008363,0.008851,0.00878,0.00618,0.004805,0.001883,0.01094,0.009217,0.1854,0.7478,
0.8518,0.3821,0.007669,0.008367,0.008853,0.008742,0.006148,0.004762,0.001978,0.01089,0.00911,0.1858,0.7477,
0.8535,0.3737,0.007736,0.00836,0.008861,0.008734,0.00618,0.004728,0.002028,0.01087,0.009538,0.1853,0.7477,
0.853,0.4019,0.00799,0.008352,0.008875,0.008734,0.009132,0.001777,0.002028,0.01087,0.009833,0.185,0.7474,
0.853,0.3754,0.007959,0.008331,0.008814,0.008687,0.009125,0.001775,0.002027,0.01087,0.009826,0.1856,0.747,
0.8561,0.336,0.008226,0.008333,0.008819,0.008739,0.009106,0.001762,0.002012,0.01087,0.01047,0.185,0.7467,
0.8565,0.3443,0.008201,0.008328,0.008825,0.008712,0.00914,0.001721,0.002036,0.01086,0.01043,0.1855,0.7462,
0.856,0.3357,0.008145,0.008323,0.008795,0.008712,0.009071,0.001721,0.002036,0.01092,0.01047,0.1854,0.7464,
0.8557,0.336,0.008123,0.008302,0.00876,0.008699,0.009071,0.001721,0.002061,0.01099,0.01037,0.1854,0.7465,
0.8557,0.3376,0.008116,0.0083,0.008766,0.008684,0.00908,0.001726,0.002046,0.01114,0.01022,0.1855,0.7464,
0.8565,0.3398,0.008086,0.008296,0.00878,0.008775,0.009065,0.001723,0.002087,0.01114,0.01035,0.1853,0.7464,
0.8575,0.3368,0.008144,0.008313,0.008792,0.008763,0.009065,0.001723,0.002129,0.01113,0.01054,0.1851,0.7463,
0.8581,0.3482,0.00816,0.0083,0.0088,0.008784,0.009065,0.001723,0.002129,0.01116,0.01067,0.185,0.7463,
0.8593,0.347,0.008258,0.008287,0.008809,0.008766,0.009087,0.001694,0.002128,0.01142,0.01049,0.1854,0.7457,
0.8589,0.3525,0.008219,0.008288,0.008818,0.008779,0.009037,0.001675,0.002128,0.01161,0.0103,0.1854,0.7457,
0.8625,0.3474,0.008567,0.008279,0.008827,0.008779,0.008978,0.001675,0.00217,0.01157,0.01106,0.1847,0.7454,
0.8622,0.3443,0.008669,0.008272,0.008796,0.008763,0.008806,0.001695,0.002172,0.01163,0.01107,0.1846,0.7456,
0.8614,0.3465,0.008488,0.008267,0.008772,0.008763,0.008806,0.001695,0.002216,0.01177,0.01089,0.1846,0.7458,
0.8613,0.3498,0.008294,0.008266,0.008777,0.008755,0.008799,0.001694,0.002232,0.01192,0.0107,0.1853,0.7453,
0.8634,0.3461,0.008365,0.008257,0.008787,0.008755,0.00878,0.001709,0.002255,0.01194,0.01125,0.1847,0.7452,
0.8628,0.3523,0.00813,0.008249,0.008799,0.008757,0.008756,0.001703,0.002291,0.01216,0.01098,0.1852,0.745,
0.8623,0.3604,0.008113,0.008251,0.008813,0.008744,0.00861,0.001685,0.002449,0.01217,0.01082,0.1852,0.7452,
0.8614,0.3639,0.008012,0.008252,0.008757,0.008744,0.00844,0.001666,0.00261,0.01223,0.01075,0.185,0.7455,
0.861,0.3611,0.007881,0.008254,0.008764,0.008748,0.008457,0.001673,0.002623,0.01222,0.01071,0.1851,0.7455,
0.8624,0.3564,0.008056,0.008255,0.008774,0.008761,0.008426,0.001665,0.002631,0.0122,0.01096,0.1849,0.7454,
0.8634,0.3562,0.008176,0.008249,0.008787,0.008785,0.008304,0.001665,0.002653,0.0123,0.01114,0.1846,0.7453,
0.8626,0.3681,0.007927,0.008232,0.00879,0.008905,0.008181,0.001676,0.002684,0.01243,0.0109,0.1851,0.7452,
0.8621,0.355,0.007864,0.008227,0.008798,0.008894,0.008131,0.001676,0.002739,0.01237,0.0109,0.1851,0.7453,
0.8611,0.3585,0.007613,0.008224,0.008809,0.008894,0.008162,0.00167,0.002795,0.01243,0.01076,0.1851,0.7456,
0.8631,0.3906,0.007533,0.008227,0.00881,0.008871,0.008121,0.001637,0.005842,0.009514,0.01063,0.1851,0.7458,
0.8643,0.3942,0.007575,0.008206,0.008816,0.008838,0.008004,0.001666,0.005828,0.009738,0.01081,0.185,0.7455,
0.8648,0.3858,0.007527,0.008194,0.008823,0.008814,0.007925,0.001665,0.005898,0.009764,0.01101,0.1849,0.7455,
0.8641,0.3933,0.007486,0.008194,0.008837,0.008824,0.007809,0.001665,0.005898,0.009896,0.01082,0.185,0.7456,
0.8643,0.3869,0.007573,0.008202,0.008842,0.008798,0.007732,0.001657,0.005916,0.009976,0.01079,0.1849,0.7456,
0.8615,0.3891,0.00723,0.008181,0.008841,0.008798,0.007501,0.001657,0.005935,0.009957,0.01079,0.1849,0.7462,
0.8612,0.394,0.007228,0.008174,0.00885,0.008784,0.00744,0.00169,0.005916,0.0103,0.01043,0.1849,0.7462,
0.8595,0.3561,0.006926,0.008159,0.008856,0.008798,0.00735,0.00169,0.005953,0.0104,0.01029,0.185,0.7466,
0.862,0.3549,0.007156,0.008146,0.008872,0.008808,0.007312,0.00169,0.005976,0.01051,0.01071,0.1844,0.7464,
0.861,0.3651,0.007057,0.008146,0.008879,0.008792,0.007242,0.00169,0.005977,0.01085,0.01031,0.1845,0.7466,
0.8612,0.3591,0.007111,0.008144,0.008885,0.008792,0.007058,0.001686,0.005972,0.01095,0.01047,0.1842,0.7467,
0.8599,0.3647,0.006866,0.008142,0.008895,0.008791,0.00702,0.001726,0.005932,0.01129,0.01014,0.1842,0.747,
0.8605,0.3678,0.006957,0.008129,0.008902,0.008777,0.006935,0.001766,0.005902,0.01137,0.01026,0.184,0.747,
0.8612,0.3688,0.006948,0.008117,0.0089,0.008764,0.006925,0.001779,0.00588,0.01163,0.009978,0.1848,0.7463,
0.8619,0.3697,0.006902,0.00812,0.008904,0.008764,0.006943,0.001761,0.00588,0.01189,0.01004,0.1845,0.7463,
0.8606,0.3734,0.006649,0.008117,0.008909,0.008774,0.006962,0.001754,0.005883,0.01201,0.00985,0.1845,0.7466,
0.8636,0.3745,0.00698,0.00812,0.008908,0.008756,0.006936,0.001785,0.005878,0.01207,0.01015,0.1845,0.7459,
0.865,0.3682,0.007203,0.008116,0.008913,0.008753,0.006917,0.001795,0.0059,0.01212,0.01021,0.1843,0.7457,
0.864,0.3721,0.006984,0.008113,0.008917,0.008734,0.006918,0.001795,0.005948,0.01214,0.01015,0.1843,0.746,
0.8639,0.3716,0.006965,0.008107,0.008919,0.008691,0.006898,0.001808,0.005922,0.01234,0.009945,0.1847,0.7457,
0.8626,0.3688,0.006911,0.008105,0.008913,0.008663,0.007491,0.001243,0.005939,0.01248,0.009753,0.1847,0.7458,
0.8619,0.3849,0.006778,0.008105,0.00892,0.008696,0.007641,0.001107,0.005924,0.01261,0.009627,0.1847,0.7459,
0.8603,0.4352,0.006772,0.008105,0.008926,0.00867,0.007631,0.001141,0.01415,0.00441,0.00955,0.1847,0.746,
0.8621,0.446,0.006861,0.008096,0.00894,0.008657,0.007631,0.001165,0.01413,0.006,0.008133,0.1845,0.7459,
0.8618,0.437,0.006788,0.008094,0.00892,0.008642,0.00763,0.001273,0.01405,0.006101,0.007947,0.1847,0.7459,
0.8625,0.3656,0.006865,0.008088,0.008923,0.008641,0.00763,0.001325,0.01403,0.006125,0.007923,0.1847,0.7457,
0.8619,0.3661,0.006713,0.008068,0.008936,0.008681,0.00763,0.001325,0.01415,0.006247,0.007687,0.1847,0.7459,
0.8626,0.3966,0.006871,0.008061,0.008947,0.008681,0.007577,0.001325,0.01421,0.006197,0.00775,0.1846,0.7458,
0.8622,0.3797,0.006864,0.008059,0.008954,0.008667,0.007536,0.001351,0.0142,0.006182,0.007711,0.1847,0.7458,
0.8623,0.3753,0.00684,0.008061,0.008962,0.008683,0.007536,0.001391,0.01416,0.006267,0.007626,0.1847,0.7458,
0.8608,0.3853,0.006618,0.008059,0.00897,0.008622,0.00748,0.001395,0.01414,0.006339,0.007555,0.1847,0.7461,
0.8602,0.363,0.006608,0.008055,0.008885,0.008611,0.007515,0.001359,0.01422,0.006551,0.007265,0.1847,0.7463,
0.8609,0.3489,0.006692,0.00805,0.00889,0.008595,0.007401,0.001429,0.01418,0.006618,0.007332,0.1847,0.7462,
0.8603,0.3947,0.006688,0.008045,0.0089,0.008595,0.007313,0.001429,0.0142,0.006754,0.007123,0.1847,0.7463,
0.8621,0.3653,0.006724,0.008011,0.008896,0.008587,0.007248,0.001519,0.01411,0.006942,0.007518,0.1841,0.7463,
0.8623,0.354,0.006759,0.007991,0.008872,0.008587,0.007248,0.001519,0.01418,0.006878,0.00763,0.184,0.7463,
0.8633,0.3514,0.006875,0.007983,0.008869,0.008581,0.007135,0.00158,0.01417,0.006984,0.007541,0.1844,0.7458,
0.8633,0.3604,0.006798,0.00795,0.008867,0.008579,0.007055,0.001688,0.01408,0.007008,0.007631,0.1845,0.7459,
0.8628,0.3554,0.006767,0.007949,0.008871,0.008577,0.007017,0.001716,0.0141,0.00715,0.007372,0.1846,0.7459,
0.8627,0.3556,0.006756,0.007941,0.00887,0.008551,0.007005,0.001673,0.01409,0.00715,0.00751,0.1844,0.746,
0.8621,0.3537,0.00662,0.007936,0.008883,0.00854,0.007039,0.001665,0.01407,0.00715,0.00751,0.1844,0.7462,
0.8615,0.3659,0.006504,0.007944,0.008888,0.00852,0.007064,0.00164,0.01409,0.007543,0.00709,0.1844,0.7463,
0.8613,0.3567,0.006501,0.007938,0.008854,0.008511,0.007079,0.001673,0.01404,0.007543,0.00709,0.1845,0.7463,
0.8614,0.3576,0.006486,0.007948,0.008859,0.008511,0.007079,0.00172,0.014,0.007543,0.00709,0.1845,0.7463,
0.8614,0.3593,0.006548,0.007946,0.008863,0.008483,0.006978,0.001726,0.01399,0.007595,0.007123,0.1844,0.7464,
0.8621,0.359,0.00664,0.007944,0.008865,0.008483,0.007023,0.001734,0.01398,0.008101,0.00666,0.1843,0.7463,
0.8615,0.3697,0.006582,0.007952,0.008874,0.008437,0.006981,0.001754,0.01403,0.008078,0.006615,0.1843,0.7464,
0.8626,0.3679,0.006568,0.00793,0.008761,0.008427,0.006981,0.002804,0.01298,0.008326,0.006367,0.1843,0.7466,
0.8617,0.3713,0.006447,0.007924,0.00877,0.008427,0.006913,0.002823,0.013,0.008462,0.006185,0.1843,0.7467,
0.8611,0.3904,0.006423,0.00793,0.008775,0.00844,0.006858,0.002845,0.01298,0.008481,0.00609,0.1844,0.7468,
0.8604,0.4075,0.006225,0.007925,0.008777,0.008423,0.006816,0.002855,0.01297,0.008676,0.006061,0.1842,0.7471,
0.86,0.3761,0.006213,0.007927,0.008786,0.008408,0.006757,0.002855,0.01298,0.008799,0.005939,0.1842,0.7472,
0.8605,0.3758,0.006275,0.00792,0.008798,0.008408,0.006739,0.002809,0.01299,0.008944,0.005959,0.184,0.7472,
0.8647,0.3844,0.006439,0.007913,0.008813,0.008408,0.006681,0.004582,0.01116,0.00894,0.006485,0.1835,0.7471,
0.8642,0.3979,0.006431,0.007915,0.008819,0.008408,0.006597,0.004568,0.01117,0.009093,0.006316,0.1835,0.7472,
0.8648,0.3877,0.006558,0.007916,0.008821,0.00842,0.006597,0.004603,0.01117,0.009161,0.006219,0.1835,0.7471,
0.8642,0.3913,0.006329,0.007907,0.008775,0.008371,0.006583,0.004576,0.01122,0.009077,0.006212,0.1844,0.7466,
0.8649,0.3869,0.006332,0.007899,0.008787,0.00833,0.006546,0.004548,0.01126,0.009114,0.006501,0.184,0.7467,
0.8666,0.3891,0.006436,0.007888,0.008791,0.008291,0.006542,0.004589,0.01119,0.009115,0.00695,0.1836,0.7466,
0.8662,0.3828,0.006428,0.007881,0.008757,0.008283,0.006519,0.004589,0.01121,0.009154,0.006893,0.1836,0.7467,
0.8668,0.3727,0.006481,0.007877,0.008765,0.008283,0.006523,0.004539,0.01123,0.009135,0.007059,0.1834,0.7467,
0.8667,0.3703,0.006456,0.007879,0.008768,0.008289,0.006535,0.004605,0.01125,0.009171,0.006931,0.1834,0.7467,
0.8665,0.3731,0.006449,0.007878,0.008776,0.008289,0.006554,0.004541,0.01131,0.009174,0.006864,0.1834,0.7468,
0.8656,0.3767,0.006314,0.007869,0.008787,0.008259,0.006554,0.004624,0.01125,0.009676,0.006345,0.1834,0.7469,
0.8663,0.3831,0.006301,0.007859,0.008788,0.008251,0.00656,0.004641,0.01118,0.009774,0.006231,0.1842,0.7462,
0.8667,0.359,0.006317,0.007838,0.008793,0.008233,0.006498,0.004645,0.01236,0.008647,0.006405,0.1842,0.7461,
0.8675,0.3657,0.006438,0.007818,0.008785,0.008218,0.006498,0.004685,0.01235,0.008672,0.006468,0.184,0.746,
0.8672,0.3841,0.006415,0.007819,0.008789,0.008205,0.006507,0.00473,0.01228,0.008697,0.006393,0.1842,0.746,
0.8663,0.3847,0.006262,0.007814,0.008795,0.008223,0.006498,0.004758,0.01223,0.008832,0.006219,0.1842,0.7462,
0.8657,0.3531,0.0062,0.007794,0.008795,0.00824,0.006452,0.004776,0.01225,0.008902,0.006112,0.1842,0.7463,
0.8621,0.3918,0.006118,0.007784,0.008788,0.008237,0.00647,0.004777,0.01644,0.004774,0.006034,0.1842,0.7464,
0.862,0.3713,0.00611,0.007779,0.008794,0.008215,0.006493,0.004753,0.01644,0.004793,0.006016,0.1842,0.7464,
0.8619,0.3628,0.0061,0.007776,0.008802,0.008192,0.006493,0.00479,0.01643,0.004805,0.005976,0.1842,0.7464,
0.8609,0.3856,0.005942,0.007774,0.008812,0.008183,0.006463,0.004776,0.01645,0.004911,0.005852,0.1842,0.7466,
0.8608,0.3839,0.005935,0.007775,0.008819,0.008169,0.006463,0.004797,0.01646,0.004886,0.005852,0.1842,0.7466,
0.8606,0.3796,0.00592,0.007778,0.008823,0.008161,0.006482,0.004806,0.01657,0.004867,0.005726,0.1842,0.7467,
0.8602,0.3919,0.005839,0.007775,0.00883,0.008156,0.006513,0.004796,0.01657,0.004928,0.005646,0.1842,0.7467,
0.8589,0.3847,0.005614,0.007752,0.008839,0.008156,0.006499,0.004787,0.01662,0.004879,0.005646,0.1842,0.747,
0.8601,0.3822,0.005653,0.007739,0.008851,0.008131,0.006484,0.004821,0.01659,0.004878,0.005979,0.1839,0.747,
0.8604,0.3877,0.005544,0.007727,0.008863,0.008188,0.00648,0.004851,0.0166,0.004976,0.006001,0.1837,0.7471,
0.8594,0.3896,0.005358,0.00772,0.008855,0.008209,0.006498,0.004847,0.01662,0.004942,0.006001,0.1837,0.7472,
0.8593,0.3852,0.005277,0.007715,0.008857,0.00828,0.006509,0.004836,0.01664,0.004913,0.006001,0.1837,0.7473,
0.8601,0.387,0.005258,0.007685,0.008863,0.008273,0.007276,0.004059,0.01665,0.004959,0.006227,0.1838,0.747,
0.8613,0.3811,0.005327,0.007678,0.008869,0.008255,0.007276,0.00407,0.01668,0.00504,0.006389,0.1835,0.7469,
0.8665,0.3891,0.005652,0.007667,0.008876,0.008238,0.007272,0.006415,0.01432,0.005058,0.006738,0.1832,0.7466,
0.8689,0.4316,0.005885,0.007664,0.008839,0.008229,0.007289,0.01139,0.009355,0.005104,0.006655,0.1832,0.7464,
0.869,0.4341,0.00562,0.007652,0.008839,0.008319,0.007306,0.01143,0.009272,0.005554,0.006192,0.184,0.7458,
0.8686,0.4339,0.005582,0.007659,0.008802,0.008336,0.007297,0.01142,0.009247,0.005536,0.006217,0.184,0.7459,
0.8703,0.4148,0.00571,0.007663,0.008809,0.008307,0.007327,0.01147,0.00923,0.005542,0.006493,0.1836,0.7458,
0.8701,0.4265,0.005697,0.00766,0.008814,0.008275,0.007256,0.01148,0.009256,0.005524,0.006452,0.1839,0.7456,
0.8698,0.4579,0.005691,0.007646,0.008825,0.00824,0.007233,0.01154,0.009207,0.006025,0.005937,0.184,0.7457,
0.8699,0.3936,0.00567,0.007588,0.008834,0.00824,0.007284,0.0122,0.008526,0.005991,0.006116,0.1838,0.7458,
0.8696,0.39,0.005652,0.007572,0.008853,0.008255,0.007246,0.01222,0.008551,0.006,0.006065,0.1838,0.7458,
0.8702,0.3997,0.005728,0.007568,0.008856,0.008182,0.00726,0.01224,0.008568,0.006066,0.006009,0.1839,0.7456,
0.8707,0.3741,0.005636,0.007562,0.00886,0.008165,0.007314,0.01223,0.008533,0.006046,0.006246,0.1839,0.7455,
0.8715,0.4009,0.005736,0.00756,0.008868,0.008165,0.007376,0.01219,0.008541,0.006227,0.006147,0.1838,0.7454,
0.8715,0.3731,0.005724,0.007566,0.008874,0.008165,0.007393,0.01217,0.008584,0.006214,0.006116,0.1838,0.7454,
0.8713,0.3774,0.005716,0.007561,0.008875,0.008165,0.007372,0.01219,0.008606,0.006228,0.006042,0.1838,0.7455,
0.8714,0.3609,0.005671,0.007554,0.008884,0.00819,0.009016,0.01049,0.008587,0.006262,0.005962,0.1839,0.7455,
0.8735,0.3506,0.005858,0.007546,0.008893,0.00819,0.009071,0.0105,0.008527,0.006297,0.006276,0.1836,0.7453,
0.8728,0.3468,0.005895,0.007523,0.008859,0.008201,0.008697,0.01044,0.008484,0.006391,0.006423,0.1838,0.7453,
0.8724,0.3702,0.00589,0.007507,0.008841,0.008164,0.008715,0.01044,0.008466,0.00643,0.006381,0.1838,0.7454,
0.8735,0.369,0.005902,0.007509,0.008841,0.008153,0.008714,0.0104,0.00846,0.006572,0.006626,0.1834,0.7455,
0.8737,0.3946,0.005898,0.007503,0.008804,0.008149,0.008738,0.01037,0.008457,0.006569,0.006623,0.1837,0.7452,
0.8738,0.3906,0.005957,0.0075,0.00877,0.008109,0.008834,0.01033,0.008403,0.006713,0.00652,0.1837,0.7452,
0.8719,0.355,0.005678,0.007479,0.008772,0.008109,0.008763,0.01034,0.008373,0.006745,0.006469,0.1837,0.7456,
0.8681,0.3446,0.0056,0.00747,0.008773,0.008166,0.007979,0.01032,0.008417,0.006727,0.006438,0.1837,0.7464,
0.8676,0.3505,0.0056,0.007466,0.008778,0.008166,0.007886,0.01034,0.008384,0.006727,0.006438,0.1837,0.7465,
0.8664,0.3501,0.005589,0.00747,0.008779,0.008142,0.007676,0.01035,0.008348,0.006727,0.006438,0.1837,0.7468,
0.8648,0.3528,0.005327,0.007458,0.008793,0.008138,0.00762,0.01041,0.008302,0.006788,0.006359,0.1837,0.7471,
0.8636,0.3798,0.005497,0.007454,0.008801,0.008166,0.007481,0.01374,0.004938,0.006824,0.006451,0.1837,0.7469,
0.8648,0.3798,0.005545,0.007448,0.008817,0.008166,0.007433,0.01381,0.004839,0.007062,0.006648,0.1833,0.747,
0.8634,0.3894,0.005273,0.007447,0.008824,0.008181,0.007483,0.01375,0.004802,0.007116,0.006592,0.1833,0.7473,
0.8628,0.3987,0.005271,0.007433,0.008836,0.008154,0.007475,0.01377,0.00479,0.00729,0.006314,0.1833,0.7473,
0.862,0.3699,0.00519,0.007424,0.008838,0.008088,0.008742,0.01225,0.004808,0.007311,0.00638,0.1832,0.7477,
0.8614,0.3619,0.005108,0.007424,0.008808,0.008105,0.008816,0.01217,0.004827,0.007336,0.006278,0.1833,0.7478,
0.8599,0.3719,0.004841,0.007421,0.008812,0.008098,0.008785,0.01218,0.004741,0.007548,0.00606,0.1837,0.7479,
0.8596,0.3745,0.004854,0.007409,0.008826,0.00811,0.009437,0.0114,0.004778,0.007683,0.005892,0.1837,0.748,
0.8609,0.3826,0.004993,0.007401,0.008836,0.00809,0.009392,0.01139,0.004777,0.007665,0.006182,0.1834,0.7479,
0.8607,0.4159,0.004946,0.0074,0.008845,0.008075,0.009476,0.01131,0.008819,0.003636,0.00641,0.1831,0.748,
0.8606,0.5049,0.005114,0.007397,0.008855,0.008042,0.01478,0.006025,0.008855,0.003633,0.006667,0.1828,0.7478,
0.8594,0.4667,0.005037,0.00739,0.008865,0.007982,0.01474,0.006021,0.008813,0.003658,0.006575,0.1829,0.7481,
0.8586,0.4621,0.005027,0.007388,0.008876,0.007953,0.01469,0.005951,0.008776,0.003658,0.006576,0.1829,0.7482,
0.8581,0.4722,0.004903,0.007376,0.008893,0.008036,0.01472,0.005867,0.008795,0.003723,0.006492,0.1829,0.7483,
0.8602,0.4543,0.004911,0.007374,0.008894,0.008016,0.01451,0.005835,0.008769,0.003752,0.007162,0.1828,0.7479,
0.8598,0.4015,0.004845,0.007358,0.008912,0.008067,0.01448,0.005783,0.008769,0.003783,0.007132,0.1828,0.748,
0.8609,0.3988,0.004875,0.007348,0.008887,0.008038,0.01448,0.005764,0.008769,0.004081,0.007192,0.1825,0.7481,
0.8617,0.3736,0.004977,0.007314,0.008867,0.008039,0.01452,0.005706,0.00874,0.004091,0.007094,0.1834,0.7473,
0.8611,0.3965,0.004963,0.007318,0.008873,0.008029,0.01473,0.009352,0.004916,0.004067,0.007094,0.1834,0.7473,
0.8623,0.4025,0.004945,0.007308,0.008878,0.008017,0.01473,0.009352,0.004916,0.004115,0.00745,0.183,0.7473,
0.8617,0.399,0.004888,0.007306,0.008883,0.007973,0.01477,0.009313,0.004912,0.004129,0.007418,0.183,0.7474,
0.8638,0.3809,0.00513,0.007306,0.008889,0.007976,0.01477,0.009309,0.004906,0.004129,0.007705,0.1827,0.7472,
0.8652,0.3868,0.005254,0.007289,0.008888,0.007963,0.01469,0.009352,0.004853,0.004126,0.007835,0.1832,0.7466,
0.8648,0.385,0.005249,0.007283,0.008896,0.00795,0.01466,0.009389,0.004796,0.004137,0.007799,0.1832,0.7467,
0.8644,0.3916,0.005247,0.007272,0.0089,0.007875,0.01471,0.009354,0.004784,0.004137,0.007799,0.1832,0.7467,
0.8635,0.3834,0.005243,0.007265,0.008907,0.007837,0.01457,0.009417,0.004754,0.004086,0.007798,0.1832,0.7469,
0.8634,0.3942,0.005183,0.007257,0.008915,0.007893,0.01464,0.009291,0.004792,0.004242,0.007598,0.1833,0.7469,
0.8643,0.3918,0.005311,0.007251,0.008926,0.007893,0.01451,0.009258,0.004792,0.004275,0.007843,0.183,0.7469,
0.8637,0.4256,0.005197,0.007245,0.008934,0.007954,0.0145,0.00923,0.004755,0.004443,0.007676,0.183,0.7471,
0.8617,0.4349,0.005156,0.007247,0.008935,0.007954,0.01436,0.01048,0.003471,0.004504,0.007588,0.183,0.7473,
0.8632,0.4426,0.005326,0.007232,0.00894,0.007938,0.01416,0.01046,0.003502,0.004596,0.007882,0.1828,0.7472,
0.8618,0.4365,0.005045,0.007236,0.008943,0.008096,0.014,0.01044,0.003502,0.004596,0.007882,0.1828,0.7475,
0.8617,0.3807,0.005282,0.00723,0.008945,0.008089,0.01362,0.01121,0.002691,0.004651,0.008295,0.1823,0.7477,
0.8631,0.3902,0.005435,0.007224,0.008939,0.008122,0.01356,0.01117,0.002688,0.004668,0.008242,0.1831,0.7469,
0.8628,0.3841,0.005426,0.007221,0.008947,0.008097,0.01359,0.01112,0.002688,0.004686,0.008223,0.1831,0.7469,
0.8614,0.3883,0.005217,0.007207,0.008952,0.008076,0.01366,0.01103,0.002714,0.00477,0.008064,0.1831,0.7472,
0.8626,0.3834,0.00529,0.007197,0.008963,0.008063,0.01373,0.01095,0.002695,0.004916,0.008215,0.1828,0.7472,
0.8618,0.3836,0.005157,0.00719,0.008969,0.008063,0.01372,0.01092,0.002696,0.004916,0.008215,0.1828,0.7474,
0.8642,0.3723,0.005342,0.007174,0.00897,0.008051,0.01364,0.01087,0.002694,0.004998,0.008552,0.183,0.7468,
0.8643,0.3418,0.005397,0.007166,0.008979,0.008038,0.01359,0.01082,0.002718,0.005007,0.00862,0.1829,0.7468,
0.8647,0.3419,0.005492,0.007146,0.008994,0.007987,0.01352,0.0108,0.002699,0.005025,0.008776,0.1828,0.7468,
0.8664,0.3381,0.005709,0.007092,0.008955,0.007975,0.01349,0.01071,0.002754,0.005123,0.009097,0.1823,0.7468,
0.8661,0.3439,0.005705,0.007078,0.008918,0.007944,0.01338,0.01065,0.002752,0.005302,0.008909,0.1828,0.7465,
0.8659,0.3467,0.005487,0.007068,0.00888,0.008002,0.01331,0.01062,0.002736,0.005488,0.00902,0.1828,0.7466,
0.8642,0.3435,0.005266,0.007053,0.008886,0.007983,0.01328,0.01056,0.002722,0.005534,0.008975,0.1828,0.747,
0.8633,0.3446,0.005259,0.007049,0.008892,0.007934,0.01314,0.01054,0.002701,0.005639,0.008869,0.1828,0.7472,
0.8625,0.3448,0.00521,0.007035,0.008891,0.00791,0.0131,0.01049,0.002689,0.005639,0.00887,0.1828,0.7473,
0.862,0.3494,0.005235,0.007019,0.008898,0.00789,0.01304,0.01042,0.002674,0.005837,0.008693,0.1829,0.7474,
0.8609,0.3494,0.005231,0.007019,0.008903,0.007861,0.01281,0.01041,0.002658,0.005907,0.008623,0.1829,0.7477,
0.8604,0.3476,0.005226,0.00702,0.008906,0.007847,0.01272,0.01039,0.002672,0.00602,0.008496,0.1829,0.7478,
0.8579,0.3587,0.005194,0.007005,0.008885,0.007798,0.01362,0.009126,0.002684,0.006039,0.008444,0.1828,0.7484,
0.857,0.3588,0.00519,0.006991,0.008883,0.007725,0.01356,0.009056,0.002682,0.006239,0.008244,0.1829,0.7486,
0.8556,0.3564,0.005066,0.006984,0.008872,0.00767,0.01352,0.008972,0.002681,0.006302,0.008179,0.1829,0.7489,
0.8543,0.3541,0.004925,0.006958,0.008877,0.007643,0.01351,0.00894,0.002658,0.006325,0.008151,0.1829,0.7491,
0.8541,0.3549,0.004925,0.006955,0.00888,0.007627,0.01347,0.00894,0.002658,0.006387,0.008089,0.1829,0.7492,
0.8541,0.3707,0.004821,0.006962,0.00888,0.007647,0.01341,0.00893,0.002622,0.006994,0.007726,0.1827,0.7494,
0.8533,0.3613,0.00471,0.006943,0.008887,0.007639,0.01334,0.008929,0.002601,0.007261,0.007455,0.1829,0.7494,
0.8525,0.3666,0.004736,0.00694,0.008883,0.007625,0.01292,0.008902,0.0026,0.007605,0.007405,0.1826,0.7498,
0.8523,0.3489,0.004701,0.006932,0.008886,0.007657,0.01281,0.008899,0.002624,0.00773,0.007251,0.1828,0.7497,
0.8514,0.3506,0.004495,0.006923,0.00889,0.007695,0.01281,0.00889,0.002624,0.007827,0.007155,0.1828,0.7499,
0.8491,0.3792,0.004244,0.00692,0.008834,0.007682,0.01269,0.008859,0.00262,0.008068,0.006905,0.1828,0.7504,
0.8495,0.3519,0.004102,0.00692,0.008833,0.007662,0.0127,0.008828,0.00262,0.008101,0.007288,0.1824,0.7505,
0.8516,0.3467,0.004156,0.006909,0.008836,0.007635,0.01267,0.008857,0.002573,0.008244,0.007547,0.1827,0.7499,
0.851,0.3757,0.004108,0.006893,0.008838,0.007629,0.0127,0.008821,0.002573,0.008546,0.007196,0.1827,0.75,
0.8505,0.3625,0.004105,0.006886,0.008848,0.007575,0.01277,0.008781,0.002552,0.008546,0.007145,0.1828,0.75,
0.8513,0.3523,0.004177,0.006884,0.008849,0.007556,0.01274,0.008777,0.002584,0.008508,0.007336,0.1826,0.75,
0.8502,0.346,0.004163,0.006878,0.008854,0.007528,0.01255,0.008774,0.002616,0.008641,0.007132,0.1826,0.7503,
0.8513,0.3352,0.004174,0.006862,0.008815,0.007611,0.0126,0.008722,0.002616,0.008741,0.007288,0.1825,0.7501,
0.8506,0.333,0.004167,0.00685,0.008814,0.007596,0.01247,0.008748,0.002581,0.008735,0.007251,0.1827,0.7501,
0.85,0.3344,0.004155,0.006834,0.008827,0.007596,0.01233,0.008768,0.002593,0.008749,0.007206,0.1827,0.7503,
0.849,0.3533,0.004079,0.00683,0.008832,0.007606,0.0122,0.008789,0.002585,0.008926,0.006996,0.1827,0.7505,
0.8485,0.3354,0.004077,0.006814,0.008835,0.007606,0.01212,0.008775,0.002585,0.00896,0.006962,0.1827,0.7506,
0.8485,0.34,0.004071,0.006788,0.008811,0.00766,0.01205,0.008739,0.00258,0.00904,0.007024,0.1825,0.7507,
0.8486,0.3604,0.004069,0.006785,0.008814,0.007659,0.01203,0.008723,0.002721,0.009025,0.006896,0.1827,0.7506,
0.849,0.346,0.004141,0.006776,0.008778,0.007659,0.01208,0.008687,0.002706,0.009122,0.006895,0.1826,0.7506,
0.8478,0.3545,0.004013,0.006755,0.008786,0.007631,0.012,0.008675,0.002759,0.009258,0.006687,0.1827,0.7508,
0.8475,0.3561,0.004013,0.006752,0.008789,0.007631,0.01199,0.008633,0.002759,0.009401,0.006545,0.1827,0.7508,
0.847,0.3573,0.003921,0.00675,0.008795,0.00764,0.01197,0.008628,0.002797,0.009559,0.006348,0.1827,0.7509,
0.845,0.3612,0.003764,0.006742,0.008807,0.00764,0.0117,0.008639,0.002851,0.009644,0.00619,0.1827,0.7514,
0.8444,0.3609,0.003746,0.006729,0.008825,0.007653,0.01159,0.008622,0.002877,0.009722,0.006086,0.1827,0.7515,
0.8448,0.3728,0.003876,0.006724,0.008835,0.007638,0.01152,0.008599,0.002878,0.009722,0.006127,0.1826,0.7515,
0.8471,0.3698,0.004074,0.006705,0.008797,0.007633,0.01139,0.008569,0.002897,0.009742,0.006562,0.1826,0.7511,
0.8472,0.362,0.004143,0.006682,0.008806,0.007619,0.01121,0.008503,0.002886,0.009761,0.00685,0.1823,0.7513,
0.846,0.3595,0.004138,0.006681,0.008812,0.007619,0.01091,0.008498,0.002928,0.009718,0.00685,0.1823,0.7516,
0.8438,0.3546,0.004068,0.006666,0.008823,0.007601,0.01081,0.009616,0.001827,0.009718,0.006809,0.1825,0.7515,
0.8443,0.3901,0.004064,0.006654,0.008837,0.007589,0.0134,0.007003,0.003087,0.008525,0.006722,0.1825,0.7516,
0.8446,0.3777,0.003996,0.006653,0.008844,0.007591,0.01334,0.006989,0.003105,0.008565,0.006966,0.1822,0.7517,
0.844,0.3786,0.003992,0.006643,0.008844,0.007502,0.01327,0.006968,0.003104,0.008859,0.006667,0.1825,0.7517,
0.8436,0.3656,0.004153,0.00663,0.008821,0.00749,0.01424,0.005828,0.003109,0.008978,0.006659,0.1825,0.7516,
0.8434,0.3658,0.004227,0.00663,0.008827,0.00749,0.01406,0.005828,0.003127,0.00896,0.006693,0.1824,0.7517,
0.8468,0.3594,0.004361,0.00663,0.008831,0.007495,0.01393,0.005943,0.003004,0.008946,0.007711,0.1814,0.7517,
